id,ref_id,url,account,user_uuid,position,cancel,instrument,instrument_id,cumulative_quantity,average_price,fees,state,derived_state,pending_cancel_open_agent,type,side,time_in_force,trigger,price,stop_price,quantity,reject_reason,created_at,updated_at,last_transaction_at,executions,extended_hours,market_hours,override_dtbp_checks,override_day_trade_checks,response_category,stop_triggered_at,last_trail_price,last_trail_price_updated_at,last_trail_price_source,dollar_based_amount,drip_dividend_id,total_notional,executed_notional,investment_schedule_id,is_ipo_access_order,ipo_access_cancellation_reason,ipo_access_lower_collared_price,ipo_access_upper_collared_price,ipo_access_upper_price,ipo_access_lower_price,is_ipo_access_price_finalized,is_visible_to_user,has_ipo_access_custom_price_limit,is_primary_account,order_form_version,preset_percent_limit,order_form_type,last_update_version,placed_agent,is_editable,replaces,user_cancel_request_state,tax_lot_selection_type,trailing_peg
67166311-d0c5-4d31-b07b-6f95c39cf0b5,17459510-6fdd-4d1c-a7e9-e9cfa14904ae,https://api.robinhood.com/orders/67166311-d0c5-4d31-b07b-6f95c39cf0b5/,https://api.robinhood.com/accounts/5SE25445/,fa785cc9-e75d-40e1-ad49-9dad4a009457,https://api.robinhood.com/positions/5SE25445/5efdb7b7-a519-4560-9ebc-8e23961027e7/,,https://api.robinhood.com/instruments/5efdb7b7-a519-4560-9ebc-8e23961027e7/,5efdb7b7-a519-4560-9ebc-8e23961027e7,10.00000000,7.51000000,0.00,filled,filled,,limit,buy,gfd,immediate,7.89000000,,10.00000000,,2024-10-21T14:20:01.415038Z,2024-10-21T14:20:01.787154Z,2024-10-21T14:20:01.599000Z,"[{'price': '7.51000000', 'quantity': '10.00000000', 'rounded_notional': '75.10000000', 'settlement_date': '2024-10-22', 'timestamp': '2024-10-21T14:20:01.599000Z', 'id': '67166311-88ce-47fe-8505-def3333e8452', 'ipo_access_execution_rank': None, 'trade_execution_date': '2024-10-21'}]",False,regular_hours,False,False,,,,,,,,"{'amount': '78.90', 'currency_code': 'USD', 'currency_id': '1072fc76-1862-41ab-82c2-485837590762'}","{'amount': '75.10', 'currency_code': 'USD', 'currency_id': '1072fc76-1862-41ab-82c2-485837590762'}",,False,,,,,,False,True,False,True,4,0.050000,all_day_trading_v1_2,2.0,user,False,,order_finalized,,
6712b780-c2bf-4b95-a5f6-a6f82789d826,a02f011a-4021-4f2e-a857-eb4730ca8586,https://api.robinhood.com/orders/6712b780-c2bf-4b95-a5f6-a6f82789d826/,https://api.robinhood.com/accounts/5SE25445/,fa785cc9-e75d-40e1-ad49-9dad4a009457,https://api.robinhood.com/positions/5SE25445/5efdb7b7-a519-4560-9ebc-8e23961027e7/,,https://api.robinhood.com/instruments/5efdb7b7-a519-4560-9ebc-8e23961027e7/,5efdb7b7-a519-4560-9ebc-8e23961027e7,1.00000000,7.49000000,0.00,filled,filled,,limit,buy,gfd,immediate,7.49000000,,1.00000000,,2024-10-18T19:31:12.788522Z,2024-10-18T19:31:13.149842Z,2024-10-18T19:31:12.991000Z,"[{'price': '7.49000000', 'quantity': '1.00000000', 'rounded_notional': '7.49000000', 'settlement_date': '2024-10-21', 'timestamp': '2024-10-18T19:31:12.991000Z', 'id': '6712b781-9405-409a-a22a-cc797feda38b', 'ipo_access_execution_rank': None, 'trade_execution_date': '2024-10-18'}]",False,regular_hours,False,False,,,,,,,,"{'amount': '7.49', 'currency_code': 'USD', 'currency_id': '1072fc76-1862-41ab-82c2-485837590762'}","{'amount': '7.49', 'currency_code': 'USD', 'currency_id': '1072fc76-1862-41ab-82c2-485837590762'}",,False,,,,,,False,True,False,True,4,,all_day_trading_v1_2,2.0,user,False,,order_finalized,,
6658a354-178e-4c5c-9d12-30e429d7fd38,C03DFFB9-3A2F-4184-8F69-40AA549A0C16,https://api.robinhood.com/orders/6658a354-178e-4c5c-9d12-30e429d7fd38/,https://api.robinhood.com/accounts/5SE25445/,fa785cc9-e75d-40e1-ad49-9dad4a009457,https://api.robinhood.com/positions/5SE25445/5efdb7b7-a519-4560-9ebc-8e23961027e7/,,https://api.robinhood.com/instruments/5efdb7b7-a519-4560-9ebc-8e23961027e7/,5efdb7b7-a519-4560-9ebc-8e23961027e7,100.00000000,5.69000000,0.04,filled,filled,,market,sell,gfd,immediate,5.69000000,,100.00000000,,2024-05-30T16:03:32.846025Z,2024-05-30T16:03:33.210845Z,2024-05-30T16:03:33.055000Z,"[{'price': '5.69000000', 'quantity': '100.00000000', 'rounded_notional': '569.00000000', 'settlement_date': '2024-05-31', 'timestamp': '2024-05-30T16:03:33.055000Z', 'id': '6658a355-788f-4487-a1e0-7dd51f9da73a', 'ipo_access_execution_rank': None, 'trade_execution_date': '2024-05-30'}]",False,regular_hours,False,False,,,,,,,,"{'amount': '569.00', 'currency_code': 'USD', 'currency_id': '1072fc76-1862-41ab-82c2-485837590762'}","{'amount': '569.00', 'currency_code': 'USD', 'currency_id': '1072fc76-1862-41ab-82c2-485837590762'}",,False,,,,,,False,True,False,True,4,,all_day_trading_v1_2,2.0,user,False,,order_finalized,,
665750d7-c33f-4580-b0f1-4c77108753be,dfb11ee7-7c2a-43e3-a0e3-d619bb1075ff,https://api.robinhood.com/orders/665750d7-c33f-4580-b0f1-4c77108753be/,https://api.robinhood.com/accounts/5SE25445/,fa785cc9-e75d-40e1-ad49-9dad4a009457,https://api.robinhood.com/positions/5SE25445/5efdb7b7-a519-4560-9ebc-8e23961027e7/,,https://api.robinhood.com/instruments/5efdb7b7-a519-4560-9ebc-8e23961027e7/,5efdb7b7-a519-4560-9ebc-8e23961027e7,97.00000000,5.65000000,0.00,filled,filled,,limit,buy,gfd,immediate,5.93000000,,97.00000000,,2024-05-29T15:59:19.615890Z,2024-05-29T15:59:20.040997Z,2024-05-29T15:59:19.803000Z,"[{'price': '5.65000000', 'quantity': '97.00000000', 'rounded_notional': '548.05000000', 'settlement_date': '2024-05-30', 'timestamp': '2024-05-29T15:59:19.803000Z', 'id': '665750d7-6826-4f1a-974c-b3e65050505a', 'ipo_access_execution_rank': None, 'trade_execution_date': '2024-05-29'}]",False,regular_hours,False,False,,,,,,,,"{'amount': '575.21', 'currency_code': 'USD', 'currency_id': '1072fc76-1862-41ab-82c2-485837590762'}","{'amount': '548.05', 'currency_code': 'USD', 'currency_id': '1072fc76-1862-41ab-82c2-485837590762'}",,False,,,,,,False,True,False,True,4,0.050000,all_day_trading_v1_2,2.0,user,False,,order_finalized,,
6643270f-0f8c-4782-ab62-e329b3b7d6f6,2F72ABE5-2FE2-47DD-A9D6-80A56C4E3F47,https://api.robinhood.com/orders/6643270f-0f8c-4782-ab62-e329b3b7d6f6/,https://api.robinhood.com/accounts/5SE25445/,fa785cc9-e75d-40e1-ad49-9dad4a009457,https://api.robinhood.com/positions/5SE25445/5efdb7b7-a519-4560-9ebc-8e23961027e7/,,https://api.robinhood.com/instruments/5efdb7b7-a519-4560-9ebc-8e23961027e7/,5efdb7b7-a519-4560-9ebc-8e23961027e7,1.00000000,5.24000000,0.00,filled,filled,,limit,buy,gfd,immediate,5.48000000,,1.00000000,,2024-05-14T08:55:43.419038Z,2024-05-14T13:30:00.236971Z,2024-05-14T13:30:00.010000Z,"[{'price': '5.24000000', 'quantity': '1.00000000', 'rounded_notional': '5.24000000', 'settlement_date': '2024-05-16', 'timestamp': '2024-05-14T13:30:00.010000Z', 'id': '66436758-ca62-48f3-a262-74b1aa4a3b07', 'ipo_access_execution_rank': None, 'trade_execution_date': '2024-05-14'}]",False,regular_hours,False,False,,,,,,,,"{'amount': '5.48', 'currency_code': 'USD', 'currency_id': '1072fc76-1862-41ab-82c2-485837590762'}","{'amount': '5.24', 'currency_code': 'USD', 'currency_id': '1072fc76-1862-41ab-82c2-485837590762'}",,False,,,,,,False,True,False,True,4,0.050000,all_day_trading_v1_2,2.0,user,False,,order_finalized,,
66423c92-2de6-45e4-b400-cc45e99d2c45,9CBF8B43-CBA8-4F9E-9ED4-C2387D05EB9D,https://api.robinhood.com/orders/66423c92-2de6-45e4-b400-cc45e99d2c45/,https://api.robinhood.com/accounts/5SE25445/,fa785cc9-e75d-40e1-ad49-9dad4a009457,https://api.robinhood.com/positions/5SE25445/5efdb7b7-a519-4560-9ebc-8e23961027e7/,,https://api.robinhood.com/instruments/5efdb7b7-a519-4560-9ebc-8e23961027e7/,5efdb7b7-a519-4560-9ebc-8e23961027e7,2.00000000,5.24000000,0.00,filled,filled,,limit,buy,gfd,immediate,5.49000000,,2.00000000,,2024-05-13T16:15:14.011123Z,2024-05-13T16:15:14.727072Z,2024-05-13T16:15:14.217000Z,"[{'price': '5.24000000', 'quantity': '2.00000000', 'rounded_notional': '10.48000000', 'settlement_date': '2024-05-15', 'timestamp': '2024-05-13T16:15:14.217000Z', 'id': '66423c92-b322-4bb4-a8bb-7a36063dbc78', 'ipo_access_execution_rank': None, 'trade_execution_date': '2024-05-13'}]",False,regular_hours,False,False,,,,,,,,"{'amount': '10.98', 'currency_code': 'USD', 'currency_id': '1072fc76-1862-41ab-82c2-485837590762'}","{'amount': '10.48', 'currency_code': 'USD', 'currency_id': '1072fc76-1862-41ab-82c2-485837590762'}",,False,,,,,,False,True,False,True,4,0.050000,all_day_trading_v1_2,2.0,user,False,,order_finalized,,
66169570-43ce-4a9c-8120-80b52adfba01,9F2EAA5D-0382-4F62-8C99-EFA6F5F9DFDC,https://api.robinhood.com/orders/66169570-43ce-4a9c-8120-80b52adfba01/,https://api.robinhood.com/accounts/5SE25445/,fa785cc9-e75d-40e1-ad49-9dad4a009457,https://api.robinhood.com/positions/5SE25445/e39ed23a-7bd1-4587-b060-71988d9ef483/,,https://api.robinhood.com/instruments/e39ed23a-7bd1-4587-b060-71988d9ef483/,e39ed23a-7bd1-4587-b060-71988d9ef483,6.75748800,174.35470000,0.01,filled,filled,,market,sell,gfd,immediate,174.35500000,,6.75748800,,2024-04-10T13:34:40.469402Z,2024-04-10T13:34:42.044720Z,2024-04-10T13:34:41.733671Z,"[{'price': '174.35500000', 'quantity': '6.75748800', 'rounded_notional': '1178.20000000', 'settlement_date': '2024-04-12', 'timestamp': '2024-04-10T13:34:41.733699Z', 'id': '66169571-0f99-4191-ac1a-3ee811266f72', 'ipo_access_execution_rank': None, 'trade_execution_date': '2024-04-10'}]",False,regular_hours,False,False,,,,,,,,"{'amount': '1178.20', 'currency_code': 'USD', 'currency_id': '1072fc76-1862-41ab-82c2-485837590762'}","{'amount': '1178.20', 'currency_code': 'USD', 'currency_id': '1072fc76-1862-41ab-82c2-485837590762'}",,False,,,,,,False,True,False,True,4,,all_day_trading_v1_2,2.0,user,False,,order_finalized,,
6615554b-1dc2-4dfa-9b0f-38ca75df5431,321AC173-27F2-4C88-B173-26810635F16C,https://api.robinhood.com/orders/6615554b-1dc2-4dfa-9b0f-38ca75df5431/,https://api.robinhood.com/accounts/5SE25445/,fa785cc9-e75d-40e1-ad49-9dad4a009457,https://api.robinhood.com/positions/5SE25445/e39ed23a-7bd1-4587-b060-71988d9ef483/,,https://api.robinhood.com/instruments/e39ed23a-7bd1-4587-b060-71988d9ef483/,e39ed23a-7bd1-4587-b060-71988d9ef483,6.75748800,176.79940000,0.00,filled,filled,,market,buy,gfd,immediate,176.80000000,,6.75748800,,2024-04-09T14:48:43.634832Z,2024-04-09T14:48:44.863554Z,2024-04-09T14:48:44.541536Z,"[{'price': '176.79940000', 'quantity': '6.75748800', 'rounded_notional': '1194.72000000', 'settlement_date': '2024-04-11', 'timestamp': '2024-04-09T14:48:44.541561Z', 'id': '6615554c-8ed8-4f88-ba47-1f2e753b3991', 'ipo_access_execution_rank': None, 'trade_execution_date': '2024-04-09'}]",False,regular_hours,False,False,,,,,,"{'amount': '1194.72000000', 'currency_code': 'USD', 'currency_id': '1072fc76-1862-41ab-82c2-485837590762'}",,"{'amount': '1194.72', 'currency_code': 'USD', 'currency_id': '1072fc76-1862-41ab-82c2-485837590762'}","{'amount': '1194.72', 'currency_code': 'USD', 'currency_id': '1072fc76-1862-41ab-82c2-485837590762'}",,False,,,,,,False,True,False,True,4,,all_day_trading_v1_2,2.0,user,False,,order_finalized,,
66153ef8-4937-4f1f-9e3f-92a6f909ea23,38ACA078-A53C-443D-BE39-49A72073BA1F,https://api.robinhood.com/orders/66153ef8-4937-4f1f-9e3f-92a6f909ea23/,https://api.robinhood.com/accounts/5SE25445/,fa785cc9-e75d-40e1-ad49-9dad4a009457,https://api.robinhood.com/positions/5SE25445/e39ed23a-7bd1-4587-b060-71988d9ef483/,,https://api.robinhood.com/instruments/e39ed23a-7bd1-4587-b060-71988d9ef483/,e39ed23a-7bd1-4587-b060-71988d9ef483,12.68721300,173.84980000,0.02,filled,filled,,limit,sell,gfd,immediate,165.16000000,,12.68721300,,2024-04-09T13:13:28.470663Z,2024-04-09T13:13:30.168073Z,2024-04-09T13:13:29.844840Z,"[{'price': '173.85000000', 'quantity': '12.68721300', 'rounded_notional': '2205.67000000', 'settlement_date': '2024-04-11', 'timestamp': '2024-04-09T13:13:29.844892Z', 'id': '66153ef9-cdd2-4d1d-9beb-ef3ddab0b291', 'ipo_access_execution_rank': None, 'trade_execution_date': '2024-04-09'}]",True,extended_hours,False,False,,,,,,,,"{'amount': '2095.42', 'currency_code': 'USD', 'currency_id': '1072fc76-1862-41ab-82c2-485837590762'}","{'amount': '2205.67', 'currency_code': 'USD', 'currency_id': '1072fc76-1862-41ab-82c2-485837590762'}",,False,,,,,,False,True,False,True,4,0.050000,all_day_trading_v1_2,2.0,user,False,,order_finalized,,
66144d4a-3471-486a-9cb3-bde066eadae7,0C54963B-9FEF-4077-B972-8D977BF0F6F8,https://api.robinhood.com/orders/66144d4a-3471-486a-9cb3-bde066eadae7/,https://api.robinhood.com/accounts/5SE25445/,fa785cc9-e75d-40e1-ad49-9dad4a009457,https://api.robinhood.com/positions/5SE25445/e39ed23a-7bd1-4587-b060-71988d9ef483/,,https://api.robinhood.com/instruments/e39ed23a-7bd1-4587-b060-71988d9ef483/,e39ed23a-7bd1-4587-b060-71988d9ef483,1.08005400,173.09320000,0.00,filled,filled,,limit,buy,gfd,immediate,181.74000000,,1.08005400,,2024-04-08T20:02:18.236737Z,2024-04-08T20:02:19.513383Z,2024-04-08T20:02:19.174548Z,"[{'price': '173.07500000', 'quantity': '0.08016700', 'rounded_notional': '13.87000000', 'settlement_date': '2024-04-10', 'timestamp': '2024-04-08T20:02:18.447698Z', 'id': '66144d4a-7832-49a1-b194-1c06a17c8b07', 'ipo_access_execution_rank': None, 'trade_execution_date': '2024-04-08'}, {'price': '173.09940000', 'quantity': '0.99988700', 'rounded_notional': '173.08000000', 'settlement_date': '2024-04-10', 'timestamp': '2024-04-08T20:02:19.174603Z', 'id': '66144d4b-1ef8-4142-a8fc-8dfca083006b', 'ipo_access_execution_rank': None, 'trade_execution_date': '2024-04-08'}]",True,extended_hours,False,False,,,,,,"{'amount': '186.95000000', 'currency_code': 'USD', 'currency_id': '1072fc76-1862-41ab-82c2-485837590762'}",,"{'amount': '186.95', 'currency_code': 'USD', 'currency_id': '1072fc76-1862-41ab-82c2-485837590762'}","{'amount': '186.95', 'currency_code': 'USD', 'currency_id': '1072fc76-1862-41ab-82c2-485837590762'}",,False,,,,,,False,True,False,True,4,0.050000,all_day_trading_v1_2,2.0,user,False,,order_finalized,,
6614489b-fe4d-464b-a596-24ea6e9b2899,1ED74CD6-3EAD-4A45-8D72-EA4097F9E1A5,https://api.robinhood.com/orders/6614489b-fe4d-464b-a596-24ea6e9b2899/,https://api.robinhood.com/accounts/5SE25445/,fa785cc9-e75d-40e1-ad49-9dad4a009457,https://api.robinhood.com/positions/5SE25445/e39ed23a-7bd1-4587-b060-71988d9ef483/,,https://api.robinhood.com/instruments/e39ed23a-7bd1-4587-b060-71988d9ef483/,e39ed23a-7bd1-4587-b060-71988d9ef483,11.57816700,172.73890000,0.00,filled,filled,,market,buy,gfd,immediate,172.72000000,,11.57816700,,2024-04-08T19:42:19.519038Z,2024-04-08T19:42:20.693200Z,2024-04-08T19:42:20.353395Z,"[{'price': '172.73890000', 'quantity': '11.57816700', 'rounded_notional': '2000.00000000', 'settlement_date': '2024-04-10', 'timestamp': '2024-04-08T19:42:20.353421Z', 'id': '6614489c-f2eb-4183-be62-5bded067ac26', 'ipo_access_execution_rank': None, 'trade_execution_date': '2024-04-08'}]",False,regular_hours,False,False,,,,,,"{'amount': '2000.00000000', 'currency_code': 'USD', 'currency_id': '1072fc76-1862-41ab-82c2-485837590762'}",,"{'amount': '2000.00', 'currency_code': 'USD', 'currency_id': '1072fc76-1862-41ab-82c2-485837590762'}","{'amount': '2000.00', 'currency_code': 'USD', 'currency_id': '1072fc76-1862-41ab-82c2-485837590762'}",,False,,,,,,False,True,False,True,4,,all_day_trading_v1_2,2.0,user,False,,order_finalized,,
660ffdd7-4147-4f5f-8dd1-80abc8610903,51729EAE-51D7-4C91-B03F-018FDD90F42B,https://api.robinhood.com/orders/660ffdd7-4147-4f5f-8dd1-80abc8610903/,https://api.robinhood.com/accounts/5SE25445/,fa785cc9-e75d-40e1-ad49-9dad4a009457,https://api.robinhood.com/positions/5SE25445/e39ed23a-7bd1-4587-b060-71988d9ef483/,,https://api.robinhood.com/instruments/e39ed23a-7bd1-4587-b060-71988d9ef483/,e39ed23a-7bd1-4587-b060-71988d9ef483,6.00000000,169.21000000,0.01,filled,filled,,market,sell,gfd,immediate,169.21000000,,6.00000000,,2024-04-05T13:34:15.327266Z,2024-04-05T13:34:16.605915Z,2024-04-05T13:34:16.015000Z,"[{'price': '169.21000000', 'quantity': '6.00000000', 'rounded_notional': '1015.26000000', 'settlement_date': '2024-04-09', 'timestamp': '2024-04-05T13:34:16.015000Z', 'id': '660ffdd8-c792-4859-b1ce-71440205928b', 'ipo_access_execution_rank': None, 'trade_execution_date': '2024-04-05'}]",False,regular_hours,False,False,,,,,,,,"{'amount': '1015.26', 'currency_code': 'USD', 'currency_id': '1072fc76-1862-41ab-82c2-485837590762'}","{'amount': '1015.26', 'currency_code': 'USD', 'currency_id': '1072fc76-1862-41ab-82c2-485837590762'}",,False,,,,,,False,True,False,True,4,,all_day_trading_v1_2,2.0,user,False,,order_finalized,,
660efb86-a7f5-48e9-95f9-2dd7f1ffbbab,FBD67BE4-475D-4BC7-843B-8A61B36D338B,https://api.robinhood.com/orders/660efb86-a7f5-48e9-95f9-2dd7f1ffbbab/,https://api.robinhood.com/accounts/5SE25445/,fa785cc9-e75d-40e1-ad49-9dad4a009457,https://api.robinhood.com/positions/5SE25445/e39ed23a-7bd1-4587-b060-71988d9ef483/,,https://api.robinhood.com/instruments/e39ed23a-7bd1-4587-b060-71988d9ef483/,e39ed23a-7bd1-4587-b060-71988d9ef483,6.00000000,171.31000000,0.00,filled,filled,,limit,buy,gfd,immediate,171.35000000,,6.00000000,,2024-04-04T19:12:06.910180Z,2024-04-04T19:12:08.240281Z,2024-04-04T19:12:07.238000Z,"[{'price': '171.31000000', 'quantity': '6.00000000', 'rounded_notional': '1027.86000000', 'settlement_date': '2024-04-08', 'timestamp': '2024-04-04T19:12:07.238000Z', 'id': '660efb87-af68-4d61-bfa8-bd09042a314b', 'ipo_access_execution_rank': None, 'trade_execution_date': '2024-04-04'}]",False,regular_hours,False,False,,,,,,,,"{'amount': '1028.10', 'currency_code': 'USD', 'currency_id': '1072fc76-1862-41ab-82c2-485837590762'}","{'amount': '1027.86', 'currency_code': 'USD', 'currency_id': '1072fc76-1862-41ab-82c2-485837590762'}",,False,,,,,,False,True,False,True,4,,all_day_trading_v1_2,2.0,user,False,,order_finalized,,
65d4cc50-73c7-4a47-88e3-93acbbf80128,DA84B20F-8BA1-4D62-BF20-50F7E509A959,https://api.robinhood.com/orders/65d4cc50-73c7-4a47-88e3-93acbbf80128/,https://api.robinhood.com/accounts/5SE25445/,fa785cc9-e75d-40e1-ad49-9dad4a009457,https://api.robinhood.com/positions/5SE25445/1ca933b1-ec38-45f3-b815-7d2189103133/,,https://api.robinhood.com/instruments/1ca933b1-ec38-45f3-b815-7d2189103133/,1ca933b1-ec38-45f3-b815-7d2189103133,13.00000000,1.83460000,0.00,filled,filled,,market,sell,gfd,immediate,1.83430000,,13.00000000,,2024-02-20T15:59:12.560128Z,2024-02-20T15:59:13.559216Z,2024-02-20T15:59:13.078000Z,"[{'price': '1.83430000', 'quantity': '13.00000000', 'rounded_notional': '23.85000000', 'settlement_date': '2024-02-22', 'timestamp': '2024-02-20T15:59:13.078000Z', 'id': '65d4cc51-2210-4430-adae-ce4175f5cd5e', 'ipo_access_execution_rank': None, 'trade_execution_date': '2024-02-20'}]",False,regular_hours,False,False,,,,,,,,"{'amount': '23.84', 'currency_code': 'USD', 'currency_id': '1072fc76-1862-41ab-82c2-485837590762'}","{'amount': '23.85', 'currency_code': 'USD', 'currency_id': '1072fc76-1862-41ab-82c2-485837590762'}",,False,,,,,,False,True,False,True,4,,all_day_trading_v1_2,2.0,user,False,,order_finalized,,
65bbadc3-2701-4a6b-83a6-c8f8308d371b,DAB8E24F-0E59-4C7A-A74E-08A1817B72A2,https://api.robinhood.com/orders/65bbadc3-2701-4a6b-83a6-c8f8308d371b/,https://api.robinhood.com/accounts/5SE25445/,fa785cc9-e75d-40e1-ad49-9dad4a009457,https://api.robinhood.com/positions/5SE25445/1ca933b1-ec38-45f3-b815-7d2189103133/,,https://api.robinhood.com/instruments/1ca933b1-ec38-45f3-b815-7d2189103133/,1ca933b1-ec38-45f3-b815-7d2189103133,1.00000000,1.92000000,0.00,filled,filled,,market,sell,gfd,immediate,1.92170000,,1.00000000,,2024-02-01T14:42:11.272436Z,2024-02-01T14:42:12.381511Z,2024-02-01T14:42:11.870000Z,"[{'price': '1.92170000', 'quantity': '1.00000000', 'rounded_notional': '1.92000000', 'settlement_date': '2024-02-05', 'timestamp': '2024-02-01T14:42:11.870000Z', 'id': '65bbadc3-620d-420a-8e1a-3f11d5795a3c', 'ipo_access_execution_rank': None, 'trade_execution_date': '2024-02-01'}]",False,regular_hours,False,False,,,,,,,,"{'amount': '1.92', 'currency_code': 'USD', 'currency_id': '1072fc76-1862-41ab-82c2-485837590762'}","{'amount': '1.92', 'currency_code': 'USD', 'currency_id': '1072fc76-1862-41ab-82c2-485837590762'}",,False,,,,,,False,True,False,True,4,,all_day_trading_v1_2,2.0,user,False,,order_finalized,,
65bbad91-a249-459e-ba38-5a33f01fb15c,CB589151-2CE1-4B73-9F4F-C3143A9276C1,https://api.robinhood.com/orders/65bbad91-a249-459e-ba38-5a33f01fb15c/,https://api.robinhood.com/accounts/5SE25445/,fa785cc9-e75d-40e1-ad49-9dad4a009457,https://api.robinhood.com/positions/5SE25445/1ca933b1-ec38-45f3-b815-7d2189103133/,,https://api.robinhood.com/instruments/1ca933b1-ec38-45f3-b815-7d2189103133/,1ca933b1-ec38-45f3-b815-7d2189103133,1.00000000,1.90000000,0.00,filled,filled,,market,sell,gfd,immediate,1.90030000,,1.00000000,,2024-02-01T14:41:21.717397Z,2024-02-01T14:41:22.632899Z,2024-02-01T14:41:22.183000Z,"[{'price': '1.90030000', 'quantity': '1.00000000', 'rounded_notional': '1.90000000', 'settlement_date': '2024-02-05', 'timestamp': '2024-02-01T14:41:22.183000Z', 'id': '65bbad92-6c53-46bc-bcf8-1560a437d5f9', 'ipo_access_execution_rank': None, 'trade_execution_date': '2024-02-01'}]",False,regular_hours,False,False,,,,,,,,"{'amount': '1.90', 'currency_code': 'USD', 'currency_id': '1072fc76-1862-41ab-82c2-485837590762'}","{'amount': '1.90', 'currency_code': 'USD', 'currency_id': '1072fc76-1862-41ab-82c2-485837590762'}",,False,,,,,,False,True,False,True,4,,all_day_trading_v1_2,2.0,user,False,,order_finalized,,
65a95666-778d-4e6c-bf35-d58cd823fcc8,C80B1CDF-62D1-4124-8CE5-095413561042,https://api.robinhood.com/orders/65a95666-778d-4e6c-bf35-d58cd823fcc8/,https://api.robinhood.com/accounts/5SE25445/,fa785cc9-e75d-40e1-ad49-9dad4a009457,https://api.robinhood.com/positions/5SE25445/1ca933b1-ec38-45f3-b815-7d2189103133/,,https://api.robinhood.com/instruments/1ca933b1-ec38-45f3-b815-7d2189103133/,1ca933b1-ec38-45f3-b815-7d2189103133,15.00000000,2.00000000,0.00,filled,filled,,limit,buy,gfd,immediate,2.10000000,,15.00000000,,2024-01-18T16:48:38.936271Z,2024-01-18T16:48:39.708473Z,2024-01-18T16:48:39.212000Z,"[{'price': '2.00000000', 'quantity': '15.00000000', 'rounded_notional': '30.00000000', 'settlement_date': '2024-01-22', 'timestamp': '2024-01-18T16:48:39.212000Z', 'id': '65a95667-f8e9-4072-9c12-5bd189eb6ef2', 'ipo_access_execution_rank': None, 'trade_execution_date': '2024-01-18'}]",False,regular_hours,False,False,,,,,,,,"{'amount': '31.50', 'currency_code': 'USD', 'currency_id': '1072fc76-1862-41ab-82c2-485837590762'}","{'amount': '30.00', 'currency_code': 'USD', 'currency_id': '1072fc76-1862-41ab-82c2-485837590762'}",,False,,,,,,False,True,False,True,4,0.050000,all_day_trading_v1_2,2.0,user,False,,order_finalized,,
6581abd3-778a-4e3d-aba4-3848f562685e,DF1592EC-568A-4705-A815-6226C5274637,https://api.robinhood.com/orders/6581abd3-778a-4e3d-aba4-3848f562685e/,https://api.robinhood.com/accounts/5SE25445/,fa785cc9-e75d-40e1-ad49-9dad4a009457,https://api.robinhood.com/positions/5SE25445/e39ed23a-7bd1-4587-b060-71988d9ef483/,,https://api.robinhood.com/instruments/e39ed23a-7bd1-4587-b060-71988d9ef483/,e39ed23a-7bd1-4587-b060-71988d9ef483,37.34911400,254.46120000,0.08,filled,filled,,market,sell,gfd,immediate,254.46000000,,37.34911400,,2023-12-19T14:42:27.421867Z,2023-12-19T14:42:29.240079Z,2023-12-19T14:42:28.886998Z,"[{'price': '254.58500000', 'quantity': '0.34911400', 'rounded_notional': '88.88000000', 'settlement_date': '2023-12-21', 'timestamp': '2023-12-19T14:42:28.058556Z', 'id': '6581abd4-d10e-4048-b823-bf95eb6a575b', 'ipo_access_execution_rank': None, 'trade_execution_date': '2023-12-19'}, {'price': '254.46000000', 'quantity': '37.00000000', 'rounded_notional': '9415.02000000', 'settlement_date': '2023-12-21', 'timestamp': '2023-12-19T14:42:28.887048Z', 'id': '6581abd4-8afb-4a9a-a3ba-f28d0de9c603', 'ipo_access_execution_rank': None, 'trade_execution_date': '2023-12-19'}]",False,regular_hours,False,False,,,,,,,,"{'amount': '9503.85', 'currency_code': 'USD', 'currency_id': '1072fc76-1862-41ab-82c2-485837590762'}","{'amount': '9503.90', 'currency_code': 'USD', 'currency_id': '1072fc76-1862-41ab-82c2-485837590762'}",,False,,,,,,False,True,False,True,4,,all_day_trading_v1_2,2.0,user,False,,order_finalized,,
65807da5-eade-47b0-9f18-18c6b5789ebf,102E8ACA-F99C-4EEC-84D7-5EDFC49A2A32,https://api.robinhood.com/orders/65807da5-eade-47b0-9f18-18c6b5789ebf/,https://api.robinhood.com/accounts/5SE25445/,fa785cc9-e75d-40e1-ad49-9dad4a009457,https://api.robinhood.com/positions/5SE25445/e39ed23a-7bd1-4587-b060-71988d9ef483/,,https://api.robinhood.com/instruments/e39ed23a-7bd1-4587-b060-71988d9ef483/,e39ed23a-7bd1-4587-b060-71988d9ef483,37.00000000,253.78300000,0.00,filled,filled,,limit,buy,gfd,immediate,254.05000000,,37.00000000,,2023-12-18T17:13:09.052819Z,2023-12-18T17:13:09.848925Z,2023-12-18T17:13:09.376000Z,"[{'price': '253.78300000', 'quantity': '37.00000000', 'rounded_notional': '9389.97000000', 'settlement_date': '2023-12-20', 'timestamp': '2023-12-18T17:13:09.376000Z', 'id': '65807da5-8cf2-4486-8054-708cd1463051', 'ipo_access_execution_rank': None, 'trade_execution_date': '2023-12-18'}]",False,regular_hours,False,False,,,,,,,,"{'amount': '9399.85', 'currency_code': 'USD', 'currency_id': '1072fc76-1862-41ab-82c2-485837590762'}","{'amount': '9389.97', 'currency_code': 'USD', 'currency_id': '1072fc76-1862-41ab-82c2-485837590762'}",,False,,,,,,False,True,False,True,4,,all_day_trading_v1_2,2.0,user,False,,order_finalized,,
65806f7e-f4ca-4e2d-b25f-e3780a371a63,3CD931A4-5A66-4FC4-872A-BA793CF2AA18,https://api.robinhood.com/orders/65806f7e-f4ca-4e2d-b25f-e3780a371a63/,https://api.robinhood.com/accounts/5SE25445/,fa785cc9-e75d-40e1-ad49-9dad4a009457,https://api.robinhood.com/positions/5SE25445/f3acdd2f-6580-4c75-a69c-81481cc4c235/,,https://api.robinhood.com/instruments/f3acdd2f-6580-4c75-a69c-81481cc4c235/,f3acdd2f-6580-4c75-a69c-81481cc4c235,127.18204200,73.96000000,0.10,filled,filled,,market,sell,gfd,immediate,73.96000000,,127.18204200,,2023-12-18T16:12:46.430948Z,2023-12-18T16:12:48.167376Z,2023-12-18T16:12:47.678980Z,"[{'price': '73.95500000', 'quantity': '0.18204200', 'rounded_notional': '13.46000000', 'settlement_date': '2023-12-20', 'timestamp': '2023-12-18T16:12:46.994107Z', 'id': '65806f7e-3317-44f4-aa24-cb977716b4e2', 'ipo_access_execution_rank': None, 'trade_execution_date': '2023-12-18'}, {'price': '73.96000000', 'quantity': '127.00000000', 'rounded_notional': '9392.92000000', 'settlement_date': '2023-12-20', 'timestamp': '2023-12-18T16:12:47.679035Z', 'id': '65806f7f-3800-4268-bc7b-2937870a2e1e', 'ipo_access_execution_rank': None, 'trade_execution_date': '2023-12-18'}]",False,regular_hours,False,False,,,,,,,,"{'amount': '9406.38', 'currency_code': 'USD', 'currency_id': '1072fc76-1862-41ab-82c2-485837590762'}","{'amount': '9406.38', 'currency_code': 'USD', 'currency_id': '1072fc76-1862-41ab-82c2-485837590762'}",,False,,,,,,False,True,False,True,4,,all_day_trading_v1_2,2.0,user,False,,order_finalized,,
65806dcc-64ea-4b35-8ad2-51b176664524,D056A6D0-F23E-4927-802F-5C6D2BDFF16A,https://api.robinhood.com/orders/65806dcc-64ea-4b35-8ad2-51b176664524/,https://api.robinhood.com/accounts/5SE25445/,fa785cc9-e75d-40e1-ad49-9dad4a009457,https://api.robinhood.com/positions/5SE25445/f3acdd2f-6580-4c75-a69c-81481cc4c235/,,https://api.robinhood.com/instruments/f3acdd2f-6580-4c75-a69c-81481cc4c235/,f3acdd2f-6580-4c75-a69c-81481cc4c235,122.38237600,73.54000000,0.00,filled,filled,,market,buy,gfd,immediate,73.57000000,,122.38237600,,2023-12-18T16:05:32.046404Z,2023-12-18T16:05:33.336291Z,2023-12-18T16:05:33.048619Z,"[{'price': '73.54000000', 'quantity': '0.38237600', 'rounded_notional': '28.12000000', 'settlement_date': '2023-12-20', 'timestamp': '2023-12-18T16:05:32.288113Z', 'id': '65806dcc-0899-4df3-a194-5e66bf2cab0a', 'ipo_access_execution_rank': None, 'trade_execution_date': '2023-12-18'}, {'price': '73.54000000', 'quantity': '122.00000000', 'rounded_notional': '8971.88000000', 'settlement_date': '2023-12-20', 'timestamp': '2023-12-18T16:05:33.048645Z', 'id': '65806dcd-9f40-44f4-b5f5-3c5419a8d0aa', 'ipo_access_execution_rank': None, 'trade_execution_date': '2023-12-18'}]",False,regular_hours,False,False,,,,,,"{'amount': '9000.00000000', 'currency_code': 'USD', 'currency_id': '1072fc76-1862-41ab-82c2-485837590762'}",,"{'amount': '9000.00', 'currency_code': 'USD', 'currency_id': '1072fc76-1862-41ab-82c2-485837590762'}","{'amount': '9000.00', 'currency_code': 'USD', 'currency_id': '1072fc76-1862-41ab-82c2-485837590762'}",,False,,,,,,False,True,False,True,4,,all_day_trading_v1_2,2.0,user,False,,order_finalized,,
65806620-d9c1-4a85-884d-68019cbffa5d,E4090C98-2EDE-4932-9503-3E92031DF98C,https://api.robinhood.com/orders/65806620-d9c1-4a85-884d-68019cbffa5d/,https://api.robinhood.com/accounts/5SE25445/,fa785cc9-e75d-40e1-ad49-9dad4a009457,https://api.robinhood.com/positions/5SE25445/f3acdd2f-6580-4c75-a69c-81481cc4c235/,,https://api.robinhood.com/instruments/f3acdd2f-6580-4c75-a69c-81481cc4c235/,f3acdd2f-6580-4c75-a69c-81481cc4c235,4.69179600,73.75000000,0.00,filled,filled,,market,buy,gfd,immediate,73.72000000,,4.69179600,,2023-12-18T15:32:48.418833Z,2023-12-18T15:32:49.904624Z,2023-12-18T15:32:49.614703Z,"[{'price': '73.75000000', 'quantity': '4.69179600', 'rounded_notional': '346.02000000', 'settlement_date': '2023-12-20', 'timestamp': '2023-12-18T15:32:49.614728Z', 'id': '65806621-9fa5-497d-a921-0b8fb77fe557', 'ipo_access_execution_rank': None, 'trade_execution_date': '2023-12-18'}]",False,regular_hours,False,False,,,,,,"{'amount': '346.02000000', 'currency_code': 'USD', 'currency_id': '1072fc76-1862-41ab-82c2-485837590762'}",,"{'amount': '346.02', 'currency_code': 'USD', 'currency_id': '1072fc76-1862-41ab-82c2-485837590762'}","{'amount': '346.02', 'currency_code': 'USD', 'currency_id': '1072fc76-1862-41ab-82c2-485837590762'}",,False,,,,,,False,True,False,True,4,,all_day_trading_v1_2,2.0,user,False,,order_finalized,,
657fcbc6-cbe7-446f-b7a7-1a2536b7c00b,4C365F73-0CF7-4A78-9058-37C82E1F2D1A,https://api.robinhood.com/orders/657fcbc6-cbe7-446f-b7a7-1a2536b7c00b/,https://api.robinhood.com/accounts/5SE25445/,fa785cc9-e75d-40e1-ad49-9dad4a009457,https://api.robinhood.com/positions/5SE25445/f3acdd2f-6580-4c75-a69c-81481cc4c235/,,https://api.robinhood.com/instruments/f3acdd2f-6580-4c75-a69c-81481cc4c235/,f3acdd2f-6580-4c75-a69c-81481cc4c235,107.00000000,74.65000000,0.09,filled,filled,,limit,sell,gtc,immediate,74.65000000,,107.00000000,,2023-12-18T04:34:14.284404Z,2023-12-18T05:57:16.748279Z,2023-12-18T05:57:16.336000Z,"[{'price': '74.65000000', 'quantity': '10.00000000', 'rounded_notional': '746.50000000', 'settlement_date': '2023-12-20', 'timestamp': '2023-12-18T05:32:23.226000Z', 'id': '657fd967-ea6c-4360-8293-44ec04319071', 'ipo_access_execution_rank': None, 'trade_execution_date': '2023-12-18'}, {'price': '74.65000000', 'quantity': '1.00000000', 'rounded_notional': '74.65000000', 'settlement_date': '2023-12-20', 'timestamp': '2023-12-18T05:39:49.056000Z', 'id': '657fdb25-c531-4eaa-ab9b-2e06963a641e', 'ipo_access_execution_rank': None, 'trade_execution_date': '2023-12-18'}, {'price': '74.65000000', 'quantity': '59.00000000', 'rounded_notional': '4404.35000000', 'settlement_date': '2023-12-20', 'timestamp': '2023-12-18T05:56:54.732000Z', 'id': '657fdf26-d5a9-42bd-8017-25331241a408', 'ipo_access_execution_rank': None, 'trade_execution_date': '2023-12-18'}, {'price': '74.65000000', 'quantity': '37.00000000', 'rounded_notional': '2762.05000000', 'settlement_date': '2023-12-20', 'timestamp': '2023-12-18T05:57:16.336000Z', 'id': '657fdf3c-b4f5-494f-ba91-3bc96d73284e', 'ipo_access_execution_rank': None, 'trade_execution_date': '2023-12-18'}]",True,all_day_hours,False,False,,,,,,,,"{'amount': '7987.55', 'currency_code': 'USD', 'currency_id': '1072fc76-1862-41ab-82c2-485837590762'}","{'amount': '7987.55', 'currency_code': 'USD', 'currency_id': '1072fc76-1862-41ab-82c2-485837590762'}",,False,,,,,,False,True,False,True,4,,all_day_trading_v1_2,5.0,user,False,,order_finalized,,
657c9ee1-7c75-4771-a660-e32d8d717d84,DC0CC146-9F20-4811-B71F-7324EAB458D0,https://api.robinhood.com/orders/657c9ee1-7c75-4771-a660-e32d8d717d84/,https://api.robinhood.com/accounts/5SE25445/,fa785cc9-e75d-40e1-ad49-9dad4a009457,https://api.robinhood.com/positions/5SE25445/f3acdd2f-6580-4c75-a69c-81481cc4c235/,,https://api.robinhood.com/instruments/f3acdd2f-6580-4c75-a69c-81481cc4c235/,f3acdd2f-6580-4c75-a69c-81481cc4c235,107.10787000,73.80990000,0.00,filled,filled,,market,buy,gfd,immediate,73.81000000,,107.10787000,,2023-12-15T18:45:53.595188Z,2023-12-15T18:45:54.913302Z,2023-12-15T18:45:54.617157Z,"[{'price': '73.80000000', 'quantity': '0.12222200', 'rounded_notional': '9.02000000', 'settlement_date': '2023-12-19', 'timestamp': '2023-12-15T18:45:53.869772Z', 'id': '657c9ee1-85ce-4d29-adb7-dadca4fdc90a', 'ipo_access_execution_rank': None, 'trade_execution_date': '2023-12-15'}, {'price': '73.80990000', 'quantity': '106.98564800', 'rounded_notional': '7896.60000000', 'settlement_date': '2023-12-19', 'timestamp': '2023-12-15T18:45:54.617185Z', 'id': '657c9ee2-2f71-4155-83cb-49005da51581', 'ipo_access_execution_rank': None, 'trade_execution_date': '2023-12-15'}]",False,regular_hours,False,False,,,,,,"{'amount': '7905.62000000', 'currency_code': 'USD', 'currency_id': '1072fc76-1862-41ab-82c2-485837590762'}",,"{'amount': '7905.62', 'currency_code': 'USD', 'currency_id': '1072fc76-1862-41ab-82c2-485837590762'}","{'amount': '7905.62', 'currency_code': 'USD', 'currency_id': '1072fc76-1862-41ab-82c2-485837590762'}",,False,,,,,,False,True,False,True,4,,all_day_trading_v1_2,2.0,user,False,,order_finalized,,
657c7c40-d0cb-47d4-b2e5-da67fb7ea79b,95DAD7EB-9BF7-4FB4-9010-F87121DF899E,https://api.robinhood.com/orders/657c7c40-d0cb-47d4-b2e5-da67fb7ea79b/,https://api.robinhood.com/accounts/5SE25445/,fa785cc9-e75d-40e1-ad49-9dad4a009457,https://api.robinhood.com/positions/5SE25445/e39ed23a-7bd1-4587-b060-71988d9ef483/,,https://api.robinhood.com/instruments/e39ed23a-7bd1-4587-b060-71988d9ef483/,e39ed23a-7bd1-4587-b060-71988d9ef483,0.34911400,250.40530000,0.00,filled,filled,,market,buy,gfd,immediate,250.40000000,,0.34911400,,2023-12-15T16:18:08.675539Z,2023-12-15T16:18:09.203313Z,2023-12-15T16:18:08.910647Z,"[{'price': '250.40500000', 'quantity': '0.34911400', 'rounded_notional': '87.42000000', 'settlement_date': '2023-12-19', 'timestamp': '2023-12-15T16:18:08.910587Z', 'id': '657c7c40-f268-410d-9233-2026cd8a1ff1', 'ipo_access_execution_rank': None, 'trade_execution_date': '2023-12-15'}]",False,regular_hours,False,False,,,,,,"{'amount': '87.42000000', 'currency_code': 'USD', 'currency_id': '1072fc76-1862-41ab-82c2-485837590762'}",,"{'amount': '87.42', 'currency_code': 'USD', 'currency_id': '1072fc76-1862-41ab-82c2-485837590762'}","{'amount': '87.42', 'currency_code': 'USD', 'currency_id': '1072fc76-1862-41ab-82c2-485837590762'}",,False,,,,,,False,True,False,True,4,,all_day_trading_v1_2,1.0,user,False,,order_finalized,,
65786f29-f32b-4c63-b6ef-c72f02a47961,4B52F6D1-750F-455A-A5A5-9C15D2EB2DA6,https://api.robinhood.com/orders/65786f29-f32b-4c63-b6ef-c72f02a47961/,https://api.robinhood.com/accounts/5SE25445/,fa785cc9-e75d-40e1-ad49-9dad4a009457,https://api.robinhood.com/positions/5SE25445/e39ed23a-7bd1-4587-b060-71988d9ef483/,,https://api.robinhood.com/instruments/e39ed23a-7bd1-4587-b060-71988d9ef483/,e39ed23a-7bd1-4587-b060-71988d9ef483,23.17452300,236.14940000,0.05,filled,filled,,market,sell,gfd,immediate,236.15000000,,23.17452300,,2023-12-12T14:33:13.487331Z,2023-12-12T14:33:15.234636Z,2023-12-12T14:33:14.886718Z,"[{'price': '236.09000000', 'quantity': '0.17452300', 'rounded_notional': '41.20000000', 'settlement_date': '2023-12-14', 'timestamp': '2023-12-12T14:33:14.147711Z', 'id': '65786f2a-07c3-4b3a-af46-ece77589f9f8', 'ipo_access_execution_rank': None, 'trade_execution_date': '2023-12-12'}, {'price': '236.15000000', 'quantity': '23.00000000', 'rounded_notional': '5431.45000000', 'settlement_date': '2023-12-14', 'timestamp': '2023-12-12T14:33:14.886737Z', 'id': '65786f2a-a31f-470c-b70c-4f88f6c657a5', 'ipo_access_execution_rank': None, 'trade_execution_date': '2023-12-12'}]",False,regular_hours,False,False,,,,,,,,"{'amount': '5472.66', 'currency_code': 'USD', 'currency_id': '1072fc76-1862-41ab-82c2-485837590762'}","{'amount': '5472.65', 'currency_code': 'USD', 'currency_id': '1072fc76-1862-41ab-82c2-485837590762'}",,False,,,,,,False,True,False,True,4,,all_day_trading_v1_2,2.0,user,False,,order_finalized,,
6577262c-df2c-41b9-a3f2-8945c34092c4,EA138D28-7840-4CFF-AA25-7874BBB53E6E,https://api.robinhood.com/orders/6577262c-df2c-41b9-a3f2-8945c34092c4/,https://api.robinhood.com/accounts/5SE25445/,fa785cc9-e75d-40e1-ad49-9dad4a009457,https://api.robinhood.com/positions/5SE25445/e39ed23a-7bd1-4587-b060-71988d9ef483/,,https://api.robinhood.com/instruments/e39ed23a-7bd1-4587-b060-71988d9ef483/,e39ed23a-7bd1-4587-b060-71988d9ef483,23.17452300,240.54000000,0.00,filled,filled,,market,buy,gfd,immediate,240.57000000,,23.17452300,,2023-12-11T15:09:32.770817Z,2023-12-11T15:09:34.357766Z,2023-12-11T15:09:33.640557Z,"[{'price': '240.54000000', 'quantity': '23.17452300', 'rounded_notional': '5574.40000000', 'settlement_date': '2023-12-13', 'timestamp': '2023-12-11T15:09:33.640578Z', 'id': '6577262d-b953-4eb4-bcc3-4402557e7d7e', 'ipo_access_execution_rank': None, 'trade_execution_date': '2023-12-11'}]",False,regular_hours,False,False,,,,,,"{'amount': '5574.40000000', 'currency_code': 'USD', 'currency_id': '1072fc76-1862-41ab-82c2-485837590762'}",,"{'amount': '5574.40', 'currency_code': 'USD', 'currency_id': '1072fc76-1862-41ab-82c2-485837590762'}","{'amount': '5574.40', 'currency_code': 'USD', 'currency_id': '1072fc76-1862-41ab-82c2-485837590762'}",,False,,,,,,False,True,False,True,4,,all_day_trading_v1_2,2.0,user,False,,order_finalized,,
65771dc3-8f9d-429c-b463-9509f5909fee,FA61A6D7-387C-45F0-A413-DC96B85E4D10,https://api.robinhood.com/orders/65771dc3-8f9d-429c-b463-9509f5909fee/,https://api.robinhood.com/accounts/5SE25445/,fa785cc9-e75d-40e1-ad49-9dad4a009457,https://api.robinhood.com/positions/5SE25445/e39ed23a-7bd1-4587-b060-71988d9ef483/,,https://api.robinhood.com/instruments/e39ed23a-7bd1-4587-b060-71988d9ef483/,e39ed23a-7bd1-4587-b060-71988d9ef483,19.91535900,241.58890000,0.04,filled,filled,,market,sell,gfd,immediate,241.58880000,,19.91535900,,2023-12-11T14:33:39.173372Z,2023-12-11T14:33:41.238301Z,2023-12-11T14:33:40.837545Z,"[{'price': '241.58880000', 'quantity': '19.91535900', 'rounded_notional': '4811.33000000', 'settlement_date': '2023-12-13', 'timestamp': '2023-12-11T14:33:40.837569Z', 'id': '65771dc4-37e9-44f0-9f6c-a0c448accab4', 'ipo_access_execution_rank': None, 'trade_execution_date': '2023-12-11'}]",False,regular_hours,False,False,,,,,,,,"{'amount': '4811.32', 'currency_code': 'USD', 'currency_id': '1072fc76-1862-41ab-82c2-485837590762'}","{'amount': '4811.33', 'currency_code': 'USD', 'currency_id': '1072fc76-1862-41ab-82c2-485837590762'}",,False,,,,,,False,True,False,True,4,,all_day_trading_v1_2,2.0,user,False,,order_finalized,,
65771d81-d269-4eaf-b2d9-c3b0e192a75b,F5A2813D-AE73-4ED3-98D3-8FDB7E6D8F74,https://api.robinhood.com/orders/65771d81-d269-4eaf-b2d9-c3b0e192a75b/,https://api.robinhood.com/accounts/5SE25445/,fa785cc9-e75d-40e1-ad49-9dad4a009457,https://api.robinhood.com/positions/5SE25445/e39ed23a-7bd1-4587-b060-71988d9ef483/,,https://api.robinhood.com/instruments/e39ed23a-7bd1-4587-b060-71988d9ef483/,e39ed23a-7bd1-4587-b060-71988d9ef483,0.00000000,,0.00,cancelled,cancelled,,limit,sell,gfd,immediate,242.50000000,,19.00000000,,2023-12-11T14:32:33.118716Z,2023-12-11T14:33:23.203387Z,2023-12-11T14:33:22.551000Z,[],False,regular_hours,False,False,,,,,,,,"{'amount': '4607.50', 'currency_code': 'USD', 'currency_id': '1072fc76-1862-41ab-82c2-485837590762'}",,,False,user,,,,,False,True,False,True,4,,all_day_trading_v1_2,3.0,user,False,,order_finalized,,
65734f85-b9fe-4e26-8b2a-666c3f50863e,EA3A0BC0-2628-41F8-9E04-C2A64C3BD987,https://api.robinhood.com/orders/65734f85-b9fe-4e26-8b2a-666c3f50863e/,https://api.robinhood.com/accounts/5SE25445/,fa785cc9-e75d-40e1-ad49-9dad4a009457,https://api.robinhood.com/positions/5SE25445/e39ed23a-7bd1-4587-b060-71988d9ef483/,,https://api.robinhood.com/instruments/e39ed23a-7bd1-4587-b060-71988d9ef483/,e39ed23a-7bd1-4587-b060-71988d9ef483,19.91535900,241.02000000,0.00,filled,filled,,market,buy,gfd,immediate,240.99000000,,19.91535900,,2023-12-08T17:16:53.708736Z,2023-12-08T17:16:55.014078Z,2023-12-08T17:16:54.691626Z,"[{'price': '241.02000000', 'quantity': '19.91535900', 'rounded_notional': '4800.00000000', 'settlement_date': '2023-12-12', 'timestamp': '2023-12-08T17:16:54.691649Z', 'id': '65734f86-8d2f-4f96-ae40-a2509a41158d', 'ipo_access_execution_rank': None, 'trade_execution_date': '2023-12-08'}]",False,regular_hours,False,False,,,,,,"{'amount': '4800.00000000', 'currency_code': 'USD', 'currency_id': '1072fc76-1862-41ab-82c2-485837590762'}",,"{'amount': '4800.00', 'currency_code': 'USD', 'currency_id': '1072fc76-1862-41ab-82c2-485837590762'}","{'amount': '4800.00', 'currency_code': 'USD', 'currency_id': '1072fc76-1862-41ab-82c2-485837590762'}",,False,,,,,,False,True,False,True,4,,all_day_trading_v1_2,2.0,user,False,,order_finalized,,
657328a1-6f0b-42fa-8577-4dbfd7f3d11f,AB5738E2-8C21-462D-BF24-A85083CAEB51,https://api.robinhood.com/orders/657328a1-6f0b-42fa-8577-4dbfd7f3d11f/,https://api.robinhood.com/accounts/5SE25445/,fa785cc9-e75d-40e1-ad49-9dad4a009457,https://api.robinhood.com/positions/5SE25445/e39ed23a-7bd1-4587-b060-71988d9ef483/,,https://api.robinhood.com/instruments/e39ed23a-7bd1-4587-b060-71988d9ef483/,e39ed23a-7bd1-4587-b060-71988d9ef483,20.19118700,240.16020000,0.04,filled,filled,,market,sell,gfd,immediate,240.16000000,,20.19118700,,2023-12-08T14:30:57.137549Z,2023-12-08T14:30:58.856872Z,2023-12-08T14:30:58.526968Z,"[{'price': '240.18000000', 'quantity': '0.19118700', 'rounded_notional': '45.92000000', 'settlement_date': '2023-12-12', 'timestamp': '2023-12-08T14:30:57.881837Z', 'id': '657328a1-1e9c-4e1e-a068-3e8cd6474eb7', 'ipo_access_execution_rank': None, 'trade_execution_date': '2023-12-08'}, {'price': '240.16000000', 'quantity': '20.00000000', 'rounded_notional': '4803.20000000', 'settlement_date': '2023-12-12', 'timestamp': '2023-12-08T14:30:58.527029Z', 'id': '657328a2-d76f-4451-a9eb-9fde82046127', 'ipo_access_execution_rank': None, 'trade_execution_date': '2023-12-08'}]",False,regular_hours,False,False,,,,,,,,"{'amount': '4849.11', 'currency_code': 'USD', 'currency_id': '1072fc76-1862-41ab-82c2-485837590762'}","{'amount': '4849.12', 'currency_code': 'USD', 'currency_id': '1072fc76-1862-41ab-82c2-485837590762'}",,False,,,,,,False,True,False,True,4,,all_day_trading_v1_2,2.0,user,False,,order_finalized,,
65720a74-9928-4c49-a5f2-cb687613ffd4,BEF4E482-7455-487E-8078-97F317FE58F0,https://api.robinhood.com/orders/65720a74-9928-4c49-a5f2-cb687613ffd4/,https://api.robinhood.com/accounts/5SE25445/,fa785cc9-e75d-40e1-ad49-9dad4a009457,https://api.robinhood.com/positions/5SE25445/e39ed23a-7bd1-4587-b060-71988d9ef483/,,https://api.robinhood.com/instruments/e39ed23a-7bd1-4587-b060-71988d9ef483/,e39ed23a-7bd1-4587-b060-71988d9ef483,10.39627700,241.24020000,0.00,filled,filled,,market,buy,gfd,immediate,241.26000000,,10.39627700,,2023-12-07T18:09:56.007000Z,2023-12-07T18:09:57.777430Z,2023-12-07T18:09:56.823516Z,"[{'price': '241.24500000', 'quantity': '0.39607000', 'rounded_notional': '95.55000000', 'settlement_date': '2023-12-11', 'timestamp': '2023-12-07T18:09:56.220964Z', 'id': '65720a74-8834-43f1-a15e-22450e2472d9', 'ipo_access_execution_rank': None, 'trade_execution_date': '2023-12-07'}, {'price': '241.24000000', 'quantity': '0.00020700', 'rounded_notional': '0.05000000', 'settlement_date': '2023-12-11', 'timestamp': '2023-12-07T18:09:56.352000Z', 'id': '65720a74-4345-4570-b143-66678b4789d4', 'ipo_access_execution_rank': None, 'trade_execution_date': '2023-12-07'}, {'price': '241.24000000', 'quantity': '10.00000000', 'rounded_notional': '2412.40000000', 'settlement_date': '2023-12-11', 'timestamp': '2023-12-07T18:09:56.823539Z', 'id': '65720a74-f8e1-4cf7-b9b1-aa0f18d62f29', 'ipo_access_execution_rank': None, 'trade_execution_date': '2023-12-07'}]",False,regular_hours,False,False,,,,,,"{'amount': '2508.00000000', 'currency_code': 'USD', 'currency_id': '1072fc76-1862-41ab-82c2-485837590762'}",,"{'amount': '2508.00', 'currency_code': 'USD', 'currency_id': '1072fc76-1862-41ab-82c2-485837590762'}","{'amount': '2508.00', 'currency_code': 'USD', 'currency_id': '1072fc76-1862-41ab-82c2-485837590762'}",,False,,,,,,False,True,False,True,4,,all_day_trading_v1_2,2.0,user,False,,order_finalized,,
6571e3ca-c879-453d-b94b-5c0972f35ec3,717E7800-0346-4895-A96F-FEEE576D642E,https://api.robinhood.com/orders/6571e3ca-c879-453d-b94b-5c0972f35ec3/,https://api.robinhood.com/accounts/5SE25445/,fa785cc9-e75d-40e1-ad49-9dad4a009457,https://api.robinhood.com/positions/5SE25445/e39ed23a-7bd1-4587-b060-71988d9ef483/,,https://api.robinhood.com/instruments/e39ed23a-7bd1-4587-b060-71988d9ef483/,e39ed23a-7bd1-4587-b060-71988d9ef483,9.79491000,240.36770000,0.00,filled,filled,,market,buy,gfd,immediate,240.34000000,,9.79491000,,2023-12-07T15:24:58.957594Z,2023-12-07T15:25:00.702054Z,2023-12-07T15:24:59.874036Z,"[{'price': '240.36770000', 'quantity': '9.79491000', 'rounded_notional': '2354.38000000', 'settlement_date': '2023-12-11', 'timestamp': '2023-12-07T15:24:59.874058Z', 'id': '6571e3cb-1416-4783-bc0b-cd386ab5570a', 'ipo_access_execution_rank': None, 'trade_execution_date': '2023-12-07'}]",False,regular_hours,False,False,,,,,,"{'amount': '2354.38000000', 'currency_code': 'USD', 'currency_id': '1072fc76-1862-41ab-82c2-485837590762'}",,"{'amount': '2354.38', 'currency_code': 'USD', 'currency_id': '1072fc76-1862-41ab-82c2-485837590762'}","{'amount': '2354.38', 'currency_code': 'USD', 'currency_id': '1072fc76-1862-41ab-82c2-485837590762'}",,False,,,,,,False,True,False,True,4,,all_day_trading_v1_2,2.0,user,False,,order_finalized,,
65674ab1-55da-4e68-b9da-30614c490e81,4725507C-1B3E-40DA-8BC3-76D9372AD04C,https://api.robinhood.com/orders/65674ab1-55da-4e68-b9da-30614c490e81/,https://api.robinhood.com/accounts/5SE25445/,fa785cc9-e75d-40e1-ad49-9dad4a009457,https://api.robinhood.com/positions/5SE25445/e39ed23a-7bd1-4587-b060-71988d9ef483/,,https://api.robinhood.com/instruments/e39ed23a-7bd1-4587-b060-71988d9ef483/,e39ed23a-7bd1-4587-b060-71988d9ef483,0.97791900,249.05950000,0.00,filled,filled,,limit,sell,gfd,immediate,236.58000000,,0.97791900,,2023-11-29T14:29:05.237737Z,2023-11-29T14:29:07.030907Z,2023-11-29T14:29:06.709159Z,"[{'price': '249.06200000', 'quantity': '0.97791900', 'rounded_notional': '243.56000000', 'settlement_date': '2023-12-01', 'timestamp': '2023-11-29T14:29:06.709205Z', 'id': '65674ab2-2d6c-41bf-bb7a-d34dc7b67119', 'ipo_access_execution_rank': None, 'trade_execution_date': '2023-11-29'}]",True,extended_hours,False,False,,,,,,,,"{'amount': '231.35', 'currency_code': 'USD', 'currency_id': '1072fc76-1862-41ab-82c2-485837590762'}","{'amount': '243.56', 'currency_code': 'USD', 'currency_id': '1072fc76-1862-41ab-82c2-485837590762'}",,False,,,,,,False,True,False,True,4,0.050000,all_day_trading_v1_2,2.0,user,False,,order_finalized,,
656604a6-b995-4c29-985d-4c842241615f,4E82F63B-9682-492E-9ED4-8A64F6791183,https://api.robinhood.com/orders/656604a6-b995-4c29-985d-4c842241615f/,https://api.robinhood.com/accounts/5SE25445/,fa785cc9-e75d-40e1-ad49-9dad4a009457,https://api.robinhood.com/positions/5SE25445/e39ed23a-7bd1-4587-b060-71988d9ef483/,,https://api.robinhood.com/instruments/e39ed23a-7bd1-4587-b060-71988d9ef483/,e39ed23a-7bd1-4587-b060-71988d9ef483,0.97791900,236.17500000,0.00,filled,filled,,market,buy,gfd,immediate,236.23000000,,0.97791900,,2023-11-28T15:17:58.358636Z,2023-11-28T15:17:59.743288Z,2023-11-28T15:17:59.419512Z,"[{'price': '236.18000000', 'quantity': '0.00004200', 'rounded_notional': '0.01000000', 'settlement_date': '2023-11-30', 'timestamp': '2023-11-28T15:17:58.732000Z', 'id': '656604a7-d5a2-41fe-93a7-f1423df8e922', 'ipo_access_execution_rank': None, 'trade_execution_date': '2023-11-28'}, {'price': '236.18000000', 'quantity': '0.97787700', 'rounded_notional': '230.95000000', 'settlement_date': '2023-11-30', 'timestamp': '2023-11-28T15:17:59.419533Z', 'id': '656604a7-0d72-4efb-97b1-337a08642510', 'ipo_access_execution_rank': None, 'trade_execution_date': '2023-11-28'}]",False,regular_hours,False,False,,,,,,"{'amount': '230.96000000', 'currency_code': 'USD', 'currency_id': '1072fc76-1862-41ab-82c2-485837590762'}",,"{'amount': '230.96', 'currency_code': 'USD', 'currency_id': '1072fc76-1862-41ab-82c2-485837590762'}","{'amount': '230.96', 'currency_code': 'USD', 'currency_id': '1072fc76-1862-41ab-82c2-485837590762'}",,False,,,,,,False,True,False,True,4,,all_day_trading_v1_2,2.0,user,False,,order_finalized,,
6565f9a5-5ed4-467a-8aed-fb2b2456cc19,36070843-0D87-4424-BA98-51444AAC5487,https://api.robinhood.com/orders/6565f9a5-5ed4-467a-8aed-fb2b2456cc19/,https://api.robinhood.com/accounts/5SE25445/,fa785cc9-e75d-40e1-ad49-9dad4a009457,https://api.robinhood.com/positions/5SE25445/e39ed23a-7bd1-4587-b060-71988d9ef483/,,https://api.robinhood.com/instruments/e39ed23a-7bd1-4587-b060-71988d9ef483/,e39ed23a-7bd1-4587-b060-71988d9ef483,0.46777000,237.38160000,0.00,filled,filled,,market,sell,gfd,immediate,237.37500000,,0.46777000,,2023-11-28T14:31:01.196077Z,2023-11-28T14:31:02.463352Z,2023-11-28T14:31:02.144979Z,"[{'price': '237.37500000', 'quantity': '0.46777000', 'rounded_notional': '111.04000000', 'settlement_date': '2023-11-30', 'timestamp': '2023-11-28T14:31:02.144934Z', 'id': '6565f9a6-ef4f-4fa1-93f9-152e640df490', 'ipo_access_execution_rank': None, 'trade_execution_date': '2023-11-28'}]",False,regular_hours,False,False,,,,,,,,"{'amount': '111.03', 'currency_code': 'USD', 'currency_id': '1072fc76-1862-41ab-82c2-485837590762'}","{'amount': '111.04', 'currency_code': 'USD', 'currency_id': '1072fc76-1862-41ab-82c2-485837590762'}",,False,,,,,,False,True,False,True,4,,all_day_trading_v1_2,1.0,user,False,,order_finalized,,
6564b5e5-16c1-4a80-80d9-db94c52e25c6,55B5F00D-2A6B-4F57-A15D-789A4626DBF4,https://api.robinhood.com/orders/6564b5e5-16c1-4a80-80d9-db94c52e25c6/,https://api.robinhood.com/accounts/5SE25445/,fa785cc9-e75d-40e1-ad49-9dad4a009457,https://api.robinhood.com/positions/5SE25445/e39ed23a-7bd1-4587-b060-71988d9ef483/,,https://api.robinhood.com/instruments/e39ed23a-7bd1-4587-b060-71988d9ef483/,e39ed23a-7bd1-4587-b060-71988d9ef483,0.46777000,234.26040000,0.00,filled,filled,,market,buy,gfd,immediate,234.21000000,,0.46777000,,2023-11-27T15:29:41.780439Z,2023-11-27T15:29:43.117907Z,2023-11-27T15:29:42.788988Z,"[{'price': '234.26460000', 'quantity': '0.46777000', 'rounded_notional': '109.58000000', 'settlement_date': '2023-11-29', 'timestamp': '2023-11-27T15:29:42.789006Z', 'id': '6564b5e6-8226-47a7-8ea5-cb019fca4b71', 'ipo_access_execution_rank': None, 'trade_execution_date': '2023-11-27'}]",False,regular_hours,False,False,,,,,,"{'amount': '109.58000000', 'currency_code': 'USD', 'currency_id': '1072fc76-1862-41ab-82c2-485837590762'}",,"{'amount': '109.58', 'currency_code': 'USD', 'currency_id': '1072fc76-1862-41ab-82c2-485837590762'}","{'amount': '109.58', 'currency_code': 'USD', 'currency_id': '1072fc76-1862-41ab-82c2-485837590762'}",,False,,,,,,False,True,False,True,4,,all_day_trading_v1_2,2.0,user,False,,order_finalized,,
64e61848-58c1-4307-8dac-7eaa52ad58a5,57CF5EC6-9779-4BD4-8BC0-1CDE47612DD9,https://api.robinhood.com/orders/64e61848-58c1-4307-8dac-7eaa52ad58a5/,https://api.robinhood.com/accounts/5SE25445/,fa785cc9-e75d-40e1-ad49-9dad4a009457,https://api.robinhood.com/positions/5SE25445/e39ed23a-7bd1-4587-b060-71988d9ef483/,,https://api.robinhood.com/instruments/e39ed23a-7bd1-4587-b060-71988d9ef483/,e39ed23a-7bd1-4587-b060-71988d9ef483,4.65351600,234.87190000,0.01,filled,filled,,market,sell,gfd,immediate,234.87190000,,4.65351600,,2023-08-23T14:31:36.746419Z,2023-08-23T14:31:39.051124Z,2023-08-23T14:31:38.300433Z,"[{'price': '234.87190000', 'quantity': '4.65351600', 'rounded_notional': '1092.98000000', 'settlement_date': '2023-08-25', 'timestamp': '2023-08-23T14:31:37.658000Z', 'id': '64e6184a-0706-4fe9-b42e-b081da3f4568', 'ipo_access_execution_rank': None, 'trade_execution_date': '2023-08-23'}]",False,regular_hours,False,False,,,,,,,,"{'amount': '1092.98', 'currency_code': 'USD', 'currency_id': '1072fc76-1862-41ab-82c2-485837590762'}","{'amount': '1092.98', 'currency_code': 'USD', 'currency_id': '1072fc76-1862-41ab-82c2-485837590762'}",,False,,,,,,False,True,False,True,4,,all_day_trading_v1_2,2.0,user,False,,order_finalized,,
64e61531-5ea2-4e14-858a-5466cc9f2b80,85376B21-7F54-496E-9AC2-94690B73D455,https://api.robinhood.com/orders/64e61531-5ea2-4e14-858a-5466cc9f2b80/,https://api.robinhood.com/accounts/5SE25445/,fa785cc9-e75d-40e1-ad49-9dad4a009457,https://api.robinhood.com/positions/5SE25445/e39ed23a-7bd1-4587-b060-71988d9ef483/,,https://api.robinhood.com/instruments/e39ed23a-7bd1-4587-b060-71988d9ef483/,e39ed23a-7bd1-4587-b060-71988d9ef483,4.65351600,233.15700000,0.00,filled,filled,,market,buy,gfd,immediate,233.08000000,,4.65351600,,2023-08-23T14:18:25.218603Z,2023-08-23T14:18:27.286831Z,2023-08-23T14:18:26.353199Z,"[{'price': '233.15700000', 'quantity': '4.65351600', 'rounded_notional': '1085.00000000', 'settlement_date': '2023-08-25', 'timestamp': '2023-08-23T14:18:25.688000Z', 'id': '64e61532-d60e-44f5-9770-d581fb2fb590', 'ipo_access_execution_rank': None, 'trade_execution_date': '2023-08-23'}]",False,regular_hours,False,False,,,,,,"{'amount': '1085.00000000', 'currency_code': 'USD', 'currency_id': '1072fc76-1862-41ab-82c2-485837590762'}",,"{'amount': '1085.00', 'currency_code': 'USD', 'currency_id': '1072fc76-1862-41ab-82c2-485837590762'}","{'amount': '1085.00', 'currency_code': 'USD', 'currency_id': '1072fc76-1862-41ab-82c2-485837590762'}",,False,,,,,,False,True,False,True,4,,all_day_trading_v1_2,2.0,user,False,,order_finalized,,
64dfa4b4-a759-4140-9d14-98180db9720e,61961A7C-79EB-4075-B2C1-2C9164584752,https://api.robinhood.com/orders/64dfa4b4-a759-4140-9d14-98180db9720e/,https://api.robinhood.com/accounts/5SE25445/,fa785cc9-e75d-40e1-ad49-9dad4a009457,https://api.robinhood.com/positions/5SE25445/db8741b5-8c82-4de8-9f23-8f85dec217ae/,,https://api.robinhood.com/instruments/db8741b5-8c82-4de8-9f23-8f85dec217ae/,db8741b5-8c82-4de8-9f23-8f85dec217ae,0.06944400,21.74410000,0.00,filled,filled,,market,sell,gfd,immediate,21.79500000,,0.06944400,,2023-08-18T17:04:52.569659Z,2023-08-18T17:04:53.597900Z,2023-08-18T17:04:53.294151Z,"[{'price': '21.79500000', 'quantity': '0.06944400', 'rounded_notional': '1.51000000', 'settlement_date': '2023-08-22', 'timestamp': '2023-08-18T17:04:53.294016Z', 'id': '64dfa4b5-b195-401e-b130-3da4aa56bcd7', 'ipo_access_execution_rank': None, 'trade_execution_date': '2023-08-18'}]",False,regular_hours,False,False,,,,,,,,"{'amount': '1.51', 'currency_code': 'USD', 'currency_id': '1072fc76-1862-41ab-82c2-485837590762'}","{'amount': '1.51', 'currency_code': 'USD', 'currency_id': '1072fc76-1862-41ab-82c2-485837590762'}",,False,,,,,,False,True,False,True,4,,all_day_trading_v1_2,0.0,user,False,,order_finalized,,
64affd81-7ea3-406f-b916-1c009f29291c,B4750D41-8536-4C3D-83E7-A1FEFD38E755,https://api.robinhood.com/orders/64affd81-7ea3-406f-b916-1c009f29291c/,https://api.robinhood.com/accounts/5SE25445/,fa785cc9-e75d-40e1-ad49-9dad4a009457,https://api.robinhood.com/positions/5SE25445/1790dd4f-a7ff-409e-90de-cad5efafde10/,,https://api.robinhood.com/instruments/1790dd4f-a7ff-409e-90de-cad5efafde10/,1790dd4f-a7ff-409e-90de-cad5efafde10,2.42636600,376.38590000,0.01,filled,filled,,market,sell,gfd,immediate,376.38540000,,2.42636600,,2023-07-13T13:34:57.216132Z,2023-07-13T13:34:59.357939Z,2023-07-13T13:34:58.596391Z,"[{'price': '376.40000000', 'quantity': '0.42636600', 'rounded_notional': '160.48000000', 'settlement_date': '2023-07-17', 'timestamp': '2023-07-13T13:34:57.747664Z', 'id': '64affd81-88e7-4066-894d-2b12d0dc9d53', 'ipo_access_execution_rank': None, 'trade_execution_date': '2023-07-13'}, {'price': '376.38540000', 'quantity': '2.00000000', 'rounded_notional': '752.77000000', 'settlement_date': '2023-07-17', 'timestamp': '2023-07-13T13:34:57.940000Z', 'id': '64affd82-811c-416f-a243-629d084a0b51', 'ipo_access_execution_rank': None, 'trade_execution_date': '2023-07-13'}]",False,regular_hours,False,False,,,,,,,,"{'amount': '913.24', 'currency_code': 'USD', 'currency_id': '1072fc76-1862-41ab-82c2-485837590762'}","{'amount': '913.25', 'currency_code': 'USD', 'currency_id': '1072fc76-1862-41ab-82c2-485837590762'}",,False,,,,,,False,True,False,True,4,,all_day_trading_v1_2,2.0,user,False,,order_finalized,,
64aed05a-6168-4a9e-becc-84f3d982bba1,75A5C279-6894-48C1-B6CF-D58F1FC90567,https://api.robinhood.com/orders/64aed05a-6168-4a9e-becc-84f3d982bba1/,https://api.robinhood.com/accounts/5SE25445/,fa785cc9-e75d-40e1-ad49-9dad4a009457,https://api.robinhood.com/positions/5SE25445/1790dd4f-a7ff-409e-90de-cad5efafde10/,,https://api.robinhood.com/instruments/1790dd4f-a7ff-409e-90de-cad5efafde10/,1790dd4f-a7ff-409e-90de-cad5efafde10,2.42636600,370.92510000,0.00,filled,filled,,market,buy,gfd,immediate,370.92000000,,2.42636600,,2023-07-12T16:10:02.487095Z,2023-07-12T16:10:04.138472Z,2023-07-12T16:10:03.516534Z,"[{'price': '370.92690000', 'quantity': '2.42636600', 'rounded_notional': '900.00000000', 'settlement_date': '2023-07-14', 'timestamp': '2023-07-12T16:10:02.884000Z', 'id': '64aed05b-5aa5-4d7c-bc16-c2942c21c07e', 'ipo_access_execution_rank': None, 'trade_execution_date': '2023-07-12'}]",False,regular_hours,False,False,,,,,,"{'amount': '900.00000000', 'currency_code': 'USD', 'currency_id': '1072fc76-1862-41ab-82c2-485837590762'}",,"{'amount': '900.00', 'currency_code': 'USD', 'currency_id': '1072fc76-1862-41ab-82c2-485837590762'}","{'amount': '900.00', 'currency_code': 'USD', 'currency_id': '1072fc76-1862-41ab-82c2-485837590762'}",,False,,,,,,False,True,False,True,4,,all_day_trading_v1_2,2.0,user,False,,order_finalized,,
64aec358-2dda-41a4-ba70-19d3541365fb,497EA62E-C506-4D39-869D-91076DCE7B72,https://api.robinhood.com/orders/64aec358-2dda-41a4-ba70-19d3541365fb/,https://api.robinhood.com/accounts/5SE25445/,fa785cc9-e75d-40e1-ad49-9dad4a009457,https://api.robinhood.com/positions/5SE25445/1790dd4f-a7ff-409e-90de-cad5efafde10/,,https://api.robinhood.com/instruments/1790dd4f-a7ff-409e-90de-cad5efafde10/,1790dd4f-a7ff-409e-90de-cad5efafde10,0.00000000,,0.00,cancelled,cancelled,,limit,buy,gtc,immediate,144.00000000,,1.00000000,,2023-07-12T15:14:32.079644Z,2023-07-13T14:52:50.843605Z,2023-07-13T14:52:49.736000Z,[],False,regular_hours,False,False,,,,,,,,"{'amount': '144.00', 'currency_code': 'USD', 'currency_id': '1072fc76-1862-41ab-82c2-485837590762'}",,,False,user,,,,,False,True,False,True,4,,all_day_trading_v1_2,5.0,user,False,,order_finalized,,
64aec319-7830-430f-805e-8e48df5be5e0,21BFC9A3-4DDF-4832-92F8-D95512CF218F,https://api.robinhood.com/orders/64aec319-7830-430f-805e-8e48df5be5e0/,https://api.robinhood.com/accounts/5SE25445/,fa785cc9-e75d-40e1-ad49-9dad4a009457,https://api.robinhood.com/positions/5SE25445/1790dd4f-a7ff-409e-90de-cad5efafde10/,,https://api.robinhood.com/instruments/1790dd4f-a7ff-409e-90de-cad5efafde10/,1790dd4f-a7ff-409e-90de-cad5efafde10,0.00000000,,0.00,rejected,rejected,,limit,buy,gfd,immediate,0.01000000,,1.00000000,,2023-07-12T15:13:29.528991Z,2023-07-12T15:13:30.458094Z,2023-07-12T15:13:29.834141Z,[],False,regular_hours,False,False,,,,,,,,"{'amount': '0.01', 'currency_code': 'USD', 'currency_id': '1072fc76-1862-41ab-82c2-485837590762'}",,,False,,,,,,False,True,False,True,4,,all_day_trading_v1_2,1.0,user,False,,order_finalized,,
6453b8aa-fff5-4212-9bd4-99092bad7eb0,CD6B16F7-FE30-42D9-B6C8-CFC2BF58D165,https://api.robinhood.com/orders/6453b8aa-fff5-4212-9bd4-99092bad7eb0/,https://api.robinhood.com/accounts/5SE25445/,fa785cc9-e75d-40e1-ad49-9dad4a009457,https://api.robinhood.com/positions/5SE25445/8f92e76f-1e0e-4478-8580-16a6ffcfaef5/,,https://api.robinhood.com/instruments/8f92e76f-1e0e-4478-8580-16a6ffcfaef5/,8f92e76f-1e0e-4478-8580-16a6ffcfaef5,2.00000000,405.21000000,0.01,filled,filled,,market,sell,gfd,immediate,405.21010000,,2.00000000,,2023-05-04T13:52:42.328419Z,2023-05-04T13:52:43.129302Z,2023-05-04T13:52:42.682000Z,"[{'price': '405.21010000', 'quantity': '2.00000000', 'rounded_notional': '810.42000000', 'settlement_date': '2023-05-08', 'timestamp': '2023-05-04T13:52:42.682000Z', 'id': '6453b8aa-a441-4993-9865-bda7723a01d5', 'ipo_access_execution_rank': None, 'trade_execution_date': '2023-05-04'}]",False,regular_hours,False,False,,,,,,,,"{'amount': '810.42', 'currency_code': 'USD', 'currency_id': '1072fc76-1862-41ab-82c2-485837590762'}","{'amount': '810.42', 'currency_code': 'USD', 'currency_id': '1072fc76-1862-41ab-82c2-485837590762'}",,False,,,,,,False,True,False,True,2,,collaring_removal,2.0,user,False,,order_finalized,,
6452b8b2-1bd5-493c-b903-d4973a50839f,3BAF583C-22C2-4184-98EE-7F860C240EE4,https://api.robinhood.com/orders/6452b8b2-1bd5-493c-b903-d4973a50839f/,https://api.robinhood.com/accounts/5SE25445/,fa785cc9-e75d-40e1-ad49-9dad4a009457,https://api.robinhood.com/positions/5SE25445/8f92e76f-1e0e-4478-8580-16a6ffcfaef5/,,https://api.robinhood.com/instruments/8f92e76f-1e0e-4478-8580-16a6ffcfaef5/,8f92e76f-1e0e-4478-8580-16a6ffcfaef5,2.00000000,408.11000000,0.00,filled,filled,,limit,buy,gfd,immediate,428.56000000,,2.00000000,,2023-05-03T19:40:34.076993Z,2023-05-03T19:40:35.198059Z,2023-05-03T19:40:34.372000Z,"[{'price': '408.10990000', 'quantity': '2.00000000', 'rounded_notional': '816.22000000', 'settlement_date': '2023-05-05', 'timestamp': '2023-05-03T19:40:34.372000Z', 'id': '6452b8b2-f576-4434-8aae-9fa74c7a116b', 'ipo_access_execution_rank': None, 'trade_execution_date': '2023-05-03'}]",False,regular_hours,False,False,,,,,,,,"{'amount': '857.12', 'currency_code': 'USD', 'currency_id': '1072fc76-1862-41ab-82c2-485837590762'}","{'amount': '816.22', 'currency_code': 'USD', 'currency_id': '1072fc76-1862-41ab-82c2-485837590762'}",,False,,,,,,False,True,False,True,2,0.050000,collaring_removal,2.0,user,False,,order_finalized,,
6442d180-af79-45c5-aea6-121609a1b758,FEC16C3F-FD50-4E31-BE12-A78D60CECF04,https://api.robinhood.com/orders/6442d180-af79-45c5-aea6-121609a1b758/,https://api.robinhood.com/accounts/5SE25445/,fa785cc9-e75d-40e1-ad49-9dad4a009457,https://api.robinhood.com/positions/5SE25445/e39ed23a-7bd1-4587-b060-71988d9ef483/,,https://api.robinhood.com/instruments/e39ed23a-7bd1-4587-b060-71988d9ef483/,e39ed23a-7bd1-4587-b060-71988d9ef483,2.00000000,165.51000000,0.00,filled,filled,,market,sell,gfd,immediate,165.51010000,,2.00000000,,2023-04-21T18:10:08.001388Z,2023-04-21T18:10:08.936104Z,2023-04-21T18:10:08.513000Z,"[{'price': '165.51010000', 'quantity': '2.00000000', 'rounded_notional': '331.02000000', 'settlement_date': '2023-04-25', 'timestamp': '2023-04-21T18:10:08.513000Z', 'id': '6442d180-3735-423d-af18-37af89399ab7', 'ipo_access_execution_rank': None, 'trade_execution_date': '2023-04-21'}]",False,regular_hours,False,False,,,,,,,,"{'amount': '331.02', 'currency_code': 'USD', 'currency_id': '1072fc76-1862-41ab-82c2-485837590762'}","{'amount': '331.02', 'currency_code': 'USD', 'currency_id': '1072fc76-1862-41ab-82c2-485837590762'}",,False,,,,,,False,True,False,True,2,,collaring_removal,2.0,user,False,,order_finalized,,
644177ff-08ef-4232-938b-4214f9663dfd,393CA5FC-3D8B-473E-B709-C85AC41CE60B,https://api.robinhood.com/orders/644177ff-08ef-4232-938b-4214f9663dfd/,https://api.robinhood.com/accounts/5SE25445/,fa785cc9-e75d-40e1-ad49-9dad4a009457,https://api.robinhood.com/positions/5SE25445/e39ed23a-7bd1-4587-b060-71988d9ef483/,,https://api.robinhood.com/instruments/e39ed23a-7bd1-4587-b060-71988d9ef483/,e39ed23a-7bd1-4587-b060-71988d9ef483,2.00000000,164.16500000,0.00,filled,filled,,limit,buy,gfd,immediate,172.36000000,,2.00000000,,2023-04-20T17:35:59.669990Z,2023-04-20T17:36:00.390974Z,2023-04-20T17:35:59.985000Z,"[{'price': '164.16570000', 'quantity': '2.00000000', 'rounded_notional': '328.33000000', 'settlement_date': '2023-04-24', 'timestamp': '2023-04-20T17:35:59.985000Z', 'id': '64417800-0b23-4613-92d7-e6b4eb08bdb7', 'ipo_access_execution_rank': None, 'trade_execution_date': '2023-04-20'}]",False,regular_hours,False,False,,,,,,,,"{'amount': '344.72', 'currency_code': 'USD', 'currency_id': '1072fc76-1862-41ab-82c2-485837590762'}","{'amount': '328.33', 'currency_code': 'USD', 'currency_id': '1072fc76-1862-41ab-82c2-485837590762'}",,False,,,,,,False,True,False,True,2,0.050000,collaring_removal,2.0,user,False,,order_finalized,,
643d4a07-311b-4aab-a7f3-a9db2ee0a6b9,5F0E3248-F0D2-4B3C-89F9-3FB2068EE621,https://api.robinhood.com/orders/643d4a07-311b-4aab-a7f3-a9db2ee0a6b9/,https://api.robinhood.com/accounts/5SE25445/,fa785cc9-e75d-40e1-ad49-9dad4a009457,https://api.robinhood.com/positions/5SE25445/4dd45c8b-8e89-4fd1-894d-018e3f06a8e5/,,https://api.robinhood.com/instruments/4dd45c8b-8e89-4fd1-894d-018e3f06a8e5/,4dd45c8b-8e89-4fd1-894d-018e3f06a8e5,1.00000000,7.68000000,0.00,filled,filled,,market,sell,gfd,immediate,7.68310000,,1.00000000,,2023-04-17T13:30:47.499759Z,2023-04-17T13:30:48.392407Z,2023-04-17T13:30:47.929000Z,"[{'price': '7.68310000', 'quantity': '1.00000000', 'rounded_notional': '7.68000000', 'settlement_date': '2023-04-19', 'timestamp': '2023-04-17T13:30:47.929000Z', 'id': '643d4a07-b75f-496a-9e47-87dc561610fb', 'ipo_access_execution_rank': None, 'trade_execution_date': '2023-04-17'}]",False,regular_hours,False,False,,,,,,,,"{'amount': '7.68', 'currency_code': 'USD', 'currency_id': '1072fc76-1862-41ab-82c2-485837590762'}","{'amount': '7.68', 'currency_code': 'USD', 'currency_id': '1072fc76-1862-41ab-82c2-485837590762'}",,False,,,,,,False,True,False,True,2,,collaring_removal,2.0,user,False,,order_finalized,,
643d49f5-7512-42c2-86ef-52bb3ed9db9d,E0472255-C842-41DB-8FF4-90A73327921A,https://api.robinhood.com/orders/643d49f5-7512-42c2-86ef-52bb3ed9db9d/,https://api.robinhood.com/accounts/5SE25445/,fa785cc9-e75d-40e1-ad49-9dad4a009457,https://api.robinhood.com/positions/5SE25445/db8741b5-8c82-4de8-9f23-8f85dec217ae/,,https://api.robinhood.com/instruments/db8741b5-8c82-4de8-9f23-8f85dec217ae/,db8741b5-8c82-4de8-9f23-8f85dec217ae,6.94959200,23.03440000,0.00,filled,filled,,market,sell,gfd,immediate,23.03480000,,6.94959200,,2023-04-17T13:30:29.371969Z,2023-04-17T13:30:30.840432Z,2023-04-17T13:30:30.527232Z,"[{'price': '23.03480000', 'quantity': '6.94959200', 'rounded_notional': '160.08000000', 'settlement_date': '2023-04-19', 'timestamp': '2023-04-17T13:30:29.927000Z', 'id': '643d49f6-979d-466c-8843-d1437234c411', 'ipo_access_execution_rank': None, 'trade_execution_date': '2023-04-17'}]",False,regular_hours,False,False,,,,,,,,"{'amount': '160.08', 'currency_code': 'USD', 'currency_id': '1072fc76-1862-41ab-82c2-485837590762'}","{'amount': '160.08', 'currency_code': 'USD', 'currency_id': '1072fc76-1862-41ab-82c2-485837590762'}",,False,,,,,,False,True,False,True,2,,collaring_removal,2.0,user,False,,order_finalized,,
643d49e5-cf4b-430e-aa1b-8bb08ba3cf4f,C25327D5-42D8-458B-BEF2-E6223E66659D,https://api.robinhood.com/orders/643d49e5-cf4b-430e-aa1b-8bb08ba3cf4f/,https://api.robinhood.com/accounts/5SE25445/,fa785cc9-e75d-40e1-ad49-9dad4a009457,https://api.robinhood.com/positions/5SE25445/f3acdd2f-6580-4c75-a69c-81481cc4c235/,,https://api.robinhood.com/instruments/f3acdd2f-6580-4c75-a69c-81481cc4c235/,f3acdd2f-6580-4c75-a69c-81481cc4c235,2.00000000,63.61000000,0.00,filled,filled,,market,sell,gfd,immediate,63.61000000,,2.00000000,,2023-04-17T13:30:13.150187Z,2023-04-17T13:30:40.686501Z,2023-04-17T13:30:40.291000Z,"[{'price': '63.61000000', 'quantity': '2.00000000', 'rounded_notional': '127.22000000', 'settlement_date': '2023-04-19', 'timestamp': '2023-04-17T13:30:40.291000Z', 'id': '643d4a00-b441-4a5f-a352-4aa44a92af92', 'ipo_access_execution_rank': None, 'trade_execution_date': '2023-04-17'}]",False,regular_hours,False,False,,,,,,,,"{'amount': '127.22', 'currency_code': 'USD', 'currency_id': '1072fc76-1862-41ab-82c2-485837590762'}","{'amount': '127.22', 'currency_code': 'USD', 'currency_id': '1072fc76-1862-41ab-82c2-485837590762'}",,False,,,,,,False,True,False,True,2,,collaring_removal,2.0,user,False,,order_finalized,,
6439f4a0-b8cf-4c99-a31c-731bff5a068b,,https://api.robinhood.com/orders/6439f4a0-b8cf-4c99-a31c-731bff5a068b/,https://api.robinhood.com/accounts/5SE25445/,fa785cc9-e75d-40e1-ad49-9dad4a009457,https://api.robinhood.com/positions/5SE25445/db8741b5-8c82-4de8-9f23-8f85dec217ae/,,https://api.robinhood.com/instruments/db8741b5-8c82-4de8-9f23-8f85dec217ae/,db8741b5-8c82-4de8-9f23-8f85dec217ae,0.06944400,23.04010000,0.00,filled,filled,,market,buy,gtc,immediate,23.12000000,,0.06944400,,2023-04-15T00:49:36.623524Z,2023-04-17T14:37:26.623097Z,2023-04-17T14:31:59Z,"[{'price': '23.04000000', 'quantity': '0.06944400', 'rounded_notional': '1.60000000', 'settlement_date': '2023-04-19', 'timestamp': '2023-04-17T14:31:59.410418Z', 'id': '643d585f-4732-46af-95d3-20ede86341cd', 'ipo_access_execution_rank': None, 'trade_execution_date': '2023-04-17'}]",False,regular_hours,False,True,,,,,,"{'amount': '1.60000000', 'currency_code': 'USD', 'currency_id': '1072fc76-1862-41ab-82c2-485837590762'}",bcf07298-f2a0-47b3-abf7-a2147d5f0e21,"{'amount': '1.60', 'currency_code': 'USD', 'currency_id': '1072fc76-1862-41ab-82c2-485837590762'}","{'amount': '1.60', 'currency_code': 'USD', 'currency_id': '1072fc76-1862-41ab-82c2-485837590762'}",,False,,,,,,False,True,False,True,0,,,2.0,drip,False,,order_finalized,,
642c3e82-00f3-4dd1-8262-9f8b1dd8fd91,07E49BD5-5CF7-44D9-828B-FCEB6E773A94,https://api.robinhood.com/orders/642c3e82-00f3-4dd1-8262-9f8b1dd8fd91/,https://api.robinhood.com/accounts/5SE25445/,fa785cc9-e75d-40e1-ad49-9dad4a009457,https://api.robinhood.com/positions/5SE25445/f3acdd2f-6580-4c75-a69c-81481cc4c235/,,https://api.robinhood.com/instruments/f3acdd2f-6580-4c75-a69c-81481cc4c235/,f3acdd2f-6580-4c75-a69c-81481cc4c235,2.00000000,68.00500000,0.00,filled,filled,,market,sell,gfd,immediate,68.00260000,,2.00000000,,2023-04-04T15:13:06.790370Z,2023-04-04T15:13:07.616773Z,2023-04-04T15:13:07.179000Z,"[{'price': '68.00260000', 'quantity': '2.00000000', 'rounded_notional': '136.01000000', 'settlement_date': '2023-04-06', 'timestamp': '2023-04-04T15:13:07.179000Z', 'id': '642c3e83-bf77-40dc-b019-47e27f8ff17b', 'ipo_access_execution_rank': None, 'trade_execution_date': '2023-04-04'}]",False,regular_hours,False,False,,,,,,,,"{'amount': '136.00', 'currency_code': 'USD', 'currency_id': '1072fc76-1862-41ab-82c2-485837590762'}","{'amount': '136.01', 'currency_code': 'USD', 'currency_id': '1072fc76-1862-41ab-82c2-485837590762'}",,False,,,,,,False,True,False,True,2,,collaring_removal,2.0,user,False,,order_finalized,,
642aecc8-6dbc-44d3-8530-cce584625007,4580D3E8-A28A-49BB-8BAE-110E068B3D4D,https://api.robinhood.com/orders/642aecc8-6dbc-44d3-8530-cce584625007/,https://api.robinhood.com/accounts/5SE25445/,fa785cc9-e75d-40e1-ad49-9dad4a009457,https://api.robinhood.com/positions/5SE25445/f3acdd2f-6580-4c75-a69c-81481cc4c235/,,https://api.robinhood.com/instruments/f3acdd2f-6580-4c75-a69c-81481cc4c235/,f3acdd2f-6580-4c75-a69c-81481cc4c235,2.00000000,65.92500000,0.00,filled,filled,,limit,buy,gfd,immediate,69.17000000,,2.00000000,,2023-04-03T15:12:08.718606Z,2023-04-03T15:12:09.399897Z,2023-04-03T15:12:08.936000Z,"[{'price': '65.92370000', 'quantity': '2.00000000', 'rounded_notional': '131.85000000', 'settlement_date': '2023-04-05', 'timestamp': '2023-04-03T15:12:08.936000Z', 'id': '642aecc8-a637-44d2-8f9f-e9826c180f3c', 'ipo_access_execution_rank': None, 'trade_execution_date': '2023-04-03'}]",False,regular_hours,False,False,,,,,,,,"{'amount': '138.34', 'currency_code': 'USD', 'currency_id': '1072fc76-1862-41ab-82c2-485837590762'}","{'amount': '131.85', 'currency_code': 'USD', 'currency_id': '1072fc76-1862-41ab-82c2-485837590762'}",,False,,,,,,False,True,False,True,2,0.050000,collaring_removal,2.0,user,False,,order_finalized,,
64233b15-b4ab-4611-80ae-15419ca37f49,21BD6350-88F9-4BB9-AC1A-54A2E5698614,https://api.robinhood.com/orders/64233b15-b4ab-4611-80ae-15419ca37f49/,https://api.robinhood.com/accounts/5SE25445/,fa785cc9-e75d-40e1-ad49-9dad4a009457,https://api.robinhood.com/positions/5SE25445/4dd45c8b-8e89-4fd1-894d-018e3f06a8e5/,,https://api.robinhood.com/instruments/4dd45c8b-8e89-4fd1-894d-018e3f06a8e5/,4dd45c8b-8e89-4fd1-894d-018e3f06a8e5,1.00000000,7.56000000,0.00,filled,filled,,limit,buy,gfd,immediate,7.93000000,,1.00000000,,2023-03-28T19:08:05.790265Z,2023-03-28T19:08:06.519913Z,2023-03-28T19:08:06.083000Z,"[{'price': '7.56000000', 'quantity': '1.00000000', 'rounded_notional': '7.56000000', 'settlement_date': '2023-03-30', 'timestamp': '2023-03-28T19:08:06.083000Z', 'id': '64233b16-eef1-4ba1-8356-c7b2149b9dca', 'ipo_access_execution_rank': None, 'trade_execution_date': '2023-03-28'}]",False,regular_hours,False,False,,,,,,,,"{'amount': '7.93', 'currency_code': 'USD', 'currency_id': '1072fc76-1862-41ab-82c2-485837590762'}","{'amount': '7.56', 'currency_code': 'USD', 'currency_id': '1072fc76-1862-41ab-82c2-485837590762'}",,False,,,,,,False,True,False,True,2,0.050000,collaring_removal,2.0,user,False,,order_finalized,,
6422ee63-7e12-4c04-9d14-786ae53ad04f,83AEDEE1-2473-4A3F-8841-2D15AF793AB1,https://api.robinhood.com/orders/6422ee63-7e12-4c04-9d14-786ae53ad04f/,https://api.robinhood.com/accounts/5SE25445/,fa785cc9-e75d-40e1-ad49-9dad4a009457,https://api.robinhood.com/positions/5SE25445/db8741b5-8c82-4de8-9f23-8f85dec217ae/,,https://api.robinhood.com/instruments/db8741b5-8c82-4de8-9f23-8f85dec217ae/,db8741b5-8c82-4de8-9f23-8f85dec217ae,4.00000000,22.45000000,0.00,filled,filled,,limit,buy,gfd,immediate,23.55000000,,4.00000000,,2023-03-28T13:40:51.868371Z,2023-03-28T13:40:52.533761Z,2023-03-28T13:40:52.094000Z,"[{'price': '22.44970000', 'quantity': '4.00000000', 'rounded_notional': '89.80000000', 'settlement_date': '2023-03-30', 'timestamp': '2023-03-28T13:40:52.094000Z', 'id': '6422ee64-b405-46c0-9295-f1026c2131c7', 'ipo_access_execution_rank': None, 'trade_execution_date': '2023-03-28'}]",False,regular_hours,False,False,,,,,,,,"{'amount': '94.20', 'currency_code': 'USD', 'currency_id': '1072fc76-1862-41ab-82c2-485837590762'}","{'amount': '89.80', 'currency_code': 'USD', 'currency_id': '1072fc76-1862-41ab-82c2-485837590762'}",,False,,,,,,False,True,False,True,2,0.050000,collaring_removal,2.0,user,False,,order_finalized,,
641c6534-6b4a-4e42-91f7-8709c127f8b1,F6202C5C-2694-46C4-957A-D95A825947D8,https://api.robinhood.com/orders/641c6534-6b4a-4e42-91f7-8709c127f8b1/,https://api.robinhood.com/accounts/5SE25445/,fa785cc9-e75d-40e1-ad49-9dad4a009457,https://api.robinhood.com/positions/5SE25445/f3acdd2f-6580-4c75-a69c-81481cc4c235/,,https://api.robinhood.com/instruments/f3acdd2f-6580-4c75-a69c-81481cc4c235/,f3acdd2f-6580-4c75-a69c-81481cc4c235,2.00000000,63.18000000,0.00,filled,filled,,limit,buy,gfd,immediate,66.24000000,,2.00000000,,2023-03-23T14:41:56.458235Z,2023-03-23T14:41:57.167540Z,2023-03-23T14:41:56.717000Z,"[{'price': '63.17970000', 'quantity': '2.00000000', 'rounded_notional': '126.36000000', 'settlement_date': '2023-03-27', 'timestamp': '2023-03-23T14:41:56.717000Z', 'id': '641c6534-347f-4593-810b-1e21a7004ec1', 'ipo_access_execution_rank': None, 'trade_execution_date': '2023-03-23'}]",False,regular_hours,False,False,,,,,,,,"{'amount': '132.48', 'currency_code': 'USD', 'currency_id': '1072fc76-1862-41ab-82c2-485837590762'}","{'amount': '126.36', 'currency_code': 'USD', 'currency_id': '1072fc76-1862-41ab-82c2-485837590762'}",,False,,,,,,False,True,False,True,2,0.050000,collaring_removal,2.0,user,False,,order_finalized,,
641b4d35-0ab1-4501-b02e-b5790a97afe9,D9FB7D39-14DB-4A8B-80F3-C3E365F855D2,https://api.robinhood.com/orders/641b4d35-0ab1-4501-b02e-b5790a97afe9/,https://api.robinhood.com/accounts/5SE25445/,fa785cc9-e75d-40e1-ad49-9dad4a009457,https://api.robinhood.com/positions/5SE25445/db8741b5-8c82-4de8-9f23-8f85dec217ae/,,https://api.robinhood.com/instruments/db8741b5-8c82-4de8-9f23-8f85dec217ae/,db8741b5-8c82-4de8-9f23-8f85dec217ae,2.94959200,22.71500000,0.00,filled,filled,,market,buy,gfd,immediate,22.65000000,,2.94959200,,2023-03-22T18:47:17.899702Z,2023-03-22T18:47:19.203576Z,2023-03-22T18:47:18.910005Z,"[{'price': '22.71500000', 'quantity': '2.94959200', 'rounded_notional': '67.00000000', 'settlement_date': '2023-03-24', 'timestamp': '2023-03-22T18:47:18.266000Z', 'id': '641b4d36-3d9e-461a-aade-6dbfabda6c6d', 'ipo_access_execution_rank': None, 'trade_execution_date': '2023-03-22'}]",False,regular_hours,False,False,,,,,,"{'amount': '67.00000000', 'currency_code': 'USD', 'currency_id': '1072fc76-1862-41ab-82c2-485837590762'}",,"{'amount': '67.00', 'currency_code': 'USD', 'currency_id': '1072fc76-1862-41ab-82c2-485837590762'}","{'amount': '67.00', 'currency_code': 'USD', 'currency_id': '1072fc76-1862-41ab-82c2-485837590762'}",,False,,,,,,False,True,False,True,2,,collaring_removal,2.0,user,False,,order_finalized,,
63d9427c-e620-43c4-bec7-e599b9802bc2,6F571427-BA8D-442C-A389-AF9EECBBCF77,https://api.robinhood.com/orders/63d9427c-e620-43c4-bec7-e599b9802bc2/,https://api.robinhood.com/accounts/5SE25445/,fa785cc9-e75d-40e1-ad49-9dad4a009457,https://api.robinhood.com/positions/5SE25445/f3acdd2f-6580-4c75-a69c-81481cc4c235/,,https://api.robinhood.com/instruments/f3acdd2f-6580-4c75-a69c-81481cc4c235/,f3acdd2f-6580-4c75-a69c-81481cc4c235,2.09384400,81.99270000,0.00,filled,filled,,market,sell,gfd,immediate,,,2.09384400,,2023-01-31T16:31:56.524945Z,2023-01-31T16:31:57.755851Z,2023-01-31T16:31:57.466214Z,"[{'price': '82.00500000', 'quantity': '0.09384400', 'rounded_notional': '7.70000000', 'settlement_date': '2023-02-02', 'timestamp': '2023-01-31T16:31:56.805891Z', 'id': '63d9427c-cbfc-4785-9607-e06a3e936e14', 'ipo_access_execution_rank': None, 'trade_execution_date': '2023-01-31'}, {'price': '81.99040000', 'quantity': '2.00000000', 'rounded_notional': '163.98000000', 'settlement_date': '2023-02-02', 'timestamp': '2023-01-31T16:31:56.876000Z', 'id': '63d9427d-35c0-481f-87d2-e3ddc93203d7', 'ipo_access_execution_rank': None, 'trade_execution_date': '2023-01-31'}]",False,regular_hours,False,False,,,,,,,,,"{'amount': '171.68', 'currency_code': 'USD', 'currency_id': '1072fc76-1862-41ab-82c2-485837590762'}",,False,,,,,,False,True,False,True,0,,,2.0,user,False,,order_finalized,,
63d7ea37-12b6-435b-a876-d0a93e8b0207,45C9AAC6-262A-4198-ADE2-FF5CAB1E8D29,https://api.robinhood.com/orders/63d7ea37-12b6-435b-a876-d0a93e8b0207/,https://api.robinhood.com/accounts/5SE25445/,fa785cc9-e75d-40e1-ad49-9dad4a009457,https://api.robinhood.com/positions/5SE25445/f3acdd2f-6580-4c75-a69c-81481cc4c235/,,https://api.robinhood.com/instruments/f3acdd2f-6580-4c75-a69c-81481cc4c235/,f3acdd2f-6580-4c75-a69c-81481cc4c235,2.09384400,81.30500000,0.00,filled,filled,,market,buy,gfd,immediate,85.42000000,,2.09384400,,2023-01-30T16:03:03.703620Z,2023-01-30T16:03:05.353259Z,2023-01-30T16:03:04.624564Z,"[{'price': '81.30500000', 'quantity': '0.09384400', 'rounded_notional': '7.63000000', 'settlement_date': '2023-02-01', 'timestamp': '2023-01-30T16:03:03.914082Z', 'id': '63d7ea37-bf94-4304-92d7-7fd17a4ddf58', 'ipo_access_execution_rank': None, 'trade_execution_date': '2023-01-30'}, {'price': '81.30730000', 'quantity': '2.00000000', 'rounded_notional': '162.61000000', 'settlement_date': '2023-02-01', 'timestamp': '2023-01-30T16:03:04.044000Z', 'id': '63d7ea38-bef1-4ab2-a408-3e2749ae0113', 'ipo_access_execution_rank': None, 'trade_execution_date': '2023-01-30'}]",False,regular_hours,False,False,,,,,,"{'amount': '170.24000000', 'currency_code': 'USD', 'currency_id': '1072fc76-1862-41ab-82c2-485837590762'}",,"{'amount': '170.24', 'currency_code': 'USD', 'currency_id': '1072fc76-1862-41ab-82c2-485837590762'}","{'amount': '170.24', 'currency_code': 'USD', 'currency_id': '1072fc76-1862-41ab-82c2-485837590762'}",,False,,,,,,False,True,False,True,0,,,2.0,user,False,,order_finalized,,
63d2baa9-6b19-421a-b635-77cff92119c1,3881D92D-93A1-4A5A-8E54-1B40CC51F314,https://api.robinhood.com/orders/63d2baa9-6b19-421a-b635-77cff92119c1/,https://api.robinhood.com/accounts/5SE25445/,fa785cc9-e75d-40e1-ad49-9dad4a009457,https://api.robinhood.com/positions/5SE25445/ef29fd22-6e22-44ef-9911-a8f5bd68abd3/,,https://api.robinhood.com/instruments/ef29fd22-6e22-44ef-9911-a8f5bd68abd3/,ef29fd22-6e22-44ef-9911-a8f5bd68abd3,0.23016300,9.77570000,0.00,filled,filled,,market,sell,gfd,immediate,,,0.23016300,,2023-01-26T17:38:49.287735Z,2023-01-26T17:38:49.821306Z,2023-01-26T17:38:49.541480Z,"[{'price': '9.75500000', 'quantity': '0.23016300', 'rounded_notional': '2.25000000', 'settlement_date': '2023-01-30', 'timestamp': '2023-01-26T17:38:49.541397Z', 'id': '63d2baa9-fd18-4153-b33d-9d10934955d2', 'ipo_access_execution_rank': None, 'trade_execution_date': '2023-01-26'}]",False,regular_hours,False,False,,,,,,,,,"{'amount': '2.25', 'currency_code': 'USD', 'currency_id': '1072fc76-1862-41ab-82c2-485837590762'}",,False,,,,,,False,True,False,True,0,,,0.0,user,False,,order_finalized,,
63d2ba9d-1ab9-47cb-adf3-85a22195e5a0,27E9AECF-EA16-4553-B631-C818132328BB,https://api.robinhood.com/orders/63d2ba9d-1ab9-47cb-adf3-85a22195e5a0/,https://api.robinhood.com/accounts/5SE25445/,fa785cc9-e75d-40e1-ad49-9dad4a009457,https://api.robinhood.com/positions/5SE25445/e39ed23a-7bd1-4587-b060-71988d9ef483/,,https://api.robinhood.com/instruments/e39ed23a-7bd1-4587-b060-71988d9ef483/,e39ed23a-7bd1-4587-b060-71988d9ef483,0.09741300,156.96060000,0.00,filled,filled,,market,sell,gfd,immediate,,,0.09741300,,2023-01-26T17:38:37.447267Z,2023-01-26T17:38:38.219986Z,2023-01-26T17:38:37.943202Z,"[{'price': '156.95500000', 'quantity': '0.09741300', 'rounded_notional': '15.29000000', 'settlement_date': '2023-01-30', 'timestamp': '2023-01-26T17:38:37.943151Z', 'id': '63d2ba9d-2dd2-4eee-9338-3786e5b25317', 'ipo_access_execution_rank': None, 'trade_execution_date': '2023-01-26'}]",False,regular_hours,False,False,,,,,,,,,"{'amount': '15.29', 'currency_code': 'USD', 'currency_id': '1072fc76-1862-41ab-82c2-485837590762'}",,False,,,,,,False,True,False,True,0,,,0.0,user,False,,order_finalized,,
63d2ba94-e388-4448-90cc-181f9a279838,5BF26A0E-1C96-4875-BD80-AC861F099379,https://api.robinhood.com/orders/63d2ba94-e388-4448-90cc-181f9a279838/,https://api.robinhood.com/accounts/5SE25445/,fa785cc9-e75d-40e1-ad49-9dad4a009457,https://api.robinhood.com/positions/5SE25445/c0bb3aec-bd1e-471e-a4f0-ca011cbec711/,,https://api.robinhood.com/instruments/c0bb3aec-bd1e-471e-a4f0-ca011cbec711/,c0bb3aec-bd1e-471e-a4f0-ca011cbec711,0.18062000,97.99580000,0.00,filled,filled,,market,sell,gfd,immediate,,,0.18062000,,2023-01-26T17:38:28.122664Z,2023-01-26T17:38:28.830429Z,2023-01-26T17:38:28.551921Z,"[{'price': '97.97500000', 'quantity': '0.18062000', 'rounded_notional': '17.70000000', 'settlement_date': '2023-01-30', 'timestamp': '2023-01-26T17:38:28.551884Z', 'id': '63d2ba94-63c5-4373-82ff-2fd0cdd93f9c', 'ipo_access_execution_rank': None, 'trade_execution_date': '2023-01-26'}]",False,regular_hours,False,False,,,,,,,,,"{'amount': '17.70', 'currency_code': 'USD', 'currency_id': '1072fc76-1862-41ab-82c2-485837590762'}",,False,,,,,,False,True,False,True,0,,,0.0,user,False,,order_finalized,,
63d2ba8a-4adc-485f-b9ef-f0a2554fc275,5F18339F-30CA-4DCC-B1CC-735B483474F5,https://api.robinhood.com/orders/63d2ba8a-4adc-485f-b9ef-f0a2554fc275/,https://api.robinhood.com/accounts/5SE25445/,fa785cc9-e75d-40e1-ad49-9dad4a009457,https://api.robinhood.com/positions/5SE25445/940fc3f5-1db5-4fed-b452-f3a2e4562b5f/,,https://api.robinhood.com/instruments/940fc3f5-1db5-4fed-b452-f3a2e4562b5f/,940fc3f5-1db5-4fed-b452-f3a2e4562b5f,0.21945400,74.77650000,0.00,filled,filled,,market,sell,gfd,immediate,,,0.21945400,,2023-01-26T17:38:18.649277Z,2023-01-26T17:38:19.257384Z,2023-01-26T17:38:18.979278Z,"[{'price': '74.76500000', 'quantity': '0.21945400', 'rounded_notional': '16.41000000', 'settlement_date': '2023-01-30', 'timestamp': '2023-01-26T17:38:18.979237Z', 'id': '63d2ba8a-908b-4b72-b784-766ba923d5be', 'ipo_access_execution_rank': None, 'trade_execution_date': '2023-01-26'}]",False,regular_hours,False,False,,,,,,,,,"{'amount': '16.41', 'currency_code': 'USD', 'currency_id': '1072fc76-1862-41ab-82c2-485837590762'}",,False,,,,,,False,True,False,True,0,,,0.0,user,False,,order_finalized,,
63d2ba43-43b8-47bd-bc0e-9e33f9782fac,B092247A-8BAA-404A-94B7-9E831FFB71AE,https://api.robinhood.com/orders/63d2ba43-43b8-47bd-bc0e-9e33f9782fac/,https://api.robinhood.com/accounts/5SE25445/,fa785cc9-e75d-40e1-ad49-9dad4a009457,https://api.robinhood.com/positions/5SE25445/1790dd4f-a7ff-409e-90de-cad5efafde10/,,https://api.robinhood.com/instruments/1790dd4f-a7ff-409e-90de-cad5efafde10/,1790dd4f-a7ff-409e-90de-cad5efafde10,0.11404600,291.11060000,0.00,filled,filled,,market,sell,gfd,immediate,,,0.11404600,,2023-01-26T17:37:07.369375Z,2023-01-26T17:37:07.963504Z,2023-01-26T17:37:07.678089Z,"[{'price': '291.07500000', 'quantity': '0.11404600', 'rounded_notional': '33.20000000', 'settlement_date': '2023-01-30', 'timestamp': '2023-01-26T17:37:07.678051Z', 'id': '63d2ba43-e389-45fd-ab1a-6b7c74955edd', 'ipo_access_execution_rank': None, 'trade_execution_date': '2023-01-26'}]",False,regular_hours,False,False,,,,,,,,,"{'amount': '33.20', 'currency_code': 'USD', 'currency_id': '1072fc76-1862-41ab-82c2-485837590762'}",,False,,,,,,False,True,False,True,0,,,0.0,user,False,,order_finalized,,
63d2ba1b-7e41-4654-940c-4fb9a68883c7,C8E2C9BF-2D9E-4A4C-96CF-52A6E3DAA473,https://api.robinhood.com/orders/63d2ba1b-7e41-4654-940c-4fb9a68883c7/,https://api.robinhood.com/accounts/5SE25445/,fa785cc9-e75d-40e1-ad49-9dad4a009457,https://api.robinhood.com/positions/5SE25445/8f92e76f-1e0e-4478-8580-16a6ffcfaef5/,,https://api.robinhood.com/instruments/8f92e76f-1e0e-4478-8580-16a6ffcfaef5/,8f92e76f-1e0e-4478-8580-16a6ffcfaef5,0.47481900,402.65870000,0.00,filled,filled,,market,sell,gfd,immediate,,,0.47481900,,2023-01-26T17:36:27.322533Z,2023-01-26T17:36:28.579311Z,2023-01-26T17:36:28.291663Z,"[{'price': '402.65000000', 'quantity': '0.47481900', 'rounded_notional': '191.19000000', 'settlement_date': '2023-01-30', 'timestamp': '2023-01-26T17:36:27.776000Z', 'id': '63d2ba1c-f872-4c9e-97b1-1403beeba3a9', 'ipo_access_execution_rank': None, 'trade_execution_date': '2023-01-26'}]",False,regular_hours,False,False,,,,,,,,,"{'amount': '191.19', 'currency_code': 'USD', 'currency_id': '1072fc76-1862-41ab-82c2-485837590762'}",,False,,,,,,False,True,False,True,0,,,2.0,user,False,,order_finalized,,
63d2b9f1-7849-4af4-baf5-382c6138bca9,29523E43-89B6-48BD-874C-E533DDEAEADF,https://api.robinhood.com/orders/63d2b9f1-7849-4af4-baf5-382c6138bca9/,https://api.robinhood.com/accounts/5SE25445/,fa785cc9-e75d-40e1-ad49-9dad4a009457,https://api.robinhood.com/positions/5SE25445/ef29fd22-6e22-44ef-9911-a8f5bd68abd3/,,https://api.robinhood.com/instruments/ef29fd22-6e22-44ef-9911-a8f5bd68abd3/,ef29fd22-6e22-44ef-9911-a8f5bd68abd3,3.00000000,9.73330000,0.00,filled,filled,,market,sell,gfd,immediate,,,3.00000000,,2023-01-26T17:35:45.672904Z,2023-01-26T17:35:46.339312Z,2023-01-26T17:35:45.934000Z,"[{'price': '9.73420000', 'quantity': '3.00000000', 'rounded_notional': '29.20000000', 'settlement_date': '2023-01-30', 'timestamp': '2023-01-26T17:35:45.934000Z', 'id': '63d2b9f1-293c-4424-9873-8ff57787edc8', 'ipo_access_execution_rank': None, 'trade_execution_date': '2023-01-26'}]",False,regular_hours,False,False,,,,,,,,,"{'amount': '29.20', 'currency_code': 'USD', 'currency_id': '1072fc76-1862-41ab-82c2-485837590762'}",,False,,,,,,False,True,False,True,0,,,2.0,user,False,,order_finalized,,
63cfed4b-33fd-4f26-9788-efb0a7db8970,B3D9A6B3-92F7-4062-8A01-F71CEC38FD7A,https://api.robinhood.com/orders/63cfed4b-33fd-4f26-9788-efb0a7db8970/,https://api.robinhood.com/accounts/5SE25445/,fa785cc9-e75d-40e1-ad49-9dad4a009457,https://api.robinhood.com/positions/5SE25445/8f92e76f-1e0e-4478-8580-16a6ffcfaef5/,,https://api.robinhood.com/instruments/8f92e76f-1e0e-4478-8580-16a6ffcfaef5/,8f92e76f-1e0e-4478-8580-16a6ffcfaef5,0.39583000,398.58020000,0.00,filled,filled,,market,buy,gfd,immediate,418.39000000,,0.39583000,,2023-01-24T14:38:03.887522Z,2023-01-24T14:38:04.408485Z,2023-01-24T14:38:04.115406Z,"[{'price': '398.58000000', 'quantity': '0.39583000', 'rounded_notional': '157.77000000', 'settlement_date': '2023-01-26', 'timestamp': '2023-01-24T14:38:04.115362Z', 'id': '63cfed4c-107d-4001-9b6c-394ae2514728', 'ipo_access_execution_rank': None, 'trade_execution_date': '2023-01-24'}]",False,regular_hours,False,False,,,,,,"{'amount': '157.77000000', 'currency_code': 'USD', 'currency_id': '1072fc76-1862-41ab-82c2-485837590762'}",,"{'amount': '157.77', 'currency_code': 'USD', 'currency_id': '1072fc76-1862-41ab-82c2-485837590762'}","{'amount': '157.77', 'currency_code': 'USD', 'currency_id': '1072fc76-1862-41ab-82c2-485837590762'}",,False,,,,,,False,True,False,True,0,,,0.0,user,False,,order_finalized,,
63cece72-621e-43c1-9553-2587e3ee41d3,63E1C27A-5669-493C-A9DC-0BB4EE2956A2,https://api.robinhood.com/orders/63cece72-621e-43c1-9553-2587e3ee41d3/,https://api.robinhood.com/accounts/5SE25445/,fa785cc9-e75d-40e1-ad49-9dad4a009457,https://api.robinhood.com/positions/5SE25445/f3acdd2f-6580-4c75-a69c-81481cc4c235/,,https://api.robinhood.com/instruments/f3acdd2f-6580-4c75-a69c-81481cc4c235/,f3acdd2f-6580-4c75-a69c-81481cc4c235,0.81858500,79.94280000,0.00,filled,filled,,market,sell,gfd,immediate,,,0.81858500,,2023-01-23T18:14:10.430621Z,2023-01-23T18:14:11.396588Z,2023-01-23T18:14:10.811355Z,"[{'price': '79.94500000', 'quantity': '0.81858500', 'rounded_notional': '65.44000000', 'settlement_date': '2023-01-25', 'timestamp': '2023-01-23T18:14:10.811256Z', 'id': '63cece72-93d5-463c-82f3-6f5faf3c8d19', 'ipo_access_execution_rank': None, 'trade_execution_date': '2023-01-23'}]",False,regular_hours,False,False,,,,,,,,,"{'amount': '65.44', 'currency_code': 'USD', 'currency_id': '1072fc76-1862-41ab-82c2-485837590762'}",,False,,,,,,False,True,False,True,0,,,0.0,user,False,,order_finalized,,
63cece63-5c08-485a-86b5-6c13f6603db6,4EF996DE-9859-4BE9-9E56-D6D75DF3FB30,https://api.robinhood.com/orders/63cece63-5c08-485a-86b5-6c13f6603db6/,https://api.robinhood.com/accounts/5SE25445/,fa785cc9-e75d-40e1-ad49-9dad4a009457,https://api.robinhood.com/positions/5SE25445/f63d0258-942e-48ba-9b13-17c5e9f21b1c/,,https://api.robinhood.com/instruments/f63d0258-942e-48ba-9b13-17c5e9f21b1c/,f63d0258-942e-48ba-9b13-17c5e9f21b1c,8.88230900,2.86070000,0.00,filled,filled,,market,sell,gfd,immediate,,,8.88230900,,2023-01-23T18:13:55.149319Z,2023-01-23T18:13:57.402314Z,2023-01-23T18:13:56.216526Z,"[{'price': '2.86500000', 'quantity': '0.88230900', 'rounded_notional': '2.53000000', 'settlement_date': '2023-01-25', 'timestamp': '2023-01-23T18:13:55.589572Z', 'id': '63cece63-60cf-4d5c-b36b-ee88608bd2c2', 'ipo_access_execution_rank': None, 'trade_execution_date': '2023-01-23'}, {'price': '2.86050000', 'quantity': '8.00000000', 'rounded_notional': '22.88000000', 'settlement_date': '2023-01-25', 'timestamp': '2023-01-23T18:13:55.724000Z', 'id': '63cece64-7696-47a6-a37d-925152fb51d8', 'ipo_access_execution_rank': None, 'trade_execution_date': '2023-01-23'}]",False,regular_hours,False,False,,,,,,,,,"{'amount': '25.41', 'currency_code': 'USD', 'currency_id': '1072fc76-1862-41ab-82c2-485837590762'}",,False,,,,,,False,True,False,True,0,,,2.0,user,False,,order_finalized,,
63caebfd-7474-4a6b-81e1-1695c3d225d9,3D9E737D-8EC4-465B-BAD5-FFB52CA2120F,https://api.robinhood.com/orders/63caebfd-7474-4a6b-81e1-1695c3d225d9/,https://api.robinhood.com/accounts/5SE25445/,fa785cc9-e75d-40e1-ad49-9dad4a009457,https://api.robinhood.com/positions/5SE25445/f63d0258-942e-48ba-9b13-17c5e9f21b1c/,,https://api.robinhood.com/instruments/f63d0258-942e-48ba-9b13-17c5e9f21b1c/,f63d0258-942e-48ba-9b13-17c5e9f21b1c,8.88230900,3.37750000,0.00,filled,filled,,market,buy,gfd,immediate,3.54000000,,8.88230900,,2023-01-20T19:31:09.009709Z,2023-01-20T19:31:11.096511Z,2023-01-20T19:31:09.862678Z,"[{'price': '3.37750000', 'quantity': '8.88230900', 'rounded_notional': '30.00000000', 'settlement_date': '2023-01-24', 'timestamp': '2023-01-20T19:31:09.291000Z', 'id': '63caebfd-8a84-4976-af68-4e32407dd40d', 'ipo_access_execution_rank': None, 'trade_execution_date': '2023-01-20'}]",False,regular_hours,False,False,,,,,,"{'amount': '30.00000000', 'currency_code': 'USD', 'currency_id': '1072fc76-1862-41ab-82c2-485837590762'}",,"{'amount': '30.00', 'currency_code': 'USD', 'currency_id': '1072fc76-1862-41ab-82c2-485837590762'}","{'amount': '30.00', 'currency_code': 'USD', 'currency_id': '1072fc76-1862-41ab-82c2-485837590762'}",,False,,,,,,False,True,False,True,0,,,2.0,user,False,,order_finalized,,
63bc3de8-7146-4538-b47b-24bdb8222f94,BC627ACA-DE95-4AE3-B269-2320ECE9CF4F,https://api.robinhood.com/orders/63bc3de8-7146-4538-b47b-24bdb8222f94/,https://api.robinhood.com/accounts/5SE25445/,fa785cc9-e75d-40e1-ad49-9dad4a009457,https://api.robinhood.com/positions/5SE25445/940fc3f5-1db5-4fed-b452-f3a2e4562b5f/,,https://api.robinhood.com/instruments/940fc3f5-1db5-4fed-b452-f3a2e4562b5f/,940fc3f5-1db5-4fed-b452-f3a2e4562b5f,0.18811900,69.10520000,0.00,filled,filled,,market,buy,gfd,immediate,72.59000000,,0.18811900,,2023-01-09T16:16:40.006032Z,2023-01-09T16:16:40.482863Z,2023-01-09T16:16:40.202784Z,"[{'price': '69.10500000', 'quantity': '0.18811900', 'rounded_notional': '13.00000000', 'settlement_date': '2023-01-11', 'timestamp': '2023-01-09T16:16:40.202731Z', 'id': '63bc3de8-ceb0-4f57-8706-6bd181b41ab3', 'ipo_access_execution_rank': None, 'trade_execution_date': '2023-01-09'}]",False,regular_hours,False,False,,,,,,"{'amount': '13.00000000', 'currency_code': 'USD', 'currency_id': '1072fc76-1862-41ab-82c2-485837590762'}",,"{'amount': '13.00', 'currency_code': 'USD', 'currency_id': '1072fc76-1862-41ab-82c2-485837590762'}","{'amount': '13.00', 'currency_code': 'USD', 'currency_id': '1072fc76-1862-41ab-82c2-485837590762'}",,False,,,,,,False,True,False,True,0,,,0.0,user,False,,order_finalized,,
63bc3d75-2374-419f-9e5a-207c812a6a3d,846DDEEF-D561-4EE2-9FB4-25D61E5757C0,https://api.robinhood.com/orders/63bc3d75-2374-419f-9e5a-207c812a6a3d/,https://api.robinhood.com/accounts/5SE25445/,fa785cc9-e75d-40e1-ad49-9dad4a009457,https://api.robinhood.com/positions/5SE25445/e39ed23a-7bd1-4587-b060-71988d9ef483/,,https://api.robinhood.com/instruments/e39ed23a-7bd1-4587-b060-71988d9ef483/,e39ed23a-7bd1-4587-b060-71988d9ef483,0.09741300,122.36560000,0.00,filled,filled,,market,buy,gfd,immediate,128.48000000,,0.09741300,,2023-01-09T16:14:45.373271Z,2023-01-09T16:14:45.823997Z,2023-01-09T16:14:45.551719Z,"[{'price': '122.36500000', 'quantity': '0.09741300', 'rounded_notional': '11.92000000', 'settlement_date': '2023-01-11', 'timestamp': '2023-01-09T16:14:45.551669Z', 'id': '63bc3d75-2c8a-405f-a51a-155b9e6fad44', 'ipo_access_execution_rank': None, 'trade_execution_date': '2023-01-09'}]",False,regular_hours,False,False,,,,,,"{'amount': '11.92000000', 'currency_code': 'USD', 'currency_id': '1072fc76-1862-41ab-82c2-485837590762'}",,"{'amount': '11.92', 'currency_code': 'USD', 'currency_id': '1072fc76-1862-41ab-82c2-485837590762'}","{'amount': '11.92', 'currency_code': 'USD', 'currency_id': '1072fc76-1862-41ab-82c2-485837590762'}",,False,,,,,,False,True,False,True,0,,,0.0,user,False,,order_finalized,,
63b83246-9388-4bba-a87f-654e41c5b2e1,A78FAE7B-250A-4FAE-B3B0-6BFBAAE2786B,https://api.robinhood.com/orders/63b83246-9388-4bba-a87f-654e41c5b2e1/,https://api.robinhood.com/accounts/5SE25445/,fa785cc9-e75d-40e1-ad49-9dad4a009457,https://api.robinhood.com/positions/5SE25445/f3acdd2f-6580-4c75-a69c-81481cc4c235/,,https://api.robinhood.com/instruments/f3acdd2f-6580-4c75-a69c-81481cc4c235/,f3acdd2f-6580-4c75-a69c-81481cc4c235,10.70550400,65.38690000,0.02,filled,filled,,market,sell,gfd,immediate,,,10.70550400,,2023-01-06T14:37:58.533020Z,2023-01-06T14:37:59.662930Z,2023-01-06T14:37:59.364808Z,"[{'price': '65.40000000', 'quantity': '0.70336300', 'rounded_notional': '46.00000000', 'settlement_date': '2023-01-10', 'timestamp': '2023-01-06T14:37:58.805881Z', 'id': '63b83246-15f0-4b46-9dba-5cbffaa37c37', 'ipo_access_execution_rank': None, 'trade_execution_date': '2023-01-06'}, {'price': '65.38550000', 'quantity': '10.00000000', 'rounded_notional': '653.86000000', 'settlement_date': '2023-01-10', 'timestamp': '2023-01-06T14:37:58.867000Z', 'id': '63b83247-f9dd-4de5-8947-86ff7bbf58e2', 'ipo_access_execution_rank': None, 'trade_execution_date': '2023-01-06'}, {'price': '65.38550000', 'quantity': '0.00214100', 'rounded_notional': '0.14000000', 'settlement_date': '2023-01-10', 'timestamp': '2023-01-06T14:37:58.867000Z', 'id': '63b83247-7608-4230-b4e8-da8a08079bb5', 'ipo_access_execution_rank': None, 'trade_execution_date': '2023-01-06'}]",False,regular_hours,False,False,,,,,,"{'amount': '700.00000000', 'currency_code': 'USD', 'currency_id': '1072fc76-1862-41ab-82c2-485837590762'}",,,"{'amount': '700.00', 'currency_code': 'USD', 'currency_id': '1072fc76-1862-41ab-82c2-485837590762'}",,False,,,,,,False,True,False,True,0,,,2.0,user,False,,order_finalized,,
63b6e407-88df-4884-a122-3172d217c4fa,3BDF1868-5402-41A2-8934-00513D559DF5,https://api.robinhood.com/orders/63b6e407-88df-4884-a122-3172d217c4fa/,https://api.robinhood.com/accounts/5SE25445/,fa785cc9-e75d-40e1-ad49-9dad4a009457,https://api.robinhood.com/positions/5SE25445/f3acdd2f-6580-4c75-a69c-81481cc4c235/,,https://api.robinhood.com/instruments/f3acdd2f-6580-4c75-a69c-81481cc4c235/,f3acdd2f-6580-4c75-a69c-81481cc4c235,11.30981000,63.84550000,0.00,filled,filled,,market,buy,gfd,immediate,67.04000000,,11.30981000,,2023-01-05T14:51:51.186407Z,2023-01-05T14:51:52.349998Z,2023-01-05T14:51:52.056276Z,"[{'price': '63.83500000', 'quantity': '0.31166200', 'rounded_notional': '19.89000000', 'settlement_date': '2023-01-09', 'timestamp': '2023-01-05T14:51:51.413425Z', 'id': '63b6e407-0b76-4759-8fb7-a4a45926fb88', 'ipo_access_execution_rank': None, 'trade_execution_date': '2023-01-05'}, {'price': '63.84620000', 'quantity': '10.99814800', 'rounded_notional': '702.19000000', 'settlement_date': '2023-01-09', 'timestamp': '2023-01-05T14:51:51.528000Z', 'id': '63b6e408-b941-468b-9da9-f80eaaec824a', 'ipo_access_execution_rank': None, 'trade_execution_date': '2023-01-05'}]",False,regular_hours,False,False,,,,,,"{'amount': '722.08000000', 'currency_code': 'USD', 'currency_id': '1072fc76-1862-41ab-82c2-485837590762'}",,"{'amount': '722.08', 'currency_code': 'USD', 'currency_id': '1072fc76-1862-41ab-82c2-485837590762'}","{'amount': '722.08', 'currency_code': 'USD', 'currency_id': '1072fc76-1862-41ab-82c2-485837590762'}",,False,,,,,,False,True,False,True,0,,,2.0,user,False,,order_finalized,,
63b59466-f2c4-4234-b98b-878d3ebbeb54,F24DD9E3-0892-49B7-B820-E9788C609411,https://api.robinhood.com/orders/63b59466-f2c4-4234-b98b-878d3ebbeb54/,https://api.robinhood.com/accounts/5SE25445/,fa785cc9-e75d-40e1-ad49-9dad4a009457,https://api.robinhood.com/positions/5SE25445/ef29fd22-6e22-44ef-9911-a8f5bd68abd3/,,https://api.robinhood.com/instruments/ef29fd22-6e22-44ef-9911-a8f5bd68abd3/,ef29fd22-6e22-44ef-9911-a8f5bd68abd3,1.22324100,8.17500000,0.00,filled,filled,,market,buy,gfd,immediate,8.58000000,,1.22324100,,2023-01-04T14:59:50.636385Z,2023-01-04T14:59:52.405738Z,2023-01-04T14:59:51.573783Z,"[{'price': '8.17500000', 'quantity': '0.22324100', 'rounded_notional': '1.82000000', 'settlement_date': '2023-01-06', 'timestamp': '2023-01-04T14:59:50.832453Z', 'id': '63b59466-5e86-4c58-b083-b2cb95d0b833', 'ipo_access_execution_rank': None, 'trade_execution_date': '2023-01-04'}, {'price': '8.17940000', 'quantity': '1.00000000', 'rounded_notional': '8.18000000', 'settlement_date': '2023-01-06', 'timestamp': '2023-01-04T14:59:50.916000Z', 'id': '63b59467-85d8-49d6-8db6-05ffa3d0ca67', 'ipo_access_execution_rank': None, 'trade_execution_date': '2023-01-04'}]",False,regular_hours,False,False,,,,,,"{'amount': '10.00000000', 'currency_code': 'USD', 'currency_id': '1072fc76-1862-41ab-82c2-485837590762'}",,"{'amount': '10.00', 'currency_code': 'USD', 'currency_id': '1072fc76-1862-41ab-82c2-485837590762'}","{'amount': '10.00', 'currency_code': 'USD', 'currency_id': '1072fc76-1862-41ab-82c2-485837590762'}",,False,,,,,,False,True,False,True,0,,,2.0,user,False,,order_finalized,,
63aefbf3-f126-40f7-a7db-7001c2c3a70a,FCC58994-EF22-4130-86AF-011849819E4F,https://api.robinhood.com/orders/63aefbf3-f126-40f7-a7db-7001c2c3a70a/,https://api.robinhood.com/accounts/5SE25445/,fa785cc9-e75d-40e1-ad49-9dad4a009457,https://api.robinhood.com/positions/5SE25445/1790dd4f-a7ff-409e-90de-cad5efafde10/,,https://api.robinhood.com/instruments/1790dd4f-a7ff-409e-90de-cad5efafde10/,1790dd4f-a7ff-409e-90de-cad5efafde10,0.11404600,263.05180000,0.00,filled,filled,,market,buy,gfd,immediate,276.27000000,,0.11404600,,2022-12-30T14:55:47.772110Z,2022-12-30T14:55:48.215664Z,2022-12-30T14:55:47.935342Z,"[{'price': '263.05000000', 'quantity': '0.11404600', 'rounded_notional': '30.00000000', 'settlement_date': '2023-01-04', 'timestamp': '2022-12-30T14:55:47.935285Z', 'id': '63aefbf3-44e2-4f64-95fb-201f8a3378f3', 'ipo_access_execution_rank': None, 'trade_execution_date': '2022-12-30'}]",False,regular_hours,False,False,,,,,,"{'amount': '30.00000000', 'currency_code': 'USD', 'currency_id': '1072fc76-1862-41ab-82c2-485837590762'}",,"{'amount': '30.00', 'currency_code': 'USD', 'currency_id': '1072fc76-1862-41ab-82c2-485837590762'}","{'amount': '30.00', 'currency_code': 'USD', 'currency_id': '1072fc76-1862-41ab-82c2-485837590762'}",,False,,,,,,False,True,False,True,0,,,0.0,user,False,,order_finalized,,
63aefbe3-9a42-4d9c-934e-83aa6f808d74,E4447CC1-6494-4E40-BE7B-D70FD010884D,https://api.robinhood.com/orders/63aefbe3-9a42-4d9c-934e-83aa6f808d74/,https://api.robinhood.com/accounts/5SE25445/,fa785cc9-e75d-40e1-ad49-9dad4a009457,https://api.robinhood.com/positions/5SE25445/8f92e76f-1e0e-4478-8580-16a6ffcfaef5/,,https://api.robinhood.com/instruments/8f92e76f-1e0e-4478-8580-16a6ffcfaef5/,8f92e76f-1e0e-4478-8580-16a6ffcfaef5,0.07898900,379.79970000,0.00,filled,filled,,market,buy,gfd,immediate,398.82000000,,0.07898900,,2022-12-30T14:55:31.935602Z,2022-12-30T14:55:32.429709Z,2022-12-30T14:55:32.144187Z,"[{'price': '379.79500000', 'quantity': '0.07898900', 'rounded_notional': '30.00000000', 'settlement_date': '2023-01-04', 'timestamp': '2022-12-30T14:55:32.144127Z', 'id': '63aefbe4-13f1-41e7-b9d5-7df41f74ab82', 'ipo_access_execution_rank': None, 'trade_execution_date': '2022-12-30'}]",False,regular_hours,False,False,,,,,,"{'amount': '30.00000000', 'currency_code': 'USD', 'currency_id': '1072fc76-1862-41ab-82c2-485837590762'}",,"{'amount': '30.00', 'currency_code': 'USD', 'currency_id': '1072fc76-1862-41ab-82c2-485837590762'}","{'amount': '30.00', 'currency_code': 'USD', 'currency_id': '1072fc76-1862-41ab-82c2-485837590762'}",,False,,,,,,False,True,False,True,0,,,0.0,user,False,,order_finalized,,
63aefb8e-39a0-4186-9895-aef471d41710,0A96CC4F-214E-45B9-B575-6EE382F0C0D7,https://api.robinhood.com/orders/63aefb8e-39a0-4186-9895-aef471d41710/,https://api.robinhood.com/accounts/5SE25445/,fa785cc9-e75d-40e1-ad49-9dad4a009457,https://api.robinhood.com/positions/5SE25445/940fc3f5-1db5-4fed-b452-f3a2e4562b5f/,,https://api.robinhood.com/instruments/940fc3f5-1db5-4fed-b452-f3a2e4562b5f/,940fc3f5-1db5-4fed-b452-f3a2e4562b5f,0.03133500,63.82640000,0.00,filled,filled,,market,buy,gfd,immediate,66.88000000,,0.03133500,,2022-12-30T14:54:06.752382Z,2022-12-30T14:54:07.842147Z,2022-12-30T14:54:07.550824Z,"[{'price': '63.83540000', 'quantity': '0.03133500', 'rounded_notional': '2.00000000', 'settlement_date': '2023-01-04', 'timestamp': '2022-12-30T14:54:07.026000Z', 'id': '63aefb8f-1700-463c-9068-da0bc9267e6e', 'ipo_access_execution_rank': None, 'trade_execution_date': '2022-12-30'}]",False,regular_hours,False,False,,,,,,"{'amount': '2.00000000', 'currency_code': 'USD', 'currency_id': '1072fc76-1862-41ab-82c2-485837590762'}",,"{'amount': '2.00', 'currency_code': 'USD', 'currency_id': '1072fc76-1862-41ab-82c2-485837590762'}","{'amount': '2.00', 'currency_code': 'USD', 'currency_id': '1072fc76-1862-41ab-82c2-485837590762'}",,False,,,,,,False,True,False,True,0,,,2.0,user,False,,order_finalized,,
63aefb66-2a03-4566-b174-240918e1cc50,CAE9CDCE-EE68-449B-874A-7F1D4E467887,https://api.robinhood.com/orders/63aefb66-2a03-4566-b174-240918e1cc50/,https://api.robinhood.com/accounts/5SE25445/,fa785cc9-e75d-40e1-ad49-9dad4a009457,https://api.robinhood.com/positions/5SE25445/ef29fd22-6e22-44ef-9911-a8f5bd68abd3/,,https://api.robinhood.com/instruments/ef29fd22-6e22-44ef-9911-a8f5bd68abd3/,ef29fd22-6e22-44ef-9911-a8f5bd68abd3,1.00692200,7.94500000,0.00,filled,filled,,market,buy,gfd,immediate,8.34000000,,1.00692200,,2022-12-30T14:53:26.906499Z,2022-12-30T14:53:27.928359Z,2022-12-30T14:53:27.640649Z,"[{'price': '7.94500000', 'quantity': '0.00692200', 'rounded_notional': '0.05000000', 'settlement_date': '2023-01-04', 'timestamp': '2022-12-30T14:53:27.136490Z', 'id': '63aefb67-e3c1-4314-8435-637fce916205', 'ipo_access_execution_rank': None, 'trade_execution_date': '2022-12-30'}, {'price': '7.94500000', 'quantity': '1.00000000', 'rounded_notional': '7.95000000', 'settlement_date': '2023-01-04', 'timestamp': '2022-12-30T14:53:27.188000Z', 'id': '63aefb67-bd14-4d8e-87b0-d765674545c8', 'ipo_access_execution_rank': None, 'trade_execution_date': '2022-12-30'}]",False,regular_hours,False,False,,,,,,"{'amount': '8.00000000', 'currency_code': 'USD', 'currency_id': '1072fc76-1862-41ab-82c2-485837590762'}",,"{'amount': '8.00', 'currency_code': 'USD', 'currency_id': '1072fc76-1862-41ab-82c2-485837590762'}","{'amount': '8.00', 'currency_code': 'USD', 'currency_id': '1072fc76-1862-41ab-82c2-485837590762'}",,False,,,,,,False,True,False,True,0,,,2.0,user,False,,order_finalized,,
63aefb50-c183-4ac1-b7e2-78bbf7b06e1b,A8D8DB6E-4E05-4636-92DB-0F1ACF9AE7ED,https://api.robinhood.com/orders/63aefb50-c183-4ac1-b7e2-78bbf7b06e1b/,https://api.robinhood.com/accounts/5SE25445/,fa785cc9-e75d-40e1-ad49-9dad4a009457,https://api.robinhood.com/positions/5SE25445/c0bb3aec-bd1e-471e-a4f0-ca011cbec711/,,https://api.robinhood.com/instruments/c0bb3aec-bd1e-471e-a4f0-ca011cbec711/,c0bb3aec-bd1e-471e-a4f0-ca011cbec711,0.12075800,82.81020000,0.00,filled,filled,,market,buy,gfd,immediate,86.98000000,,0.12075800,,2022-12-30T14:53:04.538259Z,2022-12-30T14:53:04.980585Z,2022-12-30T14:53:04.678261Z,"[{'price': '82.81000000', 'quantity': '0.12075800', 'rounded_notional': '10.00000000', 'settlement_date': '2023-01-04', 'timestamp': '2022-12-30T14:53:04.678210Z', 'id': '63aefb50-7768-4874-8955-5fab059e92cd', 'ipo_access_execution_rank': None, 'trade_execution_date': '2022-12-30'}]",False,regular_hours,False,False,,,,,,"{'amount': '10.00000000', 'currency_code': 'USD', 'currency_id': '1072fc76-1862-41ab-82c2-485837590762'}",,"{'amount': '10.00', 'currency_code': 'USD', 'currency_id': '1072fc76-1862-41ab-82c2-485837590762'}","{'amount': '10.00', 'currency_code': 'USD', 'currency_id': '1072fc76-1862-41ab-82c2-485837590762'}",,False,,,,,,False,True,False,True,0,,,0.0,user,False,,order_finalized,,
63adbdd2-66f1-47cd-9016-d556fce56375,2CCAA896-5057-4763-A4A2-B93AA36CA84F,https://api.robinhood.com/orders/63adbdd2-66f1-47cd-9016-d556fce56375/,https://api.robinhood.com/accounts/5SE25445/,fa785cc9-e75d-40e1-ad49-9dad4a009457,https://api.robinhood.com/positions/5SE25445/c0bb3aec-bd1e-471e-a4f0-ca011cbec711/,,https://api.robinhood.com/instruments/c0bb3aec-bd1e-471e-a4f0-ca011cbec711/,c0bb3aec-bd1e-471e-a4f0-ca011cbec711,0.05986200,83.52540000,0.00,filled,filled,,market,buy,gfd,immediate,87.69000000,,0.05986200,,2022-12-29T16:18:26.618664Z,2022-12-29T16:18:27.142806Z,2022-12-29T16:18:26.852850Z,"[{'price': '83.52500000', 'quantity': '0.05986200', 'rounded_notional': '5.00000000', 'settlement_date': '2023-01-03', 'timestamp': '2022-12-29T16:18:26.852799Z', 'id': '63adbdd2-f53d-493a-a892-0e5016af57c7', 'ipo_access_execution_rank': None, 'trade_execution_date': '2022-12-29'}]",False,regular_hours,False,False,,,,,,"{'amount': '5.00000000', 'currency_code': 'USD', 'currency_id': '1072fc76-1862-41ab-82c2-485837590762'}",,"{'amount': '5.00', 'currency_code': 'USD', 'currency_id': '1072fc76-1862-41ab-82c2-485837590762'}","{'amount': '5.00', 'currency_code': 'USD', 'currency_id': '1072fc76-1862-41ab-82c2-485837590762'}",,False,,,,,,False,True,False,True,0,,,0.0,user,False,,order_finalized,,
63ab2683-1a77-48c6-aba8-ce397cee6441,777CCD2B-6DB0-45CC-AEBB-CA5C52BE2EBD,https://api.robinhood.com/orders/63ab2683-1a77-48c6-aba8-ce397cee6441/,https://api.robinhood.com/accounts/5SE25445/,fa785cc9-e75d-40e1-ad49-9dad4a009457,https://api.robinhood.com/positions/5SE25445/f3acdd2f-6580-4c75-a69c-81481cc4c235/,,https://api.robinhood.com/instruments/f3acdd2f-6580-4c75-a69c-81481cc4c235/,f3acdd2f-6580-4c75-a69c-81481cc4c235,0.21427900,60.29520000,0.00,filled,filled,,market,buy,gfd,immediate,63.32000000,,0.21427900,,2022-12-27T17:08:19.173332Z,2022-12-27T17:08:19.691536Z,2022-12-27T17:08:19.403934Z,"[{'price': '60.29500000', 'quantity': '0.21427900', 'rounded_notional': '12.92000000', 'settlement_date': '2022-12-29', 'timestamp': '2022-12-27T17:08:19.403816Z', 'id': '63ab2683-56ce-4f69-bfce-b0d4fb9a130e', 'ipo_access_execution_rank': None, 'trade_execution_date': '2022-12-27'}]",False,regular_hours,False,False,,,,,,"{'amount': '12.92000000', 'currency_code': 'USD', 'currency_id': '1072fc76-1862-41ab-82c2-485837590762'}",,"{'amount': '12.92', 'currency_code': 'USD', 'currency_id': '1072fc76-1862-41ab-82c2-485837590762'}","{'amount': '12.92', 'currency_code': 'USD', 'currency_id': '1072fc76-1862-41ab-82c2-485837590762'}",,False,,,,,,False,True,False,True,0,,,0.0,user,False,,order_finalized,,
63ab2653-66a6-40d1-bce5-b3a52afbfd75,36627E3C-8FEB-4F90-85E5-8C68942AD13F,https://api.robinhood.com/orders/63ab2653-66a6-40d1-bce5-b3a52afbfd75/,https://api.robinhood.com/accounts/5SE25445/,fa785cc9-e75d-40e1-ad49-9dad4a009457,https://api.robinhood.com/positions/5SE25445/ef29fd22-6e22-44ef-9911-a8f5bd68abd3/,,https://api.robinhood.com/instruments/ef29fd22-6e22-44ef-9911-a8f5bd68abd3/,ef29fd22-6e22-44ef-9911-a8f5bd68abd3,1.00000000,7.84000000,0.00,filled,filled,,market,buy,gfd,immediate,8.22000000,,1.00000000,,2022-12-27T17:07:31.356487Z,2022-12-27T17:07:32.062301Z,2022-12-27T17:07:31.595000Z,"[{'price': '7.83500000', 'quantity': '1.00000000', 'rounded_notional': '7.84000000', 'settlement_date': '2022-12-29', 'timestamp': '2022-12-27T17:07:31.595000Z', 'id': '63ab2653-5c74-4a49-964e-bdf4e502ff0d', 'ipo_access_execution_rank': None, 'trade_execution_date': '2022-12-27'}]",False,regular_hours,False,False,,,,,,,,"{'amount': '8.22', 'currency_code': 'USD', 'currency_id': '1072fc76-1862-41ab-82c2-485837590762'}","{'amount': '7.84', 'currency_code': 'USD', 'currency_id': '1072fc76-1862-41ab-82c2-485837590762'}",,False,,,,,,False,True,False,True,0,,,2.0,user,False,,order_finalized,,
639c91b3-fd77-41f8-9128-cb1250f3b0c3,DD1626AF-3FE1-4EA5-97CB-4A65AE8B653E,https://api.robinhood.com/orders/639c91b3-fd77-41f8-9128-cb1250f3b0c3/,https://api.robinhood.com/accounts/5SE25445/,fa785cc9-e75d-40e1-ad49-9dad4a009457,https://api.robinhood.com/positions/5SE25445/940fc3f5-1db5-4fed-b452-f3a2e4562b5f/,,https://api.robinhood.com/instruments/940fc3f5-1db5-4fed-b452-f3a2e4562b5f/,940fc3f5-1db5-4fed-b452-f3a2e4562b5f,0.01489500,65.12250000,0.00,filled,filled,,market,sell,gfd,immediate,,,0.01489500,,2022-12-16T15:41:39.127014Z,2022-12-16T15:41:39.746191Z,2022-12-16T15:41:39.464835Z,"[{'price': '65.35500000', 'quantity': '0.01489500', 'rounded_notional': '0.97000000', 'settlement_date': '2022-12-20', 'timestamp': '2022-12-16T15:41:39.464780Z', 'id': '639c91b3-731f-4dd9-9ce3-2206cb81d873', 'ipo_access_execution_rank': None, 'trade_execution_date': '2022-12-16'}]",False,regular_hours,False,False,,,,,,,,,"{'amount': '0.97', 'currency_code': 'USD', 'currency_id': '1072fc76-1862-41ab-82c2-485837590762'}",,False,,,,,,False,True,False,True,0,,,0.0,user,False,,order_finalized,,
639c91a1-2ad3-4750-985d-04bea24ad5cc,BF8137B7-B902-4417-9458-BA0CA586F6D7,https://api.robinhood.com/orders/639c91a1-2ad3-4750-985d-04bea24ad5cc/,https://api.robinhood.com/accounts/5SE25445/,fa785cc9-e75d-40e1-ad49-9dad4a009457,https://api.robinhood.com/positions/5SE25445/50810c35-d215-4866-9758-0ada4ac79ffa/,,https://api.robinhood.com/instruments/50810c35-d215-4866-9758-0ada4ac79ffa/,50810c35-d215-4866-9758-0ada4ac79ffa,0.00418800,245.94080000,0.00,filled,filled,,market,sell,gfd,immediate,,,0.00418800,,2022-12-16T15:41:21.665628Z,2022-12-16T15:41:22.209389Z,2022-12-16T15:41:21.928802Z,"[{'price': '245.73000000', 'quantity': '0.00418800', 'rounded_notional': '1.03000000', 'settlement_date': '2022-12-20', 'timestamp': '2022-12-16T15:41:21.928740Z', 'id': '639c91a1-b3ad-4da1-b814-39c61e5b89f9', 'ipo_access_execution_rank': None, 'trade_execution_date': '2022-12-16'}]",False,regular_hours,False,False,,,,,,,,,"{'amount': '1.03', 'currency_code': 'USD', 'currency_id': '1072fc76-1862-41ab-82c2-485837590762'}",,False,,,,,,False,True,False,True,0,,,0.0,user,False,,order_finalized,,
639c918f-82d7-4ec7-a136-1da12f8113ea,5E2617A5-6E0C-41C2-968F-543B38DBBCA0,https://api.robinhood.com/orders/639c918f-82d7-4ec7-a136-1da12f8113ea/,https://api.robinhood.com/accounts/5SE25445/,fa785cc9-e75d-40e1-ad49-9dad4a009457,https://api.robinhood.com/positions/5SE25445/f3acdd2f-6580-4c75-a69c-81481cc4c235/,,https://api.robinhood.com/instruments/f3acdd2f-6580-4c75-a69c-81481cc4c235/,f3acdd2f-6580-4c75-a69c-81481cc4c235,0.03141900,62.38260000,0.00,filled,filled,,market,sell,gfd,immediate,,,0.03141900,,2022-12-16T15:41:03.429378Z,2022-12-16T15:41:03.976468Z,2022-12-16T15:41:03.686348Z,"[{'price': '62.30500000', 'quantity': '0.03141900', 'rounded_notional': '1.96000000', 'settlement_date': '2022-12-20', 'timestamp': '2022-12-16T15:41:03.686307Z', 'id': '639c918f-aa5d-4017-8f95-a682551832cf', 'ipo_access_execution_rank': None, 'trade_execution_date': '2022-12-16'}]",False,regular_hours,False,False,,,,,,,,,"{'amount': '1.96', 'currency_code': 'USD', 'currency_id': '1072fc76-1862-41ab-82c2-485837590762'}",,False,,,,,,False,True,False,True,0,,,0.0,user,False,,order_finalized,,
639c9180-c62d-4672-bf21-75ef33f75f8a,D31DA46B-4016-41D7-838E-E09D6B2A3EB6,https://api.robinhood.com/orders/639c9180-c62d-4672-bf21-75ef33f75f8a/,https://api.robinhood.com/accounts/5SE25445/,fa785cc9-e75d-40e1-ad49-9dad4a009457,https://api.robinhood.com/positions/5SE25445/ef29fd22-6e22-44ef-9911-a8f5bd68abd3/,,https://api.robinhood.com/instruments/ef29fd22-6e22-44ef-9911-a8f5bd68abd3/,ef29fd22-6e22-44ef-9911-a8f5bd68abd3,0.21478600,8.56670000,0.00,filled,filled,,market,sell,gfd,immediate,,,0.21478600,,2022-12-16T15:40:48.396791Z,2022-12-16T15:40:49.472994Z,2022-12-16T15:40:49.179401Z,"[{'price': '8.56500000', 'quantity': '0.21478600', 'rounded_notional': '1.84000000', 'settlement_date': '2022-12-20', 'timestamp': '2022-12-16T15:40:48.633000Z', 'id': '639c9181-1296-4261-a3a4-26e67ce686d6', 'ipo_access_execution_rank': None, 'trade_execution_date': '2022-12-16'}]",False,regular_hours,False,False,,,,,,,,,"{'amount': '1.84', 'currency_code': 'USD', 'currency_id': '1072fc76-1862-41ab-82c2-485837590762'}",,False,,,,,,False,True,False,True,0,,,2.0,user,False,,order_finalized,,
6390bc9b-deb0-4270-9c9a-96fd19ac844a,489F2945-C1DE-4091-8DA7-E04350EBE78E,https://api.robinhood.com/orders/6390bc9b-deb0-4270-9c9a-96fd19ac844a/,https://api.robinhood.com/accounts/5SE25445/,fa785cc9-e75d-40e1-ad49-9dad4a009457,https://api.robinhood.com/positions/5SE25445/ef29fd22-6e22-44ef-9911-a8f5bd68abd3/,,https://api.robinhood.com/instruments/ef29fd22-6e22-44ef-9911-a8f5bd68abd3/,ef29fd22-6e22-44ef-9911-a8f5bd68abd3,0.21478600,9.26500000,0.00,filled,filled,,market,buy,gfd,immediate,9.73000000,,0.21478600,,2022-12-07T16:17:31.883944Z,2022-12-07T16:17:32.971143Z,2022-12-07T16:17:32.681820Z,"[{'price': '9.26500000', 'quantity': '0.21478600', 'rounded_notional': '1.99000000', 'settlement_date': '2022-12-09', 'timestamp': '2022-12-07T16:17:32.203000Z', 'id': '6390bc9c-c419-4527-85b0-898266d34154', 'ipo_access_execution_rank': None, 'trade_execution_date': '2022-12-07'}]",False,regular_hours,False,False,,,,,,"{'amount': '1.99000000', 'currency_code': 'USD', 'currency_id': '1072fc76-1862-41ab-82c2-485837590762'}",,"{'amount': '1.99', 'currency_code': 'USD', 'currency_id': '1072fc76-1862-41ab-82c2-485837590762'}","{'amount': '1.99', 'currency_code': 'USD', 'currency_id': '1072fc76-1862-41ab-82c2-485837590762'}",,False,,,,,,False,True,False,True,0,,,2.0,user,False,,order_finalized,,
637bc3e5-d63e-4639-b4da-9fddd99603c0,7B04B4A2-6F6D-49CE-8590-1EC9FBB378E1,https://api.robinhood.com/orders/637bc3e5-d63e-4639-b4da-9fddd99603c0/,https://api.robinhood.com/accounts/5SE25445/,fa785cc9-e75d-40e1-ad49-9dad4a009457,https://api.robinhood.com/positions/5SE25445/f3acdd2f-6580-4c75-a69c-81481cc4c235/,,https://api.robinhood.com/instruments/f3acdd2f-6580-4c75-a69c-81481cc4c235/,f3acdd2f-6580-4c75-a69c-81481cc4c235,0.01629000,61.38740000,0.00,filled,filled,,market,buy,gfd,immediate,64.45000000,,0.01629000,,2022-11-21T18:31:01.520898Z,2022-11-21T18:31:02.020993Z,2022-11-21T18:31:01.731545Z,"[{'price': '61.38500000', 'quantity': '0.01629000', 'rounded_notional': '1.00000000', 'settlement_date': '2022-11-23', 'timestamp': '2022-11-21T18:31:01.731493Z', 'id': '637bc3e5-0c49-4813-bd1f-55f94ef4c116', 'ipo_access_execution_rank': None, 'trade_execution_date': '2022-11-21'}]",False,regular_hours,False,False,,,,,,"{'amount': '1.00000000', 'currency_code': 'USD', 'currency_id': '1072fc76-1862-41ab-82c2-485837590762'}",,"{'amount': '1.00', 'currency_code': 'USD', 'currency_id': '1072fc76-1862-41ab-82c2-485837590762'}","{'amount': '1.00', 'currency_code': 'USD', 'currency_id': '1072fc76-1862-41ab-82c2-485837590762'}",,False,,,,,,False,True,False,True,0,,,0.0,user,False,,order_finalized,,
6373b89d-b0c2-4612-8a53-3f7b0c64a4f0,41FC0930-ED10-4899-A308-29BDABBDCE23,https://api.robinhood.com/orders/6373b89d-b0c2-4612-8a53-3f7b0c64a4f0/,https://api.robinhood.com/accounts/5SE25445/,fa785cc9-e75d-40e1-ad49-9dad4a009457,https://api.robinhood.com/positions/5SE25445/8f92e76f-1e0e-4478-8580-16a6ffcfaef5/,,https://api.robinhood.com/instruments/8f92e76f-1e0e-4478-8580-16a6ffcfaef5/,8f92e76f-1e0e-4478-8580-16a6ffcfaef5,0.25656600,400.01400000,0.00,filled,filled,,market,sell,gfd,immediate,,,0.25656600,,2022-11-15T16:04:45.172503Z,2022-11-15T16:04:45.730313Z,2022-11-15T16:04:45.455123Z,"[{'price': '400.02000000', 'quantity': '0.25656600', 'rounded_notional': '102.63000000', 'settlement_date': '2022-11-17', 'timestamp': '2022-11-15T16:04:45.455080Z', 'id': '6373b89d-35dc-48ec-b96b-acf0be5a1637', 'ipo_access_execution_rank': None, 'trade_execution_date': '2022-11-15'}]",False,regular_hours,False,False,,,,,,,,,"{'amount': '102.63', 'currency_code': 'USD', 'currency_id': '1072fc76-1862-41ab-82c2-485837590762'}",,False,,,,,,False,True,False,True,0,,,0.0,user,False,,order_finalized,,
6373b891-f1b2-40fc-b324-44097e31d990,0BB9C952-E617-4086-9B74-C31D90B6F878,https://api.robinhood.com/orders/6373b891-f1b2-40fc-b324-44097e31d990/,https://api.robinhood.com/accounts/5SE25445/,fa785cc9-e75d-40e1-ad49-9dad4a009457,https://api.robinhood.com/positions/5SE25445/64d5a963-a646-4ae7-9532-1f18bf523d5f/,,https://api.robinhood.com/instruments/64d5a963-a646-4ae7-9532-1f18bf523d5f/,64d5a963-a646-4ae7-9532-1f18bf523d5f,4.65696000,23.88040000,0.00,filled,filled,,market,sell,gfd,immediate,,,4.65696000,,2022-11-15T16:04:33.616933Z,2022-11-15T16:04:34.629482Z,2022-11-15T16:04:34.350227Z,"[{'price': '23.88120000', 'quantity': '4.65696000', 'rounded_notional': '111.21000000', 'settlement_date': '2022-11-17', 'timestamp': '2022-11-15T16:04:33.933000Z', 'id': '6373b892-bd77-4a50-a8ca-441db86b78be', 'ipo_access_execution_rank': None, 'trade_execution_date': '2022-11-15'}]",False,regular_hours,False,False,,,,,,,,,"{'amount': '111.21', 'currency_code': 'USD', 'currency_id': '1072fc76-1862-41ab-82c2-485837590762'}",,False,,,,,,False,True,False,True,0,,,2.0,user,False,,order_finalized,,
6373b885-f005-4a19-8e7d-b83a890904b7,CDF048BB-B611-453B-81AF-656048162E9C,https://api.robinhood.com/orders/6373b885-f005-4a19-8e7d-b83a890904b7/,https://api.robinhood.com/accounts/5SE25445/,fa785cc9-e75d-40e1-ad49-9dad4a009457,https://api.robinhood.com/positions/5SE25445/ef29fd22-6e22-44ef-9911-a8f5bd68abd3/,,https://api.robinhood.com/instruments/ef29fd22-6e22-44ef-9911-a8f5bd68abd3/,ef29fd22-6e22-44ef-9911-a8f5bd68abd3,19.98189800,10.07010000,0.00,filled,filled,,market,sell,gfd,immediate,,,19.98189800,,2022-11-15T16:04:21.620191Z,2022-11-15T16:04:23.057529Z,2022-11-15T16:04:22.762944Z,"[{'price': '10.07010000', 'quantity': '19.98189800', 'rounded_notional': '201.22000000', 'settlement_date': '2022-11-17', 'timestamp': '2022-11-15T16:04:22.243000Z', 'id': '6373b886-799c-49df-bc5b-4b320daa29b6', 'ipo_access_execution_rank': None, 'trade_execution_date': '2022-11-15'}]",False,regular_hours,False,False,,,,,,,,,"{'amount': '201.22', 'currency_code': 'USD', 'currency_id': '1072fc76-1862-41ab-82c2-485837590762'}",,False,,,,,,False,True,False,True,0,,,2.0,user,False,,order_finalized,,
6373b87b-14c9-4c25-9b52-ea76de68d7b7,F2218C82-615E-46EC-A631-B4241E0828BE,https://api.robinhood.com/orders/6373b87b-14c9-4c25-9b52-ea76de68d7b7/,https://api.robinhood.com/accounts/5SE25445/,fa785cc9-e75d-40e1-ad49-9dad4a009457,https://api.robinhood.com/positions/5SE25445/1790dd4f-a7ff-409e-90de-cad5efafde10/,,https://api.robinhood.com/instruments/1790dd4f-a7ff-409e-90de-cad5efafde10/,1790dd4f-a7ff-409e-90de-cad5efafde10,0.35983500,291.05010000,0.00,filled,filled,,market,sell,gfd,immediate,,,0.35983500,,2022-11-15T16:04:11.076012Z,2022-11-15T16:04:11.622107Z,2022-11-15T16:04:11.343145Z,"[{'price': '291.04000000', 'quantity': '0.35983500', 'rounded_notional': '104.73000000', 'settlement_date': '2022-11-17', 'timestamp': '2022-11-15T16:04:11.343099Z', 'id': '6373b87b-6582-4311-ba03-c39e6d1178ae', 'ipo_access_execution_rank': None, 'trade_execution_date': '2022-11-15'}]",False,regular_hours,False,False,,,,,,,,,"{'amount': '104.73', 'currency_code': 'USD', 'currency_id': '1072fc76-1862-41ab-82c2-485837590762'}",,False,,,,,,False,True,False,True,0,,,0.0,user,False,,order_finalized,,
6373b86f-c545-4d39-9ab5-362b47655e11,E748D596-4745-4947-A882-2134B01A00E8,https://api.robinhood.com/orders/6373b86f-c545-4d39-9ab5-362b47655e11/,https://api.robinhood.com/accounts/5SE25445/,fa785cc9-e75d-40e1-ad49-9dad4a009457,https://api.robinhood.com/positions/5SE25445/450dfc6d-5510-4d40-abfb-f633b7d9be3e/,,https://api.robinhood.com/instruments/450dfc6d-5510-4d40-abfb-f633b7d9be3e/,450dfc6d-5510-4d40-abfb-f633b7d9be3e,0.72888900,152.05330000,0.00,filled,filled,,market,sell,gfd,immediate,,,0.72888900,,2022-11-15T16:03:59.032651Z,2022-11-15T16:04:00.475210Z,2022-11-15T16:04:00.178666Z,"[{'price': '152.06000000', 'quantity': '0.72888900', 'rounded_notional': '110.83000000', 'settlement_date': '2022-11-17', 'timestamp': '2022-11-15T16:03:59.496000Z', 'id': '6373b870-04e7-435f-85b9-fab25d3e56d4', 'ipo_access_execution_rank': None, 'trade_execution_date': '2022-11-15'}]",False,regular_hours,False,False,,,,,,,,,"{'amount': '110.83', 'currency_code': 'USD', 'currency_id': '1072fc76-1862-41ab-82c2-485837590762'}",,False,,,,,,False,True,False,True,0,,,2.0,user,False,,order_finalized,,
6373b85b-1b30-4a4d-af3d-f1e15eccb5a8,C2F4CF5F-6121-43A0-B046-935F1507221E,https://api.robinhood.com/orders/6373b85b-1b30-4a4d-af3d-f1e15eccb5a8/,https://api.robinhood.com/accounts/5SE25445/,fa785cc9-e75d-40e1-ad49-9dad4a009457,https://api.robinhood.com/positions/5SE25445/c0bb3aec-bd1e-471e-a4f0-ca011cbec711/,,https://api.robinhood.com/instruments/c0bb3aec-bd1e-471e-a4f0-ca011cbec711/,c0bb3aec-bd1e-471e-a4f0-ca011cbec711,1.11476500,100.43370000,0.00,filled,filled,,market,sell,gfd,immediate,,,1.11476500,,2022-11-15T16:03:39.876290Z,2022-11-15T16:03:41.362272Z,2022-11-15T16:03:41.058103Z,"[{'price': '100.43000000', 'quantity': '0.11476500', 'rounded_notional': '11.53000000', 'settlement_date': '2022-11-17', 'timestamp': '2022-11-15T16:03:40.296973Z', 'id': '6373b85c-a949-4752-8452-fe14041515d3', 'ipo_access_execution_rank': None, 'trade_execution_date': '2022-11-15'}, {'price': '100.43000000', 'quantity': '1.00000000', 'rounded_notional': '100.43000000', 'settlement_date': '2022-11-17', 'timestamp': '2022-11-15T16:03:40.386000Z', 'id': '6373b85d-a2d9-41c2-ac3f-19ce9ca62d58', 'ipo_access_execution_rank': None, 'trade_execution_date': '2022-11-15'}]",False,regular_hours,False,False,,,,,,,,,"{'amount': '111.96', 'currency_code': 'USD', 'currency_id': '1072fc76-1862-41ab-82c2-485837590762'}",,False,,,,,,False,True,False,True,0,,,2.0,user,False,,order_finalized,,
6373b842-d38f-491d-8fcd-77e3d151940b,3E3EF2CB-4986-451D-A5F2-4DADC6BADBD3,https://api.robinhood.com/orders/6373b842-d38f-491d-8fcd-77e3d151940b/,https://api.robinhood.com/accounts/5SE25445/,fa785cc9-e75d-40e1-ad49-9dad4a009457,https://api.robinhood.com/positions/5SE25445/d05566bf-b0cc-414b-a520-b9216bb80abf/,,https://api.robinhood.com/instruments/d05566bf-b0cc-414b-a520-b9216bb80abf/,d05566bf-b0cc-414b-a520-b9216bb80abf,3.13069300,40.75770000,0.00,filled,filled,,market,sell,gfd,immediate,,,3.13069300,,2022-11-15T16:03:14.812859Z,2022-11-15T16:03:15.913676Z,2022-11-15T16:03:15.626298Z,"[{'price': '40.76500000', 'quantity': '0.13069300', 'rounded_notional': '5.33000000', 'settlement_date': '2022-11-17', 'timestamp': '2022-11-15T16:03:15.095291Z', 'id': '6373b843-edc9-4df3-bd08-c71c4ef1e190', 'ipo_access_execution_rank': None, 'trade_execution_date': '2022-11-15'}, {'price': '40.75560000', 'quantity': '3.00000000', 'rounded_notional': '122.27000000', 'settlement_date': '2022-11-17', 'timestamp': '2022-11-15T16:03:15.164000Z', 'id': '6373b843-14f8-430c-9148-42be3fb9986c', 'ipo_access_execution_rank': None, 'trade_execution_date': '2022-11-15'}]",False,regular_hours,False,False,,,,,,,,,"{'amount': '127.60', 'currency_code': 'USD', 'currency_id': '1072fc76-1862-41ab-82c2-485837590762'}",,False,,,,,,False,True,False,True,0,,,2.0,user,False,,order_finalized,,
63726daa-4c64-4bd1-9ef5-f827a1455f6b,4A489109-C166-42B4-96BE-4951439CCDF3,https://api.robinhood.com/orders/63726daa-4c64-4bd1-9ef5-f827a1455f6b/,https://api.robinhood.com/accounts/5SE25445/,fa785cc9-e75d-40e1-ad49-9dad4a009457,https://api.robinhood.com/positions/5SE25445/ef29fd22-6e22-44ef-9911-a8f5bd68abd3/,,https://api.robinhood.com/instruments/ef29fd22-6e22-44ef-9911-a8f5bd68abd3/,ef29fd22-6e22-44ef-9911-a8f5bd68abd3,10.23529600,9.77010000,0.00,filled,filled,,market,buy,gfd,immediate,10.25000000,,10.23529600,,2022-11-14T16:32:42.843927Z,2022-11-14T16:32:44.568987Z,2022-11-14T16:32:43.827600Z,"[{'price': '9.77500000', 'quantity': '0.23017900', 'rounded_notional': '2.25000000', 'settlement_date': '2022-11-16', 'timestamp': '2022-11-14T16:32:43.105517Z', 'id': '63726dab-640f-49cc-8d8c-a29eb993485d', 'ipo_access_execution_rank': None, 'trade_execution_date': '2022-11-14'}, {'price': '9.77000000', 'quantity': '10.00000000', 'rounded_notional': '97.70000000', 'settlement_date': '2022-11-16', 'timestamp': '2022-11-14T16:32:43.225000Z', 'id': '63726dab-92fc-4a49-8129-21684c35451b', 'ipo_access_execution_rank': None, 'trade_execution_date': '2022-11-14'}, {'price': '9.77000000', 'quantity': '0.00511700', 'rounded_notional': '0.05000000', 'settlement_date': '2022-11-16', 'timestamp': '2022-11-14T16:32:43.225000Z', 'id': '63726dab-8a70-46aa-a8e8-e95055ab078d', 'ipo_access_execution_rank': None, 'trade_execution_date': '2022-11-14'}]",False,regular_hours,False,False,,,,,,"{'amount': '100.00000000', 'currency_code': 'USD', 'currency_id': '1072fc76-1862-41ab-82c2-485837590762'}",,"{'amount': '100.00', 'currency_code': 'USD', 'currency_id': '1072fc76-1862-41ab-82c2-485837590762'}","{'amount': '100.00', 'currency_code': 'USD', 'currency_id': '1072fc76-1862-41ab-82c2-485837590762'}",,False,,,,,,False,True,False,True,0,,,2.0,user,False,,order_finalized,,
63723c5a-df14-480d-b2a2-a7d51c7a51fe,E28748CE-230F-49CD-86B0-85AEDDB2187D,https://api.robinhood.com/orders/63723c5a-df14-480d-b2a2-a7d51c7a51fe/,https://api.robinhood.com/accounts/5SE25445/,fa785cc9-e75d-40e1-ad49-9dad4a009457,https://api.robinhood.com/positions/5SE25445/ef29fd22-6e22-44ef-9911-a8f5bd68abd3/,,https://api.robinhood.com/instruments/ef29fd22-6e22-44ef-9911-a8f5bd68abd3/,ef29fd22-6e22-44ef-9911-a8f5bd68abd3,29.55613000,10.15020000,0.00,filled,filled,,market,sell,gfd,immediate,9.63000000,,29.55613000,,2022-11-14T13:02:18.872675Z,2022-11-14T13:02:21.030306Z,2022-11-14T13:02:19.915909Z,"[{'price': '10.16000000', 'quantity': '0.52755900', 'rounded_notional': '5.36000000', 'settlement_date': '2022-11-16', 'timestamp': '2022-11-14T13:02:19.115971Z', 'id': '63723c5b-0feb-4523-854e-5ba837882fad', 'ipo_access_execution_rank': None, 'trade_execution_date': '2022-11-14'}, {'price': '10.15000000', 'quantity': '29.00000000', 'rounded_notional': '294.35000000', 'settlement_date': '2022-11-16', 'timestamp': '2022-11-14T13:02:19.227000Z', 'id': '63723c5b-4be5-4e04-b681-dc04d498dc4c', 'ipo_access_execution_rank': None, 'trade_execution_date': '2022-11-14'}, {'price': '10.15000000', 'quantity': '0.02857100', 'rounded_notional': '0.29000000', 'settlement_date': '2022-11-16', 'timestamp': '2022-11-14T13:02:19.227000Z', 'id': '63723c5b-5dd3-43cf-93c2-22c1f19c901a', 'ipo_access_execution_rank': None, 'trade_execution_date': '2022-11-14'}]",True,extended_hours,False,False,,,,,,"{'amount': '300.00000000', 'currency_code': 'USD', 'currency_id': '1072fc76-1862-41ab-82c2-485837590762'}",,"{'amount': '300.00', 'currency_code': 'USD', 'currency_id': '1072fc76-1862-41ab-82c2-485837590762'}","{'amount': '300.00', 'currency_code': 'USD', 'currency_id': '1072fc76-1862-41ab-82c2-485837590762'}",,False,,,,,,False,True,False,True,0,,,2.0,user,False,,order_finalized,,
636d2521-a8cd-46e4-9b90-01338ed5323f,D7FBE8DE-FFA7-48F5-9F07-558C6662C8B1,https://api.robinhood.com/orders/636d2521-a8cd-46e4-9b90-01338ed5323f/,https://api.robinhood.com/accounts/5SE25445/,fa785cc9-e75d-40e1-ad49-9dad4a009457,https://api.robinhood.com/positions/5SE25445/50810c35-d215-4866-9758-0ada4ac79ffa/,,https://api.robinhood.com/instruments/50810c35-d215-4866-9758-0ada4ac79ffa/,50810c35-d215-4866-9758-0ada4ac79ffa,0.00418800,238.77750000,0.00,filled,filled,,market,buy,gfd,immediate,250.67000000,,0.00418800,,2022-11-10T16:21:53.132867Z,2022-11-10T16:21:54.324627Z,2022-11-10T16:21:53.355200Z,"[{'price': '238.75500000', 'quantity': '0.00418800', 'rounded_notional': '1.00000000', 'settlement_date': '2022-11-15', 'timestamp': '2022-11-10T16:21:53.355151Z', 'id': '636d2521-dcdb-4585-979d-18c11acafa4d', 'ipo_access_execution_rank': None, 'trade_execution_date': '2022-11-10'}]",False,regular_hours,False,False,,,,,,"{'amount': '1.00000000', 'currency_code': 'USD', 'currency_id': '1072fc76-1862-41ab-82c2-485837590762'}",,"{'amount': '1.00', 'currency_code': 'USD', 'currency_id': '1072fc76-1862-41ab-82c2-485837590762'}","{'amount': '1.00', 'currency_code': 'USD', 'currency_id': '1072fc76-1862-41ab-82c2-485837590762'}",,False,,,,,,False,True,False,True,0,,,0.0,user,False,,order_finalized,,
636d2510-db50-4573-870d-28269c788361,EBA130B2-AE1F-4C11-8469-3382D5902B74,https://api.robinhood.com/orders/636d2510-db50-4573-870d-28269c788361/,https://api.robinhood.com/accounts/5SE25445/,fa785cc9-e75d-40e1-ad49-9dad4a009457,https://api.robinhood.com/positions/5SE25445/940fc3f5-1db5-4fed-b452-f3a2e4562b5f/,,https://api.robinhood.com/instruments/940fc3f5-1db5-4fed-b452-f3a2e4562b5f/,940fc3f5-1db5-4fed-b452-f3a2e4562b5f,0.01489500,67.13660000,0.00,filled,filled,,market,buy,gfd,immediate,70.47000000,,0.01489500,,2022-11-10T16:21:36.018205Z,2022-11-10T16:21:37.307342Z,2022-11-10T16:21:36.824594Z,"[{'price': '67.13940000', 'quantity': '0.01489500', 'rounded_notional': '1.00000000', 'settlement_date': '2022-11-15', 'timestamp': '2022-11-10T16:21:36.335000Z', 'id': '636d2510-9965-4d15-bc52-0fce49423e46', 'ipo_access_execution_rank': None, 'trade_execution_date': '2022-11-10'}]",False,regular_hours,False,False,,,,,,"{'amount': '1.00000000', 'currency_code': 'USD', 'currency_id': '1072fc76-1862-41ab-82c2-485837590762'}",,"{'amount': '1.00', 'currency_code': 'USD', 'currency_id': '1072fc76-1862-41ab-82c2-485837590762'}","{'amount': '1.00', 'currency_code': 'USD', 'currency_id': '1072fc76-1862-41ab-82c2-485837590762'}",,False,,,,,,False,True,False,True,0,,,2.0,user,False,,order_finalized,,
636d24ff-b31c-4a35-9b68-bc41ce47b3db,2602F73C-5156-410C-BA12-2202D374CB82,https://api.robinhood.com/orders/636d24ff-b31c-4a35-9b68-bc41ce47b3db/,https://api.robinhood.com/accounts/5SE25445/,fa785cc9-e75d-40e1-ad49-9dad4a009457,https://api.robinhood.com/positions/5SE25445/f3acdd2f-6580-4c75-a69c-81481cc4c235/,,https://api.robinhood.com/instruments/f3acdd2f-6580-4c75-a69c-81481cc4c235/,f3acdd2f-6580-4c75-a69c-81481cc4c235,0.01512900,66.09820000,0.00,filled,filled,,market,buy,gfd,immediate,69.38000000,,0.01512900,,2022-11-10T16:21:19.850377Z,2022-11-10T16:21:20.778292Z,2022-11-10T16:21:20.043681Z,"[{'price': '66.09500000', 'quantity': '0.01512900', 'rounded_notional': '1.00000000', 'settlement_date': '2022-11-15', 'timestamp': '2022-11-10T16:21:20.043557Z', 'id': '636d2500-8714-4169-9074-346e0628016f', 'ipo_access_execution_rank': None, 'trade_execution_date': '2022-11-10'}]",False,regular_hours,False,False,,,,,,"{'amount': '1.00000000', 'currency_code': 'USD', 'currency_id': '1072fc76-1862-41ab-82c2-485837590762'}",,"{'amount': '1.00', 'currency_code': 'USD', 'currency_id': '1072fc76-1862-41ab-82c2-485837590762'}","{'amount': '1.00', 'currency_code': 'USD', 'currency_id': '1072fc76-1862-41ab-82c2-485837590762'}",,False,,,,,,False,True,False,True,0,,,0.0,user,False,,order_finalized,,
636d24ac-90e3-46c7-aca0-333006eb83ba,05AAB386-F615-48A2-93EF-26701E75AEAF,https://api.robinhood.com/orders/636d24ac-90e3-46c7-aca0-333006eb83ba/,https://api.robinhood.com/accounts/5SE25445/,fa785cc9-e75d-40e1-ad49-9dad4a009457,https://api.robinhood.com/positions/5SE25445/64d5a963-a646-4ae7-9532-1f18bf523d5f/,,https://api.robinhood.com/instruments/64d5a963-a646-4ae7-9532-1f18bf523d5f/,64d5a963-a646-4ae7-9532-1f18bf523d5f,4.19898000,23.33900000,0.00,filled,filled,,market,buy,gfd,immediate,24.50000000,,4.19898000,,2022-11-10T16:19:56.702198Z,2022-11-10T16:19:58.197314Z,2022-11-10T16:19:57.545241Z,"[{'price': '23.33500000', 'quantity': '0.19970000', 'rounded_notional': '4.66000000', 'settlement_date': '2022-11-15', 'timestamp': '2022-11-10T16:19:56.870709Z', 'id': '636d24ac-bc8b-467a-b24e-7a06764f8672', 'ipo_access_execution_rank': None, 'trade_execution_date': '2022-11-10'}, {'price': '23.33920000', 'quantity': '3.99928000', 'rounded_notional': '93.34000000', 'settlement_date': '2022-11-15', 'timestamp': '2022-11-10T16:19:56.948000Z', 'id': '636d24ad-450b-42b2-9f36-b77b396b1741', 'ipo_access_execution_rank': None, 'trade_execution_date': '2022-11-10'}]",False,regular_hours,False,False,,,,,,"{'amount': '98.00000000', 'currency_code': 'USD', 'currency_id': '1072fc76-1862-41ab-82c2-485837590762'}",,"{'amount': '98.00', 'currency_code': 'USD', 'currency_id': '1072fc76-1862-41ab-82c2-485837590762'}","{'amount': '98.00', 'currency_code': 'USD', 'currency_id': '1072fc76-1862-41ab-82c2-485837590762'}",,False,,,,,,False,True,False,True,0,,,2.0,user,False,,order_finalized,,
636d2495-6045-4531-bbaf-c3882e210a0d,7E18D1A7-E2A8-46CD-BAD0-910282C3E689,https://api.robinhood.com/orders/636d2495-6045-4531-bbaf-c3882e210a0d/,https://api.robinhood.com/accounts/5SE25445/,fa785cc9-e75d-40e1-ad49-9dad4a009457,https://api.robinhood.com/positions/5SE25445/8f92e76f-1e0e-4478-8580-16a6ffcfaef5/,,https://api.robinhood.com/instruments/8f92e76f-1e0e-4478-8580-16a6ffcfaef5/,8f92e76f-1e0e-4478-8580-16a6ffcfaef5,0.25115000,390.20510000,0.00,filled,filled,,market,buy,gfd,immediate,409.67000000,,0.25115000,,2022-11-10T16:19:33.291107Z,2022-11-10T16:19:34.168603Z,2022-11-10T16:19:33.472240Z,"[{'price': '390.20500000', 'quantity': '0.25115000', 'rounded_notional': '98.00000000', 'settlement_date': '2022-11-15', 'timestamp': '2022-11-10T16:19:33.472169Z', 'id': '636d2495-d90a-47b8-9150-83093fbd55f5', 'ipo_access_execution_rank': None, 'trade_execution_date': '2022-11-10'}]",False,regular_hours,False,False,,,,,,"{'amount': '98.00000000', 'currency_code': 'USD', 'currency_id': '1072fc76-1862-41ab-82c2-485837590762'}",,"{'amount': '98.00', 'currency_code': 'USD', 'currency_id': '1072fc76-1862-41ab-82c2-485837590762'}","{'amount': '98.00', 'currency_code': 'USD', 'currency_id': '1072fc76-1862-41ab-82c2-485837590762'}",,False,,,,,,False,True,False,True,0,,,0.0,user,False,,order_finalized,,
636d2487-1ef8-4c4b-989c-36883b5eeba7,FA0EF03B-CADE-40F8-8989-1D5CEFF91EBC,https://api.robinhood.com/orders/636d2487-1ef8-4c4b-989c-36883b5eeba7/,https://api.robinhood.com/accounts/5SE25445/,fa785cc9-e75d-40e1-ad49-9dad4a009457,https://api.robinhood.com/positions/5SE25445/1790dd4f-a7ff-409e-90de-cad5efafde10/,,https://api.robinhood.com/instruments/1790dd4f-a7ff-409e-90de-cad5efafde10/,1790dd4f-a7ff-409e-90de-cad5efafde10,0.35607300,278.03290000,0.00,filled,filled,,market,buy,gfd,immediate,291.93000000,,0.35607300,,2022-11-10T16:19:19.184083Z,2022-11-10T16:19:20.661081Z,2022-11-10T16:19:19.959578Z,"[{'price': '278.04450000', 'quantity': '0.35603800', 'rounded_notional': '98.99000000', 'settlement_date': '2022-11-15', 'timestamp': '2022-11-10T16:19:19.455000Z', 'id': '636d2487-8ed1-4599-af42-83d6e6742de0', 'ipo_access_execution_rank': None, 'trade_execution_date': '2022-11-10'}, {'price': '278.04450000', 'quantity': '0.00003500', 'rounded_notional': '0.01000000', 'settlement_date': '2022-11-15', 'timestamp': '2022-11-10T16:19:19.455000Z', 'id': '636d2487-55b6-4879-9eb7-9a256c186cdb', 'ipo_access_execution_rank': None, 'trade_execution_date': '2022-11-10'}]",False,regular_hours,False,False,,,,,,"{'amount': '99.00000000', 'currency_code': 'USD', 'currency_id': '1072fc76-1862-41ab-82c2-485837590762'}",,"{'amount': '99.00', 'currency_code': 'USD', 'currency_id': '1072fc76-1862-41ab-82c2-485837590762'}","{'amount': '99.00', 'currency_code': 'USD', 'currency_id': '1072fc76-1862-41ab-82c2-485837590762'}",,False,,,,,,False,True,False,True,0,,,2.0,user,False,,order_finalized,,
636d2456-d5ab-4086-bf85-22d202392234,F6C31A3D-D541-4E94-9DF6-C8453A3F475D,https://api.robinhood.com/orders/636d2456-d5ab-4086-bf85-22d202392234/,https://api.robinhood.com/accounts/5SE25445/,fa785cc9-e75d-40e1-ad49-9dad4a009457,https://api.robinhood.com/positions/5SE25445/ef29fd22-6e22-44ef-9911-a8f5bd68abd3/,,https://api.robinhood.com/instruments/ef29fd22-6e22-44ef-9911-a8f5bd68abd3/,ef29fd22-6e22-44ef-9911-a8f5bd68abd3,21.82214900,9.16500000,0.00,filled,filled,,market,buy,gfd,immediate,9.62000000,,21.82214900,,2022-11-10T16:18:30.121444Z,2022-11-10T16:18:31.605785Z,2022-11-10T16:18:30.900799Z,"[{'price': '9.16500000', 'quantity': '21.82214900', 'rounded_notional': '200.00000000', 'settlement_date': '2022-11-15', 'timestamp': '2022-11-10T16:18:30.466000Z', 'id': '636d2456-a0ba-4f96-9326-56df6030dab4', 'ipo_access_execution_rank': None, 'trade_execution_date': '2022-11-10'}]",False,regular_hours,False,False,,,,,,"{'amount': '200.00000000', 'currency_code': 'USD', 'currency_id': '1072fc76-1862-41ab-82c2-485837590762'}",,"{'amount': '200.00', 'currency_code': 'USD', 'currency_id': '1072fc76-1862-41ab-82c2-485837590762'}","{'amount': '200.00', 'currency_code': 'USD', 'currency_id': '1072fc76-1862-41ab-82c2-485837590762'}",,False,,,,,,False,True,False,True,0,,,2.0,user,False,,order_finalized,,
636a68c5-3fe3-47f9-af26-0577bf18818c,5DA367B8-1191-4257-9C47-9E95491B426F,https://api.robinhood.com/orders/636a68c5-3fe3-47f9-af26-0577bf18818c/,https://api.robinhood.com/accounts/5SE25445/,fa785cc9-e75d-40e1-ad49-9dad4a009457,https://api.robinhood.com/positions/5SE25445/ef29fd22-6e22-44ef-9911-a8f5bd68abd3/,,https://api.robinhood.com/instruments/ef29fd22-6e22-44ef-9911-a8f5bd68abd3/,ef29fd22-6e22-44ef-9911-a8f5bd68abd3,8.99685100,11.11500000,0.00,filled,filled,,market,buy,gfd,immediate,11.66000000,,8.99685100,,2022-11-08T14:33:41.903462Z,2022-11-08T14:33:43.111812Z,2022-11-08T14:33:42.813581Z,"[{'price': '11.11500000', 'quantity': '8.99685100', 'rounded_notional': '100.00000000', 'settlement_date': '2022-11-10', 'timestamp': '2022-11-08T14:33:42.208000Z', 'id': '636a68c6-c33a-4047-b7c9-bbc15f3a6caa', 'ipo_access_execution_rank': None, 'trade_execution_date': '2022-11-08'}]",False,regular_hours,False,False,,,,,,"{'amount': '100.00000000', 'currency_code': 'USD', 'currency_id': '1072fc76-1862-41ab-82c2-485837590762'}",,"{'amount': '100.00', 'currency_code': 'USD', 'currency_id': '1072fc76-1862-41ab-82c2-485837590762'}","{'amount': '100.00', 'currency_code': 'USD', 'currency_id': '1072fc76-1862-41ab-82c2-485837590762'}",,False,,,,,,False,True,False,True,0,,,2.0,user,False,,order_finalized,,
6369577d-fef2-4f94-be8b-b1d19ae16c5b,37164880-C5C6-4573-8FD9-510EF1128CE8,https://api.robinhood.com/orders/6369577d-fef2-4f94-be8b-b1d19ae16c5b/,https://api.robinhood.com/accounts/5SE25445/,fa785cc9-e75d-40e1-ad49-9dad4a009457,https://api.robinhood.com/positions/5SE25445/1790dd4f-a7ff-409e-90de-cad5efafde10/,,https://api.robinhood.com/instruments/1790dd4f-a7ff-409e-90de-cad5efafde10/,1790dd4f-a7ff-409e-90de-cad5efafde10,0.00376200,265.81610000,0.00,filled,filled,,market,buy,gfd,immediate,279.13000000,,0.00376200,,2022-11-07T19:07:41.569098Z,2022-11-07T19:07:42.066396Z,2022-11-07T19:07:41.784925Z,"[{'price': '265.81500000', 'quantity': '0.00376200', 'rounded_notional': '1.00000000', 'settlement_date': '2022-11-09', 'timestamp': '2022-11-07T19:07:41.784857Z', 'id': '6369577d-5b4f-493f-b2f9-782cc643f27f', 'ipo_access_execution_rank': None, 'trade_execution_date': '2022-11-07'}]",False,regular_hours,False,False,,,,,,"{'amount': '1.00000000', 'currency_code': 'USD', 'currency_id': '1072fc76-1862-41ab-82c2-485837590762'}",,"{'amount': '1.00', 'currency_code': 'USD', 'currency_id': '1072fc76-1862-41ab-82c2-485837590762'}","{'amount': '1.00', 'currency_code': 'USD', 'currency_id': '1072fc76-1862-41ab-82c2-485837590762'}",,False,,,,,,False,True,False,True,0,,,0.0,user,False,,order_finalized,,
636954e8-d3c6-432d-a4ad-1bdd11fb1046,F1DDAD73-171F-4547-8A7D-C4435DC3EEB6,https://api.robinhood.com/orders/636954e8-d3c6-432d-a4ad-1bdd11fb1046/,https://api.robinhood.com/accounts/5SE25445/,fa785cc9-e75d-40e1-ad49-9dad4a009457,https://api.robinhood.com/positions/5SE25445/c0bb3aec-bd1e-471e-a4f0-ca011cbec711/,,https://api.robinhood.com/instruments/c0bb3aec-bd1e-471e-a4f0-ca011cbec711/,c0bb3aec-bd1e-471e-a4f0-ca011cbec711,1.11476500,89.70500000,0.00,filled,filled,,market,buy,gfd,immediate,94.16000000,,1.11476500,,2022-11-07T18:56:40.828716Z,2022-11-07T18:56:41.974467Z,2022-11-07T18:56:41.642285Z,"[{'price': '89.70500000', 'quantity': '0.11476500', 'rounded_notional': '10.29000000', 'settlement_date': '2022-11-09', 'timestamp': '2022-11-07T18:56:41.055832Z', 'id': '636954e9-8bf9-4e95-89b3-d604c1d0cd3e', 'ipo_access_execution_rank': None, 'trade_execution_date': '2022-11-07'}, {'price': '89.71000000', 'quantity': '1.00000000', 'rounded_notional': '89.71000000', 'settlement_date': '2022-11-09', 'timestamp': '2022-11-07T18:56:41.145000Z', 'id': '636954e9-310c-43aa-9be1-644f50161ee6', 'ipo_access_execution_rank': None, 'trade_execution_date': '2022-11-07'}]",False,regular_hours,False,False,,,,,,"{'amount': '100.00000000', 'currency_code': 'USD', 'currency_id': '1072fc76-1862-41ab-82c2-485837590762'}",,"{'amount': '100.00', 'currency_code': 'USD', 'currency_id': '1072fc76-1862-41ab-82c2-485837590762'}","{'amount': '100.00', 'currency_code': 'USD', 'currency_id': '1072fc76-1862-41ab-82c2-485837590762'}",,False,,,,,,False,True,False,True,0,,,2.0,user,False,,order_finalized,,
636954cc-6537-4ad8-9abb-feac3bc0c1e7,14B9DADF-CC9D-42BA-A400-B3C7A1B6411E,https://api.robinhood.com/orders/636954cc-6537-4ad8-9abb-feac3bc0c1e7/,https://api.robinhood.com/accounts/5SE25445/,fa785cc9-e75d-40e1-ad49-9dad4a009457,https://api.robinhood.com/positions/5SE25445/450dfc6d-5510-4d40-abfb-f633b7d9be3e/,,https://api.robinhood.com/instruments/450dfc6d-5510-4d40-abfb-f633b7d9be3e/,450dfc6d-5510-4d40-abfb-f633b7d9be3e,0.72888900,137.19510000,0.00,filled,filled,,market,buy,gfd,immediate,144.04000000,,0.72888900,,2022-11-07T18:56:12.130641Z,2022-11-07T18:56:13.366504Z,2022-11-07T18:56:13.051942Z,"[{'price': '137.19500000', 'quantity': '0.72888900', 'rounded_notional': '100.00000000', 'settlement_date': '2022-11-09', 'timestamp': '2022-11-07T18:56:12.436000Z', 'id': '636954cd-6ca1-4d1d-a022-65b740f65417', 'ipo_access_execution_rank': None, 'trade_execution_date': '2022-11-07'}]",False,regular_hours,False,False,,,,,,"{'amount': '100.00000000', 'currency_code': 'USD', 'currency_id': '1072fc76-1862-41ab-82c2-485837590762'}",,"{'amount': '100.00', 'currency_code': 'USD', 'currency_id': '1072fc76-1862-41ab-82c2-485837590762'}","{'amount': '100.00', 'currency_code': 'USD', 'currency_id': '1072fc76-1862-41ab-82c2-485837590762'}",,False,,,,,,False,True,False,True,0,,,2.0,user,False,,order_finalized,,
636954a2-64f9-4e74-928e-f41d2f59f53f,77BB08F1-9DFE-4040-ACC8-189AC388217D,https://api.robinhood.com/orders/636954a2-64f9-4e74-928e-f41d2f59f53f/,https://api.robinhood.com/accounts/5SE25445/,fa785cc9-e75d-40e1-ad49-9dad4a009457,https://api.robinhood.com/positions/5SE25445/ef29fd22-6e22-44ef-9911-a8f5bd68abd3/,,https://api.robinhood.com/instruments/ef29fd22-6e22-44ef-9911-a8f5bd68abd3/,ef29fd22-6e22-44ef-9911-a8f5bd68abd3,8.40357300,11.89970000,0.00,filled,filled,,market,buy,gfd,immediate,12.49000000,,8.40357300,,2022-11-07T18:55:30.620646Z,2022-11-07T18:55:31.945527Z,2022-11-07T18:55:31.651794Z,"[{'price': '11.89970000', 'quantity': '8.40357300', 'rounded_notional': '100.00000000', 'settlement_date': '2022-11-09', 'timestamp': '2022-11-07T18:55:30.965000Z', 'id': '636954a3-7caa-408e-9e9b-1a845203dabc', 'ipo_access_execution_rank': None, 'trade_execution_date': '2022-11-07'}]",False,regular_hours,False,False,,,,,,"{'amount': '100.00000000', 'currency_code': 'USD', 'currency_id': '1072fc76-1862-41ab-82c2-485837590762'}",,"{'amount': '100.00', 'currency_code': 'USD', 'currency_id': '1072fc76-1862-41ab-82c2-485837590762'}","{'amount': '100.00', 'currency_code': 'USD', 'currency_id': '1072fc76-1862-41ab-82c2-485837590762'}",,False,,,,,,False,True,False,True,0,,,2.0,user,False,,order_finalized,,
6369548a-8fcb-47ed-8315-a36f85fbdc0d,3EF498C3-3487-459C-9AD4-00E1FCD1C018,https://api.robinhood.com/orders/6369548a-8fcb-47ed-8315-a36f85fbdc0d/,https://api.robinhood.com/accounts/5SE25445/,fa785cc9-e75d-40e1-ad49-9dad4a009457,https://api.robinhood.com/positions/5SE25445/d05566bf-b0cc-414b-a520-b9216bb80abf/,,https://api.robinhood.com/instruments/d05566bf-b0cc-414b-a520-b9216bb80abf/,d05566bf-b0cc-414b-a520-b9216bb80abf,3.13069300,31.94180000,0.00,filled,filled,,market,buy,gfd,immediate,33.54000000,,3.13069300,,2022-11-07T18:55:06.371645Z,2022-11-07T18:55:07.634540Z,2022-11-07T18:55:07.335813Z,"[{'price': '31.94040000', 'quantity': '3.13038000', 'rounded_notional': '99.99000000', 'settlement_date': '2022-11-09', 'timestamp': '2022-11-07T18:55:06.741000Z', 'id': '6369548b-d550-4248-ade2-2b33e912c960', 'ipo_access_execution_rank': None, 'trade_execution_date': '2022-11-07'}, {'price': '31.94040000', 'quantity': '0.00031300', 'rounded_notional': '0.01000000', 'settlement_date': '2022-11-09', 'timestamp': '2022-11-07T18:55:06.741000Z', 'id': '6369548b-9a0e-49d1-ac3a-7fe876d2f3c0', 'ipo_access_execution_rank': None, 'trade_execution_date': '2022-11-07'}]",False,regular_hours,False,False,,,,,,"{'amount': '100.00000000', 'currency_code': 'USD', 'currency_id': '1072fc76-1862-41ab-82c2-485837590762'}",,"{'amount': '100.00', 'currency_code': 'USD', 'currency_id': '1072fc76-1862-41ab-82c2-485837590762'}","{'amount': '100.00', 'currency_code': 'USD', 'currency_id': '1072fc76-1862-41ab-82c2-485837590762'}",,False,,,,,,False,True,False,True,0,,,2.0,user,False,,order_finalized,,
6369183d-7685-43d8-991a-b8bbf6529b52,1F6BE7D0-7637-4B32-8308-B38B4D7B8AD0,https://api.robinhood.com/orders/6369183d-7685-43d8-991a-b8bbf6529b52/,https://api.robinhood.com/accounts/5SE25445/,fa785cc9-e75d-40e1-ad49-9dad4a009457,https://api.robinhood.com/positions/5SE25445/f3acdd2f-6580-4c75-a69c-81481cc4c235/,,https://api.robinhood.com/instruments/f3acdd2f-6580-4c75-a69c-81481cc4c235/,f3acdd2f-6580-4c75-a69c-81481cc4c235,31.01307300,62.44010000,0.05,filled,filled,,market,sell,gfd,immediate,,,31.01307300,,2022-11-07T14:37:49.984588Z,2022-11-07T14:37:51.196633Z,2022-11-07T14:37:50.909850Z,"[{'price': '62.50500000', 'quantity': '0.01307300', 'rounded_notional': '0.82000000', 'settlement_date': '2022-11-09', 'timestamp': '2022-11-07T14:37:50.228665Z', 'id': '6369183e-ce47-4224-b971-37fc299b7542', 'ipo_access_execution_rank': None, 'trade_execution_date': '2022-11-07'}, {'price': '62.44000000', 'quantity': '31.00000000', 'rounded_notional': '1935.64000000', 'settlement_date': '2022-11-09', 'timestamp': '2022-11-07T14:37:50.335000Z', 'id': '6369183e-9778-4319-969a-f1894110cb60', 'ipo_access_execution_rank': None, 'trade_execution_date': '2022-11-07'}]",False,regular_hours,False,False,,,,,,,,,"{'amount': '1936.46', 'currency_code': 'USD', 'currency_id': '1072fc76-1862-41ab-82c2-485837590762'}",,False,,,,,,False,True,False,True,0,,,2.0,user,False,,order_finalized,,
6363fb1c-cdb1-4323-b608-c8e96309844f,DA343099-3E69-4CCA-B603-0B9B637AC325,https://api.robinhood.com/orders/6363fb1c-cdb1-4323-b608-c8e96309844f/,https://api.robinhood.com/accounts/5SE25445/,fa785cc9-e75d-40e1-ad49-9dad4a009457,https://api.robinhood.com/positions/5SE25445/f3acdd2f-6580-4c75-a69c-81481cc4c235/,,https://api.robinhood.com/instruments/f3acdd2f-6580-4c75-a69c-81481cc4c235/,f3acdd2f-6580-4c75-a69c-81481cc4c235,5.19528700,53.89500000,0.00,filled,filled,,market,sell,gfd,immediate,,,5.19528700,,2022-11-03T17:32:12.851201Z,2022-11-03T17:32:14.141248Z,2022-11-03T17:32:13.844115Z,"[{'price': '53.89500000', 'quantity': '0.19528700', 'rounded_notional': '10.52000000', 'settlement_date': '2022-11-07', 'timestamp': '2022-11-03T17:32:13.113250Z', 'id': '6363fb1d-58a2-4482-a85b-48cb17216595', 'ipo_access_execution_rank': None, 'trade_execution_date': '2022-11-03'}, {'price': '53.89580000', 'quantity': '5.00000000', 'rounded_notional': '269.48000000', 'settlement_date': '2022-11-07', 'timestamp': '2022-11-03T17:32:13.251000Z', 'id': '6363fb1d-16b1-4a96-86d5-171687f30bcc', 'ipo_access_execution_rank': None, 'trade_execution_date': '2022-11-03'}]",False,regular_hours,False,False,,,,,,"{'amount': '280.00000000', 'currency_code': 'USD', 'currency_id': '1072fc76-1862-41ab-82c2-485837590762'}",,,"{'amount': '280.00', 'currency_code': 'USD', 'currency_id': '1072fc76-1862-41ab-82c2-485837590762'}",,False,,,,,,False,True,False,True,0,,,2.0,user,False,,order_finalized,,
6362d554-cb31-401e-8aa9-6b67f4decb15,6110ACF5-1F62-481D-9D7C-727074BFC473,https://api.robinhood.com/orders/6362d554-cb31-401e-8aa9-6b67f4decb15/,https://api.robinhood.com/accounts/5SE25445/,fa785cc9-e75d-40e1-ad49-9dad4a009457,https://api.robinhood.com/positions/5SE25445/f3acdd2f-6580-4c75-a69c-81481cc4c235/,,https://api.robinhood.com/instruments/f3acdd2f-6580-4c75-a69c-81481cc4c235/,f3acdd2f-6580-4c75-a69c-81481cc4c235,2.76642700,53.49860000,0.00,filled,filled,,market,buy,gfd,immediate,58.74000000,,2.76642700,,2022-11-02T20:38:44.171054Z,2022-11-03T13:30:06.830913Z,2022-11-03T13:30:03.173559Z,"[{'price': '53.50000000', 'quantity': '2.75502600', 'rounded_notional': '147.39000000', 'settlement_date': '2022-11-07', 'timestamp': '2022-11-03T13:30:01.626000Z', 'id': '6363c25b-a671-4f08-ab65-392616f13e0c', 'ipo_access_execution_rank': None, 'trade_execution_date': '2022-11-03'}, {'price': '53.50000000', 'quantity': '0.01140100', 'rounded_notional': '0.61000000', 'settlement_date': '2022-11-07', 'timestamp': '2022-11-03T13:30:01.626000Z', 'id': '6363c25b-c5a8-476a-b301-75c7ccfaa2e7', 'ipo_access_execution_rank': None, 'trade_execution_date': '2022-11-03'}]",False,regular_hours,False,False,,,,,,"{'amount': '148.00000000', 'currency_code': 'USD', 'currency_id': '1072fc76-1862-41ab-82c2-485837590762'}",,"{'amount': '148.00', 'currency_code': 'USD', 'currency_id': '1072fc76-1862-41ab-82c2-485837590762'}","{'amount': '148.00', 'currency_code': 'USD', 'currency_id': '1072fc76-1862-41ab-82c2-485837590762'}",,False,,,,,,False,True,False,True,0,,,3.0,user,False,,order_finalized,,
635beea0-ef60-42e8-97b5-9a0ca4697d61,1F585AEC-21AA-401A-BF74-E0A172968630,https://api.robinhood.com/orders/635beea0-ef60-42e8-97b5-9a0ca4697d61/,https://api.robinhood.com/accounts/5SE25445/,fa785cc9-e75d-40e1-ad49-9dad4a009457,https://api.robinhood.com/positions/5SE25445/f3acdd2f-6580-4c75-a69c-81481cc4c235/,,https://api.robinhood.com/instruments/f3acdd2f-6580-4c75-a69c-81481cc4c235/,f3acdd2f-6580-4c75-a69c-81481cc4c235,33.40292200,59.87500000,0.00,filled,filled,,market,buy,gfd,immediate,62.86000000,,33.40292200,,2022-10-28T15:00:48.911323Z,2022-10-28T15:00:49.937995Z,2022-10-28T15:00:49.633803Z,"[{'price': '59.87500000', 'quantity': '0.40292200', 'rounded_notional': '24.12000000', 'settlement_date': '2022-11-01', 'timestamp': '2022-10-28T15:00:49.124634Z', 'id': '635beea1-913e-47be-9437-3571c9b99929', 'ipo_access_execution_rank': None, 'trade_execution_date': '2022-10-28'}, {'price': '59.87500000', 'quantity': '33.00000000', 'rounded_notional': '1975.88000000', 'settlement_date': '2022-11-01', 'timestamp': '2022-10-28T15:00:49.197000Z', 'id': '635beea1-09c3-4430-81ce-7d6277923b79', 'ipo_access_execution_rank': None, 'trade_execution_date': '2022-10-28'}]",False,regular_hours,False,False,,,,,,"{'amount': '2000.00000000', 'currency_code': 'USD', 'currency_id': '1072fc76-1862-41ab-82c2-485837590762'}",,"{'amount': '2000.00', 'currency_code': 'USD', 'currency_id': '1072fc76-1862-41ab-82c2-485837590762'}","{'amount': '2000.00', 'currency_code': 'USD', 'currency_id': '1072fc76-1862-41ab-82c2-485837590762'}",,False,,,,,,False,True,False,True,0,,,2.0,user,False,,order_finalized,,
6356a938-f84c-40f6-852a-21c85c37aaa0,92753A25-A54B-499B-AC50-01C245EE844A,https://api.robinhood.com/orders/6356a938-f84c-40f6-852a-21c85c37aaa0/,https://api.robinhood.com/accounts/5SE25445/,fa785cc9-e75d-40e1-ad49-9dad4a009457,https://api.robinhood.com/positions/5SE25445/8f92e76f-1e0e-4478-8580-16a6ffcfaef5/,,https://api.robinhood.com/instruments/8f92e76f-1e0e-4478-8580-16a6ffcfaef5/,8f92e76f-1e0e-4478-8580-16a6ffcfaef5,0.00541600,376.66170000,0.00,filled,filled,,market,buy,gfd,immediate,395.49000000,,0.00541600,,2022-10-24T15:03:20.573516Z,2022-10-24T15:03:21.121041Z,2022-10-24T15:03:20.787977Z,"[{'price': '376.64000000', 'quantity': '0.00541600', 'rounded_notional': '2.04000000', 'settlement_date': '2022-10-26', 'timestamp': '2022-10-24T15:03:20.787910Z', 'id': '6356a938-5be1-46e9-aae2-bb90c2124628', 'ipo_access_execution_rank': None, 'trade_execution_date': '2022-10-24'}]",False,regular_hours,False,False,,,,,,"{'amount': '2.04000000', 'currency_code': 'USD', 'currency_id': '1072fc76-1862-41ab-82c2-485837590762'}",,"{'amount': '2.04', 'currency_code': 'USD', 'currency_id': '1072fc76-1862-41ab-82c2-485837590762'}","{'amount': '2.04', 'currency_code': 'USD', 'currency_id': '1072fc76-1862-41ab-82c2-485837590762'}",,False,,,,,,False,True,False,True,0,,,0.0,user,False,,order_finalized,,
6356a922-274a-4611-9b1e-d97971ccc60b,367C2F65-6D9E-40A1-89E8-970D0B4CDDA3,https://api.robinhood.com/orders/6356a922-274a-4611-9b1e-d97971ccc60b/,https://api.robinhood.com/accounts/5SE25445/,fa785cc9-e75d-40e1-ad49-9dad4a009457,https://api.robinhood.com/positions/5SE25445/f3acdd2f-6580-4c75-a69c-81481cc4c235/,,https://api.robinhood.com/instruments/f3acdd2f-6580-4c75-a69c-81481cc4c235/,f3acdd2f-6580-4c75-a69c-81481cc4c235,0.03901100,54.85630000,0.00,filled,filled,,market,buy,gfd,immediate,57.66000000,,0.03901100,,2022-10-24T15:02:58.768594Z,2022-10-24T15:02:59.591079Z,2022-10-24T15:02:58.997741Z,"[{'price': '54.85500000', 'quantity': '0.03901100', 'rounded_notional': '2.14000000', 'settlement_date': '2022-10-26', 'timestamp': '2022-10-24T15:02:58.997661Z', 'id': '6356a922-8f62-4fac-b2a6-637824efe739', 'ipo_access_execution_rank': None, 'trade_execution_date': '2022-10-24'}]",False,regular_hours,False,False,,,,,,"{'amount': '2.14000000', 'currency_code': 'USD', 'currency_id': '1072fc76-1862-41ab-82c2-485837590762'}",,"{'amount': '2.14', 'currency_code': 'USD', 'currency_id': '1072fc76-1862-41ab-82c2-485837590762'}","{'amount': '2.14', 'currency_code': 'USD', 'currency_id': '1072fc76-1862-41ab-82c2-485837590762'}",,False,,,,,,False,True,False,True,0,,,0.0,user,False,,order_finalized,,
63528f37-3dae-4594-9ea9-bffa9f1a3b0a,82BDC546-4603-450E-91D4-D944817D5502,https://api.robinhood.com/orders/63528f37-3dae-4594-9ea9-bffa9f1a3b0a/,https://api.robinhood.com/accounts/5SE25445/,fa785cc9-e75d-40e1-ad49-9dad4a009457,https://api.robinhood.com/positions/5SE25445/450dfc6d-5510-4d40-abfb-f633b7d9be3e/,,https://api.robinhood.com/instruments/450dfc6d-5510-4d40-abfb-f633b7d9be3e/,450dfc6d-5510-4d40-abfb-f633b7d9be3e,0.68835500,141.75820000,0.00,filled,filled,,market,sell,gfd,immediate,134.71000000,,0.68835500,,2022-10-21T12:23:19.203491Z,2022-10-21T12:23:20.753225Z,2022-10-21T12:23:20.460461Z,"[{'price': '141.76000000', 'quantity': '0.68835500', 'rounded_notional': '97.58000000', 'settlement_date': '2022-10-25', 'timestamp': '2022-10-21T12:23:19.800000Z', 'id': '63528f38-f618-4c89-8168-8daed1fd4105', 'ipo_access_execution_rank': None, 'trade_execution_date': '2022-10-21'}]",True,extended_hours,False,False,,,,,,,,"{'amount': '92.72', 'currency_code': 'USD', 'currency_id': '1072fc76-1862-41ab-82c2-485837590762'}","{'amount': '97.58', 'currency_code': 'USD', 'currency_id': '1072fc76-1862-41ab-82c2-485837590762'}",,False,,,,,,False,True,False,True,0,,,2.0,user,False,,order_finalized,,
63528f24-a552-4316-b318-240d591de8fa,D23EB7F6-F005-496F-9ED2-2C93E2F1C55F,https://api.robinhood.com/orders/63528f24-a552-4316-b318-240d591de8fa/,https://api.robinhood.com/accounts/5SE25445/,fa785cc9-e75d-40e1-ad49-9dad4a009457,https://api.robinhood.com/positions/5SE25445/900c67cd-c655-45af-a041-011074f6df73/,,https://api.robinhood.com/instruments/900c67cd-c655-45af-a041-011074f6df73/,900c67cd-c655-45af-a041-011074f6df73,1.90603200,51.32130000,0.00,filled,filled,,market,sell,gfd,immediate,48.78000000,,1.90603200,,2022-10-21T12:23:00.985932Z,2022-10-21T12:23:02.160501Z,2022-10-21T12:23:01.867820Z,"[{'price': '51.32000000', 'quantity': '1.90603200', 'rounded_notional': '97.82000000', 'settlement_date': '2022-10-25', 'timestamp': '2022-10-21T12:23:01.348000Z', 'id': '63528f25-78f3-4a3f-b5d1-b76418740ba8', 'ipo_access_execution_rank': None, 'trade_execution_date': '2022-10-21'}]",True,extended_hours,False,False,,,,,,,,"{'amount': '92.97', 'currency_code': 'USD', 'currency_id': '1072fc76-1862-41ab-82c2-485837590762'}","{'amount': '97.82', 'currency_code': 'USD', 'currency_id': '1072fc76-1862-41ab-82c2-485837590762'}",,False,,,,,,False,True,False,True,0,,,2.0,user,False,,order_finalized,,
63528f14-81de-4d0e-89be-cfe87ee2fd66,D1AA37E1-D2CC-4002-9861-094617032C65,https://api.robinhood.com/orders/63528f14-81de-4d0e-89be-cfe87ee2fd66/,https://api.robinhood.com/accounts/5SE25445/,fa785cc9-e75d-40e1-ad49-9dad4a009457,https://api.robinhood.com/positions/5SE25445/de0e6dc1-ca4d-4df7-a07e-baad8b1fcc11/,,https://api.robinhood.com/instruments/de0e6dc1-ca4d-4df7-a07e-baad8b1fcc11/,de0e6dc1-ca4d-4df7-a07e-baad8b1fcc11,0.55766200,177.47310000,0.00,filled,filled,,market,sell,gfd,immediate,,,0.55766200,,2022-10-21T12:22:44.236745Z,2022-10-21T13:30:02.277223Z,2022-10-21T13:30:01.468396Z,"[{'price': '177.46500000', 'quantity': '0.55766200', 'rounded_notional': '98.97000000', 'settlement_date': '2022-10-25', 'timestamp': '2022-10-21T13:30:00.011236Z', 'id': '63529ed9-a9cf-406d-b937-aaa3230bdbd1', 'ipo_access_execution_rank': None, 'trade_execution_date': '2022-10-21'}]",False,regular_hours,False,False,,,,,,,,,"{'amount': '98.97', 'currency_code': 'USD', 'currency_id': '1072fc76-1862-41ab-82c2-485837590762'}",,False,,,,,,False,True,False,True,0,,,1.0,user,False,,order_finalized,,
63528efa-4330-46a6-ac5e-36e1ff9d81ee,C681A6ED-635A-4E92-AE21-42259BE0EAA2,https://api.robinhood.com/orders/63528efa-4330-46a6-ac5e-36e1ff9d81ee/,https://api.robinhood.com/accounts/5SE25445/,fa785cc9-e75d-40e1-ad49-9dad4a009457,https://api.robinhood.com/positions/5SE25445/41eac3c6-f7f7-4c4a-b696-ab9d1b913981/,,https://api.robinhood.com/instruments/41eac3c6-f7f7-4c4a-b696-ab9d1b913981/,41eac3c6-f7f7-4c4a-b696-ab9d1b913981,0.39933200,250.01750000,0.00,filled,filled,,market,sell,gfd,immediate,,,0.39933200,,2022-10-21T12:22:18.032995Z,2022-10-21T13:30:01.114829Z,2022-10-21T13:30:00.774730Z,"[{'price': '250.01000000', 'quantity': '0.39933200', 'rounded_notional': '99.84000000', 'settlement_date': '2022-10-25', 'timestamp': '2022-10-21T13:30:00.280655Z', 'id': '63529ed8-226d-4e16-a9bb-5dcd151c43ed', 'ipo_access_execution_rank': None, 'trade_execution_date': '2022-10-21'}]",False,regular_hours,False,False,,,,,,,,,"{'amount': '99.84', 'currency_code': 'USD', 'currency_id': '1072fc76-1862-41ab-82c2-485837590762'}",,False,,,,,,False,True,False,True,0,,,1.0,user,False,,order_finalized,,
63528ee8-3337-491d-9847-95a14fddb376,20214962-6EA3-41B6-AC41-DA56316C123D,https://api.robinhood.com/orders/63528ee8-3337-491d-9847-95a14fddb376/,https://api.robinhood.com/accounts/5SE25445/,fa785cc9-e75d-40e1-ad49-9dad4a009457,https://api.robinhood.com/positions/5SE25445/1520c0c0-7b1f-4464-9b5e-800a2a3ce29f/,,https://api.robinhood.com/instruments/1520c0c0-7b1f-4464-9b5e-800a2a3ce29f/,1520c0c0-7b1f-4464-9b5e-800a2a3ce29f,0.78613200,126.93800000,0.00,filled,filled,,market,sell,gfd,immediate,,,0.78613200,,2022-10-21T12:22:00.169349Z,2022-10-21T13:32:26.034490Z,2022-10-21T13:32:25.692190Z,"[{'price': '126.50000000', 'quantity': '0.09770400', 'rounded_notional': '12.36000000', 'settlement_date': '2022-10-25', 'timestamp': '2022-10-21T13:30:00.275086Z', 'id': '63529ed9-4f6f-425e-a1c5-cb8aff635737', 'ipo_access_execution_rank': None, 'trade_execution_date': '2022-10-21'}, {'price': '127.00000000', 'quantity': '0.68842800', 'rounded_notional': '87.43000000', 'settlement_date': '2022-10-25', 'timestamp': '2022-10-21T13:32:25.193000Z', 'id': '63529f69-3d3f-480b-933f-36326b1a2f09', 'ipo_access_execution_rank': None, 'trade_execution_date': '2022-10-21'}]",False,regular_hours,False,False,,,,,,,,,"{'amount': '99.79', 'currency_code': 'USD', 'currency_id': '1072fc76-1862-41ab-82c2-485837590762'}",,False,,,,,,False,True,False,True,0,,,4.0,user,False,,order_finalized,,
63528ecd-ac0b-4adb-b2d8-9c007857b80e,8CE1407A-3982-49D1-B459-4D77B5CE960D,https://api.robinhood.com/orders/63528ecd-ac0b-4adb-b2d8-9c007857b80e/,https://api.robinhood.com/accounts/5SE25445/,fa785cc9-e75d-40e1-ad49-9dad4a009457,https://api.robinhood.com/positions/5SE25445/c0bb3aec-bd1e-471e-a4f0-ca011cbec711/,,https://api.robinhood.com/instruments/c0bb3aec-bd1e-471e-a4f0-ca011cbec711/,c0bb3aec-bd1e-471e-a4f0-ca011cbec711,1.00000000,113.20000000,0.00,filled,filled,,market,sell,gfd,immediate,107.54000000,,1.00000000,,2022-10-21T12:21:33.832471Z,2022-10-21T12:21:34.599283Z,2022-10-21T12:21:34.173000Z,"[{'price': '113.20000000', 'quantity': '1.00000000', 'rounded_notional': '113.20000000', 'settlement_date': '2022-10-25', 'timestamp': '2022-10-21T12:21:34.173000Z', 'id': '63528ece-79b8-473e-9489-ebe8351e90c9', 'ipo_access_execution_rank': None, 'trade_execution_date': '2022-10-21'}]",True,extended_hours,False,False,,,,,,,,"{'amount': '107.54', 'currency_code': 'USD', 'currency_id': '1072fc76-1862-41ab-82c2-485837590762'}","{'amount': '113.20', 'currency_code': 'USD', 'currency_id': '1072fc76-1862-41ab-82c2-485837590762'}",,False,,,,,,False,True,False,True,0,,,2.0,user,False,,order_finalized,,
63528ea7-9e0c-4e40-aa6b-31108f950073,11C291F0-35B9-4D43-AA8E-F9E09485DDE6,https://api.robinhood.com/orders/63528ea7-9e0c-4e40-aa6b-31108f950073/,https://api.robinhood.com/accounts/5SE25445/,fa785cc9-e75d-40e1-ad49-9dad4a009457,https://api.robinhood.com/positions/5SE25445/f37d1017-e4cf-438e-bd3f-32ec6199e12f/,,https://api.robinhood.com/instruments/f37d1017-e4cf-438e-bd3f-32ec6199e12f/,f37d1017-e4cf-438e-bd3f-32ec6199e12f,1.98840300,12.46230000,0.00,filled,filled,,market,sell,gfd,immediate,11.87000000,,1.98840300,,2022-10-21T12:20:55.587369Z,2022-10-21T12:20:57.448800Z,2022-10-21T12:20:57.154460Z,"[{'price': '12.46000000', 'quantity': '1.98840300', 'rounded_notional': '24.78000000', 'settlement_date': '2022-10-25', 'timestamp': '2022-10-21T12:20:56.603000Z', 'id': '63528ea9-7978-42ce-bdd8-c92ee0f59cb1', 'ipo_access_execution_rank': None, 'trade_execution_date': '2022-10-21'}]",True,extended_hours,False,False,,,,,,,,"{'amount': '23.60', 'currency_code': 'USD', 'currency_id': '1072fc76-1862-41ab-82c2-485837590762'}","{'amount': '24.78', 'currency_code': 'USD', 'currency_id': '1072fc76-1862-41ab-82c2-485837590762'}",,False,,,,,,False,True,False,True,0,,,2.0,user,False,,order_finalized,,
63528e8a-6450-4181-b4cb-11e59e1b6a5a,A34BF127-1E47-4324-AAF2-68FC3075EA65,https://api.robinhood.com/orders/63528e8a-6450-4181-b4cb-11e59e1b6a5a/,https://api.robinhood.com/accounts/5SE25445/,fa785cc9-e75d-40e1-ad49-9dad4a009457,https://api.robinhood.com/positions/5SE25445/940fc3f5-1db5-4fed-b452-f3a2e4562b5f/,,https://api.robinhood.com/instruments/940fc3f5-1db5-4fed-b452-f3a2e4562b5f/,940fc3f5-1db5-4fed-b452-f3a2e4562b5f,1.68327400,56.94850000,0.00,filled,filled,,market,sell,gfd,immediate,54.15000000,,1.68327400,,2022-10-21T12:20:26.651305Z,2022-10-21T12:20:28.013572Z,2022-10-21T12:20:27.711898Z,"[{'price': '56.96500000', 'quantity': '0.68327400', 'rounded_notional': '38.92000000', 'settlement_date': '2022-10-25', 'timestamp': '2022-10-21T12:20:26.976372Z', 'id': '63528e8a-0ac8-48d5-82f9-b25ca09a76e1', 'ipo_access_execution_rank': None, 'trade_execution_date': '2022-10-21'}, {'price': '56.94000000', 'quantity': '1.00000000', 'rounded_notional': '56.94000000', 'settlement_date': '2022-10-25', 'timestamp': '2022-10-21T12:20:27.056000Z', 'id': '63528e8b-76da-4b3b-9e9f-6108f5bb9995', 'ipo_access_execution_rank': None, 'trade_execution_date': '2022-10-21'}]",True,extended_hours,False,False,,,,,,,,"{'amount': '91.14', 'currency_code': 'USD', 'currency_id': '1072fc76-1862-41ab-82c2-485837590762'}","{'amount': '95.86', 'currency_code': 'USD', 'currency_id': '1072fc76-1862-41ab-82c2-485837590762'}",,False,,,,,,False,True,False,True,0,,,2.0,user,False,,order_finalized,,
63528e7c-9bf0-4bfc-a15f-e7143e578769,5C531E39-1005-4BF1-9DAF-C26FAB911DD0,https://api.robinhood.com/orders/63528e7c-9bf0-4bfc-a15f-e7143e578769/,https://api.robinhood.com/accounts/5SE25445/,fa785cc9-e75d-40e1-ad49-9dad4a009457,https://api.robinhood.com/positions/5SE25445/54db869e-f7d5-45fb-88f1-8d7072d4c8b2/,,https://api.robinhood.com/instruments/54db869e-f7d5-45fb-88f1-8d7072d4c8b2/,54db869e-f7d5-45fb-88f1-8d7072d4c8b2,0.98712200,97.93120000,0.00,filled,filled,,market,sell,gfd,immediate,93.09000000,,0.98712200,,2022-10-21T12:20:12.089398Z,2022-10-21T12:20:13.348758Z,2022-10-21T12:20:13.042520Z,"[{'price': '97.93000000', 'quantity': '0.98712200', 'rounded_notional': '96.67000000', 'settlement_date': '2022-10-25', 'timestamp': '2022-10-21T12:20:12.560000Z', 'id': '63528e7d-8002-4e96-b25e-bc83982a8f45', 'ipo_access_execution_rank': None, 'trade_execution_date': '2022-10-21'}]",True,extended_hours,False,False,,,,,,,,"{'amount': '91.89', 'currency_code': 'USD', 'currency_id': '1072fc76-1862-41ab-82c2-485837590762'}","{'amount': '96.67', 'currency_code': 'USD', 'currency_id': '1072fc76-1862-41ab-82c2-485837590762'}",,False,,,,,,False,True,False,True,0,,,2.0,user,False,,order_finalized,,
63528e67-4d9e-4e11-a515-2a47fc5ab0f8,0A4197D3-7C44-4FE2-BBAD-DAEAC89FDC4B,https://api.robinhood.com/orders/63528e67-4d9e-4e11-a515-2a47fc5ab0f8/,https://api.robinhood.com/accounts/5SE25445/,fa785cc9-e75d-40e1-ad49-9dad4a009457,https://api.robinhood.com/positions/5SE25445/f3acdd2f-6580-4c75-a69c-81481cc4c235/,,https://api.robinhood.com/instruments/f3acdd2f-6580-4c75-a69c-81481cc4c235/,f3acdd2f-6580-4c75-a69c-81481cc4c235,2.54368700,54.15370000,0.00,filled,filled,,market,sell,gfd,immediate,,,2.54368700,,2022-10-21T12:19:51.631219Z,2022-10-21T13:33:08.767073Z,2022-10-21T13:33:08.429171Z,"[{'price': '54.16000000', 'quantity': '0.35721000', 'rounded_notional': '19.35000000', 'settlement_date': '2022-10-25', 'timestamp': '2022-10-21T13:30:01.009090Z', 'id': '63529ed9-2f9f-4287-8878-1425513db7de', 'ipo_access_execution_rank': None, 'trade_execution_date': '2022-10-21'}, {'price': '54.15000000', 'quantity': '2.18647700', 'rounded_notional': '118.40000000', 'settlement_date': '2022-10-25', 'timestamp': '2022-10-21T13:33:08.023000Z', 'id': '63529f94-150e-45ef-8224-b66345c7fb09', 'ipo_access_execution_rank': None, 'trade_execution_date': '2022-10-21'}]",False,regular_hours,False,False,,,,,,,,,"{'amount': '137.75', 'currency_code': 'USD', 'currency_id': '1072fc76-1862-41ab-82c2-485837590762'}",,False,,,,,,False,True,False,True,0,,,4.0,user,False,,order_finalized,,
63528e0e-9006-4704-85e3-1bb509a88223,FB5FEB21-49B3-44D3-AEAD-4D97119B2FEC,https://api.robinhood.com/orders/63528e0e-9006-4704-85e3-1bb509a88223/,https://api.robinhood.com/accounts/5SE25445/,fa785cc9-e75d-40e1-ad49-9dad4a009457,https://api.robinhood.com/positions/5SE25445/79b7c6e2-1cad-4160-8ae4-ee43a8e50840/,,https://api.robinhood.com/instruments/79b7c6e2-1cad-4160-8ae4-ee43a8e50840/,79b7c6e2-1cad-4160-8ae4-ee43a8e50840,4.47000000,34.53240000,0.00,filled,filled,,market,sell,gfd,immediate,32.80000000,,4.47000000,,2022-10-21T12:18:22.778435Z,2022-10-21T12:18:24.112331Z,2022-10-21T12:18:23.821813Z,"[{'price': '34.54500000', 'quantity': '0.47000000', 'rounded_notional': '16.24000000', 'settlement_date': '2022-10-25', 'timestamp': '2022-10-21T12:18:23.207847Z', 'id': '63528e0f-fbd0-4d8b-a80c-8ce4d62f6e23', 'ipo_access_execution_rank': None, 'trade_execution_date': '2022-10-21'}, {'price': '34.53000000', 'quantity': '4.00000000', 'rounded_notional': '138.12000000', 'settlement_date': '2022-10-25', 'timestamp': '2022-10-21T12:18:23.302000Z', 'id': '63528e0f-8bb6-4338-a396-e2a206c95480', 'ipo_access_execution_rank': None, 'trade_execution_date': '2022-10-21'}]",True,extended_hours,False,False,,,,,,,,"{'amount': '146.61', 'currency_code': 'USD', 'currency_id': '1072fc76-1862-41ab-82c2-485837590762'}","{'amount': '154.36', 'currency_code': 'USD', 'currency_id': '1072fc76-1862-41ab-82c2-485837590762'}",,False,,,,,,False,True,False,True,0,,,2.0,user,False,,order_finalized,,
63516a13-7392-48f4-a68e-af8a5f95fcd8,DB1F2545-B53C-40F0-8C2F-A9077DFFE1A9,https://api.robinhood.com/orders/63516a13-7392-48f4-a68e-af8a5f95fcd8/,https://api.robinhood.com/accounts/5SE25445/,fa785cc9-e75d-40e1-ad49-9dad4a009457,https://api.robinhood.com/positions/5SE25445/940fc3f5-1db5-4fed-b452-f3a2e4562b5f/,,https://api.robinhood.com/instruments/940fc3f5-1db5-4fed-b452-f3a2e4562b5f/,940fc3f5-1db5-4fed-b452-f3a2e4562b5f,1.51476800,59.41500000,0.00,filled,filled,,market,buy,gfd,immediate,62.40000000,,1.51476800,,2022-10-20T15:32:35.551565Z,2022-10-20T15:32:37.100236Z,2022-10-20T15:32:36.421534Z,"[{'price': '59.41500000', 'quantity': '0.51476800', 'rounded_notional': '30.58000000', 'settlement_date': '2022-10-24', 'timestamp': '2022-10-20T15:32:35.768526Z', 'id': '63516a13-1402-42bc-8b3c-13ddbc3b3751', 'ipo_access_execution_rank': None, 'trade_execution_date': '2022-10-20'}, {'price': '59.42000000', 'quantity': '1.00000000', 'rounded_notional': '59.42000000', 'settlement_date': '2022-10-24', 'timestamp': '2022-10-20T15:32:35.881000Z', 'id': '63516a14-f9d6-4eeb-af38-dd771fa74a64', 'ipo_access_execution_rank': None, 'trade_execution_date': '2022-10-20'}]",False,regular_hours,False,False,,,,,,"{'amount': '90.00000000', 'currency_code': 'USD', 'currency_id': '1072fc76-1862-41ab-82c2-485837590762'}",,"{'amount': '90.00', 'currency_code': 'USD', 'currency_id': '1072fc76-1862-41ab-82c2-485837590762'}","{'amount': '90.00', 'currency_code': 'USD', 'currency_id': '1072fc76-1862-41ab-82c2-485837590762'}",,False,,,,,,False,True,False,True,0,,,2.0,user,False,,order_finalized,,
635169fb-701b-4f5a-b1fa-c0f778e647b3,9E8928F1-D9C4-4D98-95A4-7AF717578045,https://api.robinhood.com/orders/635169fb-701b-4f5a-b1fa-c0f778e647b3/,https://api.robinhood.com/accounts/5SE25445/,fa785cc9-e75d-40e1-ad49-9dad4a009457,https://api.robinhood.com/positions/5SE25445/450dfc6d-5510-4d40-abfb-f633b7d9be3e/,,https://api.robinhood.com/instruments/450dfc6d-5510-4d40-abfb-f633b7d9be3e/,450dfc6d-5510-4d40-abfb-f633b7d9be3e,0.61950600,145.27700000,0.00,filled,filled,,market,buy,gfd,immediate,152.58000000,,0.61950600,,2022-10-20T15:32:11.875320Z,2022-10-20T15:32:13.569213Z,2022-10-20T15:32:12.869610Z,"[{'price': '145.27690000', 'quantity': '0.61950600', 'rounded_notional': '90.00000000', 'settlement_date': '2022-10-24', 'timestamp': '2022-10-20T15:32:12.175000Z', 'id': '635169fc-0f73-4b96-b14e-856e858a3585', 'ipo_access_execution_rank': None, 'trade_execution_date': '2022-10-20'}]",False,regular_hours,False,False,,,,,,"{'amount': '90.00000000', 'currency_code': 'USD', 'currency_id': '1072fc76-1862-41ab-82c2-485837590762'}",,"{'amount': '90.00', 'currency_code': 'USD', 'currency_id': '1072fc76-1862-41ab-82c2-485837590762'}","{'amount': '90.00', 'currency_code': 'USD', 'currency_id': '1072fc76-1862-41ab-82c2-485837590762'}",,False,,,,,,False,True,False,True,0,,,2.0,user,False,,order_finalized,,
6351697c-8361-4c60-97b1-ecf0fd19aac4,DD721813-0E7A-4B05-8288-C516C239335C,https://api.robinhood.com/orders/6351697c-8361-4c60-97b1-ecf0fd19aac4/,https://api.robinhood.com/accounts/5SE25445/,fa785cc9-e75d-40e1-ad49-9dad4a009457,https://api.robinhood.com/positions/5SE25445/41eac3c6-f7f7-4c4a-b696-ab9d1b913981/,,https://api.robinhood.com/instruments/41eac3c6-f7f7-4c4a-b696-ab9d1b913981/,41eac3c6-f7f7-4c4a-b696-ab9d1b913981,0.13573300,250.49180000,0.00,filled,filled,,market,buy,gfd,immediate,263.05000000,,0.13573300,,2022-10-20T15:30:04.593535Z,2022-10-20T15:30:05.403459Z,2022-10-20T15:30:04.837063Z,"[{'price': '250.49000000', 'quantity': '0.13573300', 'rounded_notional': '34.00000000', 'settlement_date': '2022-10-24', 'timestamp': '2022-10-20T15:30:04.836962Z', 'id': '6351697c-6dec-414e-91e0-349d13fb7dd7', 'ipo_access_execution_rank': None, 'trade_execution_date': '2022-10-20'}]",False,regular_hours,False,False,,,,,,"{'amount': '34.00000000', 'currency_code': 'USD', 'currency_id': '1072fc76-1862-41ab-82c2-485837590762'}",,"{'amount': '34.00', 'currency_code': 'USD', 'currency_id': '1072fc76-1862-41ab-82c2-485837590762'}","{'amount': '34.00', 'currency_code': 'USD', 'currency_id': '1072fc76-1862-41ab-82c2-485837590762'}",,False,,,,,,False,True,False,True,0,,,0.0,user,False,,order_finalized,,
635168f7-1c22-4ecb-b181-747aaf2a053c,B788AEDF-5229-41DA-9327-7AACF76B298A,https://api.robinhood.com/orders/635168f7-1c22-4ecb-b181-747aaf2a053c/,https://api.robinhood.com/accounts/5SE25445/,fa785cc9-e75d-40e1-ad49-9dad4a009457,https://api.robinhood.com/positions/5SE25445/54db869e-f7d5-45fb-88f1-8d7072d4c8b2/,,https://api.robinhood.com/instruments/54db869e-f7d5-45fb-88f1-8d7072d4c8b2/,54db869e-f7d5-45fb-88f1-8d7072d4c8b2,0.88840600,101.30500000,0.00,filled,filled,,market,buy,gfd,immediate,106.38000000,,0.88840600,,2022-10-20T15:27:51.526745Z,2022-10-20T15:27:52.771801Z,2022-10-20T15:27:52.415116Z,"[{'price': '101.30500000', 'quantity': '0.88840600', 'rounded_notional': '90.00000000', 'settlement_date': '2022-10-24', 'timestamp': '2022-10-20T15:27:51.820000Z', 'id': '635168f8-dbdc-4cde-b8ce-c270447b048c', 'ipo_access_execution_rank': None, 'trade_execution_date': '2022-10-20'}]",False,regular_hours,False,False,,,,,,"{'amount': '90.00000000', 'currency_code': 'USD', 'currency_id': '1072fc76-1862-41ab-82c2-485837590762'}",,"{'amount': '90.00', 'currency_code': 'USD', 'currency_id': '1072fc76-1862-41ab-82c2-485837590762'}","{'amount': '90.00', 'currency_code': 'USD', 'currency_id': '1072fc76-1862-41ab-82c2-485837590762'}",,False,,,,,,False,True,False,True,0,,,2.0,user,False,,order_finalized,,
635168da-9908-4511-8d3e-4f7b55a52d3c,68FAE919-A70C-4A44-A16E-9A572C27F295,https://api.robinhood.com/orders/635168da-9908-4511-8d3e-4f7b55a52d3c/,https://api.robinhood.com/accounts/5SE25445/,fa785cc9-e75d-40e1-ad49-9dad4a009457,https://api.robinhood.com/positions/5SE25445/de0e6dc1-ca4d-4df7-a07e-baad8b1fcc11/,,https://api.robinhood.com/instruments/de0e6dc1-ca4d-4df7-a07e-baad8b1fcc11/,de0e6dc1-ca4d-4df7-a07e-baad8b1fcc11,0.55766200,179.32010000,0.00,filled,filled,,market,buy,gfd,immediate,188.31000000,,0.55766200,,2022-10-20T15:27:22.325507Z,2022-10-20T15:27:23.690910Z,2022-10-20T15:27:23.115615Z,"[{'price': '179.32000000', 'quantity': '0.55766200', 'rounded_notional': '100.00000000', 'settlement_date': '2022-10-24', 'timestamp': '2022-10-20T15:27:22.579000Z', 'id': '635168db-212e-4e9b-a68e-e9805941109d', 'ipo_access_execution_rank': None, 'trade_execution_date': '2022-10-20'}]",False,regular_hours,False,False,,,,,,"{'amount': '100.00000000', 'currency_code': 'USD', 'currency_id': '1072fc76-1862-41ab-82c2-485837590762'}",,"{'amount': '100.00', 'currency_code': 'USD', 'currency_id': '1072fc76-1862-41ab-82c2-485837590762'}","{'amount': '100.00', 'currency_code': 'USD', 'currency_id': '1072fc76-1862-41ab-82c2-485837590762'}",,False,,,,,,False,True,False,True,0,,,2.0,user,False,,order_finalized,,
63516870-040f-4ad8-a3c3-366d9637cb68,35C04411-8D2E-4B47-A4A8-03BD4391D323,https://api.robinhood.com/orders/63516870-040f-4ad8-a3c3-366d9637cb68/,https://api.robinhood.com/accounts/5SE25445/,fa785cc9-e75d-40e1-ad49-9dad4a009457,https://api.robinhood.com/positions/5SE25445/900c67cd-c655-45af-a041-011074f6df73/,,https://api.robinhood.com/instruments/900c67cd-c655-45af-a041-011074f6df73/,900c67cd-c655-45af-a041-011074f6df73,1.90603200,52.46500000,0.00,filled,filled,,market,buy,gfd,immediate,55.10000000,,1.90603200,,2022-10-20T15:25:36.622143Z,2022-10-20T15:25:38.050231Z,2022-10-20T15:25:37.412917Z,"[{'price': '52.46500000', 'quantity': '0.90603200', 'rounded_notional': '47.53000000', 'settlement_date': '2022-10-24', 'timestamp': '2022-10-20T15:25:36.810530Z', 'id': '63516870-1fad-450f-82e7-3c2adc68dbb4', 'ipo_access_execution_rank': None, 'trade_execution_date': '2022-10-20'}, {'price': '52.46710000', 'quantity': '1.00000000', 'rounded_notional': '52.47000000', 'settlement_date': '2022-10-24', 'timestamp': '2022-10-20T15:25:36.884000Z', 'id': '63516871-0fe8-48ab-b9ff-6af20d7365b9', 'ipo_access_execution_rank': None, 'trade_execution_date': '2022-10-20'}]",False,regular_hours,False,False,,,,,,"{'amount': '100.00000000', 'currency_code': 'USD', 'currency_id': '1072fc76-1862-41ab-82c2-485837590762'}",,"{'amount': '100.00', 'currency_code': 'USD', 'currency_id': '1072fc76-1862-41ab-82c2-485837590762'}","{'amount': '100.00', 'currency_code': 'USD', 'currency_id': '1072fc76-1862-41ab-82c2-485837590762'}",,False,,,,,,False,True,False,True,0,,,2.0,user,False,,order_finalized,,
6351683c-c294-45ea-a45b-51543273b8b0,42CE9E4F-1A1B-4F96-8DD7-F06899F10BC3,https://api.robinhood.com/orders/6351683c-c294-45ea-a45b-51543273b8b0/,https://api.robinhood.com/accounts/5SE25445/,fa785cc9-e75d-40e1-ad49-9dad4a009457,https://api.robinhood.com/positions/5SE25445/41eac3c6-f7f7-4c4a-b696-ab9d1b913981/,,https://api.robinhood.com/instruments/41eac3c6-f7f7-4c4a-b696-ab9d1b913981/,41eac3c6-f7f7-4c4a-b696-ab9d1b913981,0.26359900,250.38030000,0.00,filled,filled,,market,buy,gfd,immediate,262.92000000,,0.26359900,,2022-10-20T15:24:44.083739Z,2022-10-20T15:24:45.483161Z,2022-10-20T15:24:44.832996Z,"[{'price': '250.39760000', 'quantity': '0.26359900', 'rounded_notional': '66.00000000', 'settlement_date': '2022-10-24', 'timestamp': '2022-10-20T15:24:44.364000Z', 'id': '6351683c-930b-43f7-a3b4-ae3cbad48a9b', 'ipo_access_execution_rank': None, 'trade_execution_date': '2022-10-20'}]",False,regular_hours,False,False,,,,,,"{'amount': '66.00000000', 'currency_code': 'USD', 'currency_id': '1072fc76-1862-41ab-82c2-485837590762'}",,"{'amount': '66.00', 'currency_code': 'USD', 'currency_id': '1072fc76-1862-41ab-82c2-485837590762'}","{'amount': '66.00', 'currency_code': 'USD', 'currency_id': '1072fc76-1862-41ab-82c2-485837590762'}",,False,,,,,,False,True,False,True,0,,,2.0,user,False,,order_finalized,,
635167eb-0c18-4e44-b8e4-118b9a3ca52c,066A55B4-651D-4224-8206-C0302FE033EF,https://api.robinhood.com/orders/635167eb-0c18-4e44-b8e4-118b9a3ca52c/,https://api.robinhood.com/accounts/5SE25445/,fa785cc9-e75d-40e1-ad49-9dad4a009457,https://api.robinhood.com/positions/5SE25445/1520c0c0-7b1f-4464-9b5e-800a2a3ce29f/,,https://api.robinhood.com/instruments/1520c0c0-7b1f-4464-9b5e-800a2a3ce29f/,1520c0c0-7b1f-4464-9b5e-800a2a3ce29f,0.78613200,127.20510000,0.00,filled,filled,,market,buy,gfd,immediate,133.57000000,,0.78613200,,2022-10-20T15:23:23.778602Z,2022-10-20T15:23:25.366146Z,2022-10-20T15:23:24.566719Z,"[{'price': '127.20920000', 'quantity': '0.78613200', 'rounded_notional': '100.00000000', 'settlement_date': '2022-10-24', 'timestamp': '2022-10-20T15:23:24.092000Z', 'id': '635167ec-9d03-42dc-bb0d-b1b9897d067d', 'ipo_access_execution_rank': None, 'trade_execution_date': '2022-10-20'}]",False,regular_hours,False,False,,,,,,"{'amount': '100.00000000', 'currency_code': 'USD', 'currency_id': '1072fc76-1862-41ab-82c2-485837590762'}",,"{'amount': '100.00', 'currency_code': 'USD', 'currency_id': '1072fc76-1862-41ab-82c2-485837590762'}","{'amount': '100.00', 'currency_code': 'USD', 'currency_id': '1072fc76-1862-41ab-82c2-485837590762'}",,False,,,,,,False,True,False,True,0,,,2.0,user,False,,order_finalized,,
635167bc-ef44-4acb-a636-80f3f5b7baff,317D37F6-A6B5-4BCD-9BAC-161978F14327,https://api.robinhood.com/orders/635167bc-ef44-4acb-a636-80f3f5b7baff/,https://api.robinhood.com/accounts/5SE25445/,fa785cc9-e75d-40e1-ad49-9dad4a009457,https://api.robinhood.com/positions/5SE25445/f37d1017-e4cf-438e-bd3f-32ec6199e12f/,,https://api.robinhood.com/instruments/f37d1017-e4cf-438e-bd3f-32ec6199e12f/,f37d1017-e4cf-438e-bd3f-32ec6199e12f,1.98840300,12.93500000,0.00,filled,filled,,market,buy,gfd,immediate,13.58000000,,1.98840300,,2022-10-20T15:22:36.655163Z,2022-10-20T15:22:37.875385Z,2022-10-20T15:22:37.492557Z,"[{'price': '12.93500000', 'quantity': '1.98840300', 'rounded_notional': '25.72000000', 'settlement_date': '2022-10-24', 'timestamp': '2022-10-20T15:22:37.017000Z', 'id': '635167bd-8311-4cda-ae4b-b47e8be30e41', 'ipo_access_execution_rank': None, 'trade_execution_date': '2022-10-20'}]",False,regular_hours,False,False,,,,,,"{'amount': '25.72000000', 'currency_code': 'USD', 'currency_id': '1072fc76-1862-41ab-82c2-485837590762'}",,"{'amount': '25.72', 'currency_code': 'USD', 'currency_id': '1072fc76-1862-41ab-82c2-485837590762'}","{'amount': '25.72', 'currency_code': 'USD', 'currency_id': '1072fc76-1862-41ab-82c2-485837590762'}",,False,,,,,,False,True,False,True,0,,,2.0,user,False,,order_finalized,,
635167a2-c000-4d7b-b855-ccc1c5020264,B4FBE1F8-8BC5-4028-9837-FC3C5446A164,https://api.robinhood.com/orders/635167a2-c000-4d7b-b855-ccc1c5020264/,https://api.robinhood.com/accounts/5SE25445/,fa785cc9-e75d-40e1-ad49-9dad4a009457,https://api.robinhood.com/positions/5SE25445/64d5a963-a646-4ae7-9532-1f18bf523d5f/,,https://api.robinhood.com/instruments/64d5a963-a646-4ae7-9532-1f18bf523d5f/,64d5a963-a646-4ae7-9532-1f18bf523d5f,0.45798000,21.83500000,0.00,filled,filled,,market,buy,gfd,immediate,22.93000000,,0.45798000,,2022-10-20T15:22:10.247863Z,2022-10-20T15:22:11.777042Z,2022-10-20T15:22:11.162727Z,"[{'price': '21.83500000', 'quantity': '0.45798000', 'rounded_notional': '10.00000000', 'settlement_date': '2022-10-24', 'timestamp': '2022-10-20T15:22:10.538000Z', 'id': '635167a3-edf8-44e7-9608-56e62eb29a63', 'ipo_access_execution_rank': None, 'trade_execution_date': '2022-10-20'}]",False,regular_hours,False,False,,,,,,"{'amount': '10.00000000', 'currency_code': 'USD', 'currency_id': '1072fc76-1862-41ab-82c2-485837590762'}",,"{'amount': '10.00', 'currency_code': 'USD', 'currency_id': '1072fc76-1862-41ab-82c2-485837590762'}","{'amount': '10.00', 'currency_code': 'USD', 'currency_id': '1072fc76-1862-41ab-82c2-485837590762'}",,False,,,,,,False,True,False,True,0,,,2.0,user,False,,order_finalized,,
63516791-2e22-460d-9ef4-df32f72b8a28,0D4B61BC-84F5-400B-B8C1-69EE389D0A8E,https://api.robinhood.com/orders/63516791-2e22-460d-9ef4-df32f72b8a28/,https://api.robinhood.com/accounts/5SE25445/,fa785cc9-e75d-40e1-ad49-9dad4a009457,https://api.robinhood.com/positions/5SE25445/54db869e-f7d5-45fb-88f1-8d7072d4c8b2/,,https://api.robinhood.com/instruments/54db869e-f7d5-45fb-88f1-8d7072d4c8b2/,54db869e-f7d5-45fb-88f1-8d7072d4c8b2,0.09871600,101.30070000,0.00,filled,filled,,market,buy,gfd,immediate,106.38000000,,0.09871600,,2022-10-20T15:21:53.732274Z,2022-10-20T15:21:54.754636Z,2022-10-20T15:21:53.927306Z,"[{'price': '101.30000000', 'quantity': '0.09871600', 'rounded_notional': '10.00000000', 'settlement_date': '2022-10-24', 'timestamp': '2022-10-20T15:21:53.927250Z', 'id': '63516791-a1e7-4b41-b06c-2c8d68ffbe6d', 'ipo_access_execution_rank': None, 'trade_execution_date': '2022-10-20'}]",False,regular_hours,False,False,,,,,,"{'amount': '10.00000000', 'currency_code': 'USD', 'currency_id': '1072fc76-1862-41ab-82c2-485837590762'}",,"{'amount': '10.00', 'currency_code': 'USD', 'currency_id': '1072fc76-1862-41ab-82c2-485837590762'}","{'amount': '10.00', 'currency_code': 'USD', 'currency_id': '1072fc76-1862-41ab-82c2-485837590762'}",,False,,,,,,False,True,False,True,0,,,0.0,user,False,,order_finalized,,
6351677d-92fc-49f0-ad3e-cdc829fbbcb5,BDF5FE36-CD57-4986-9135-927A9419BB17,https://api.robinhood.com/orders/6351677d-92fc-49f0-ad3e-cdc829fbbcb5/,https://api.robinhood.com/accounts/5SE25445/,fa785cc9-e75d-40e1-ad49-9dad4a009457,https://api.robinhood.com/positions/5SE25445/450dfc6d-5510-4d40-abfb-f633b7d9be3e/,,https://api.robinhood.com/instruments/450dfc6d-5510-4d40-abfb-f633b7d9be3e/,450dfc6d-5510-4d40-abfb-f633b7d9be3e,0.06884900,145.24540000,0.00,filled,filled,,market,buy,gfd,immediate,152.52000000,,0.06884900,,2022-10-20T15:21:33.884846Z,2022-10-20T15:21:34.702511Z,2022-10-20T15:21:34.115334Z,"[{'price': '145.24500000', 'quantity': '0.06884900', 'rounded_notional': '10.00000000', 'settlement_date': '2022-10-24', 'timestamp': '2022-10-20T15:21:34.115273Z', 'id': '6351677e-c522-4125-bfc6-9ce1498ae137', 'ipo_access_execution_rank': None, 'trade_execution_date': '2022-10-20'}]",False,regular_hours,False,False,,,,,,"{'amount': '10.00000000', 'currency_code': 'USD', 'currency_id': '1072fc76-1862-41ab-82c2-485837590762'}",,"{'amount': '10.00', 'currency_code': 'USD', 'currency_id': '1072fc76-1862-41ab-82c2-485837590762'}","{'amount': '10.00', 'currency_code': 'USD', 'currency_id': '1072fc76-1862-41ab-82c2-485837590762'}",,False,,,,,,False,True,False,True,0,,,0.0,user,False,,order_finalized,,
6351676c-ce7e-4e67-8c00-303c9d3c7423,3924B3B1-5030-4640-ADDA-3516E2C2DAC6,https://api.robinhood.com/orders/6351676c-ce7e-4e67-8c00-303c9d3c7423/,https://api.robinhood.com/accounts/5SE25445/,fa785cc9-e75d-40e1-ad49-9dad4a009457,https://api.robinhood.com/positions/5SE25445/940fc3f5-1db5-4fed-b452-f3a2e4562b5f/,,https://api.robinhood.com/instruments/940fc3f5-1db5-4fed-b452-f3a2e4562b5f/,940fc3f5-1db5-4fed-b452-f3a2e4562b5f,0.16850600,59.34510000,0.00,filled,filled,,market,buy,gfd,immediate,62.32000000,,0.16850600,,2022-10-20T15:21:16.357624Z,2022-10-20T15:21:17.681639Z,2022-10-20T15:21:16.580147Z,"[{'price': '59.34500000', 'quantity': '0.16850600', 'rounded_notional': '10.00000000', 'settlement_date': '2022-10-24', 'timestamp': '2022-10-20T15:21:16.580072Z', 'id': '6351676c-0296-48ba-b931-7d245e30802a', 'ipo_access_execution_rank': None, 'trade_execution_date': '2022-10-20'}]",False,regular_hours,False,False,,,,,,"{'amount': '10.00000000', 'currency_code': 'USD', 'currency_id': '1072fc76-1862-41ab-82c2-485837590762'}",,"{'amount': '10.00', 'currency_code': 'USD', 'currency_id': '1072fc76-1862-41ab-82c2-485837590762'}","{'amount': '10.00', 'currency_code': 'USD', 'currency_id': '1072fc76-1862-41ab-82c2-485837590762'}",,False,,,,,,False,True,False,True,0,,,0.0,user,False,,order_finalized,,
63516662-5f87-497b-aede-565566b64771,56EF0CB1-1B31-453E-85FD-8AE0E307AE36,https://api.robinhood.com/orders/63516662-5f87-497b-aede-565566b64771/,https://api.robinhood.com/accounts/5SE25445/,fa785cc9-e75d-40e1-ad49-9dad4a009457,https://api.robinhood.com/positions/5SE25445/ef29fd22-6e22-44ef-9911-a8f5bd68abd3/,,https://api.robinhood.com/instruments/ef29fd22-6e22-44ef-9911-a8f5bd68abd3/,ef29fd22-6e22-44ef-9911-a8f5bd68abd3,10.40000000,10.37500000,0.00,filled,filled,,market,sell,gfd,immediate,,,10.40000000,,2022-10-20T15:16:50.117473Z,2022-10-20T15:16:51.448673Z,2022-10-20T15:16:50.974072Z,"[{'price': '10.37500000', 'quantity': '0.40000000', 'rounded_notional': '4.15000000', 'settlement_date': '2022-10-24', 'timestamp': '2022-10-20T15:16:50.311240Z', 'id': '63516662-9e70-41e2-a391-fea9a0d02acc', 'ipo_access_execution_rank': None, 'trade_execution_date': '2022-10-20'}, {'price': '10.37500000', 'quantity': '10.00000000', 'rounded_notional': '103.75000000', 'settlement_date': '2022-10-24', 'timestamp': '2022-10-20T15:16:50.443000Z', 'id': '63516662-9c82-49ae-8fbd-6f3d01e9b685', 'ipo_access_execution_rank': None, 'trade_execution_date': '2022-10-20'}]",False,regular_hours,False,False,,,,,,,,,"{'amount': '107.90', 'currency_code': 'USD', 'currency_id': '1072fc76-1862-41ab-82c2-485837590762'}",,False,,,,,,False,True,False,True,0,,,2.0,user,False,,order_finalized,,
6351664c-0b3d-48d4-a20e-837ef905ffd0,564BECEF-BCF1-4AA9-8798-09AB1ACBCED4,https://api.robinhood.com/orders/6351664c-0b3d-48d4-a20e-837ef905ffd0/,https://api.robinhood.com/accounts/5SE25445/,fa785cc9-e75d-40e1-ad49-9dad4a009457,https://api.robinhood.com/positions/5SE25445/f3acdd2f-6580-4c75-a69c-81481cc4c235/,,https://api.robinhood.com/instruments/f3acdd2f-6580-4c75-a69c-81481cc4c235/,f3acdd2f-6580-4c75-a69c-81481cc4c235,2.40000000,57.57080000,0.00,filled,filled,,market,buy,gfd,immediate,60.45000000,,2.40000000,,2022-10-20T15:16:28.898186Z,2022-10-20T15:16:30.813015Z,2022-10-20T15:16:29.866936Z,"[{'price': '57.56930000', 'quantity': '2.40000000', 'rounded_notional': '138.17000000', 'settlement_date': '2022-10-24', 'timestamp': '2022-10-20T15:16:29.203000Z', 'id': '6351664d-fb31-4767-b227-3c3a26636d16', 'ipo_access_execution_rank': None, 'trade_execution_date': '2022-10-20'}]",False,regular_hours,False,False,,,,,,,,"{'amount': '145.08', 'currency_code': 'USD', 'currency_id': '1072fc76-1862-41ab-82c2-485837590762'}","{'amount': '138.17', 'currency_code': 'USD', 'currency_id': '1072fc76-1862-41ab-82c2-485837590762'}",,False,,,,,,False,True,False,True,0,,,2.0,user,False,,order_finalized,,
635165fb-8e3c-4df5-9274-a63445c41654,6EB9794C-FBBB-4799-AE3F-D2779B7B5071,https://api.robinhood.com/orders/635165fb-8e3c-4df5-9274-a63445c41654/,https://api.robinhood.com/accounts/5SE25445/,fa785cc9-e75d-40e1-ad49-9dad4a009457,https://api.robinhood.com/positions/5SE25445/79b7c6e2-1cad-4160-8ae4-ee43a8e50840/,,https://api.robinhood.com/instruments/79b7c6e2-1cad-4160-8ae4-ee43a8e50840/,79b7c6e2-1cad-4160-8ae4-ee43a8e50840,4.47000000,36.68010000,0.00,filled,filled,,market,buy,gfd,immediate,38.50000000,,4.47000000,,2022-10-20T15:15:07.563319Z,2022-10-20T15:15:09.217279Z,2022-10-20T15:15:08.426217Z,"[{'price': '36.68000000', 'quantity': '4.47000000', 'rounded_notional': '163.96000000', 'settlement_date': '2022-10-24', 'timestamp': '2022-10-20T15:15:07.886000Z', 'id': '635165fc-ae19-473e-a7ac-232791e23fdd', 'ipo_access_execution_rank': None, 'trade_execution_date': '2022-10-20'}]",False,regular_hours,False,False,,,,,,,,"{'amount': '172.10', 'currency_code': 'USD', 'currency_id': '1072fc76-1862-41ab-82c2-485837590762'}","{'amount': '163.96', 'currency_code': 'USD', 'currency_id': '1072fc76-1862-41ab-82c2-485837590762'}",,False,,,,,,False,True,False,True,0,,,2.0,user,False,,order_finalized,,
63515065-883b-44ce-b9d4-12fcc2e2e085,FF0D5521-550D-4F5C-802C-22465EDE0D01,https://api.robinhood.com/orders/63515065-883b-44ce-b9d4-12fcc2e2e085/,https://api.robinhood.com/accounts/5SE25445/,fa785cc9-e75d-40e1-ad49-9dad4a009457,https://api.robinhood.com/positions/5SE25445/f3acdd2f-6580-4c75-a69c-81481cc4c235/,,https://api.robinhood.com/instruments/f3acdd2f-6580-4c75-a69c-81481cc4c235/,f3acdd2f-6580-4c75-a69c-81481cc4c235,0.14368700,55.05020000,0.00,filled,filled,,market,buy,gfd,immediate,57.72000000,,0.14368700,,2022-10-20T13:43:01.662798Z,2022-10-20T13:43:02.314671Z,2022-10-20T13:43:01.848664Z,"[{'price': '55.05000000', 'quantity': '0.14368700', 'rounded_notional': '7.91000000', 'settlement_date': '2022-10-24', 'timestamp': '2022-10-20T13:43:01.848596Z', 'id': '63515065-f458-47e4-8c69-bcb386445253', 'ipo_access_execution_rank': None, 'trade_execution_date': '2022-10-20'}]",False,regular_hours,False,False,,,,,,"{'amount': '7.91000000', 'currency_code': 'USD', 'currency_id': '1072fc76-1862-41ab-82c2-485837590762'}",,"{'amount': '7.91', 'currency_code': 'USD', 'currency_id': '1072fc76-1862-41ab-82c2-485837590762'}","{'amount': '7.91', 'currency_code': 'USD', 'currency_id': '1072fc76-1862-41ab-82c2-485837590762'}",,False,,,,,,False,True,False,True,0,,,0.0,user,False,,order_finalized,,
6350231a-2fe2-4993-977b-2beb30202d62,FB4FA4E8-D390-47AD-B7CE-CD8BB4DF812A,https://api.robinhood.com/orders/6350231a-2fe2-4993-977b-2beb30202d62/,https://api.robinhood.com/accounts/5SE25445/,fa785cc9-e75d-40e1-ad49-9dad4a009457,https://api.robinhood.com/positions/5SE25445/f3acdd2f-6580-4c75-a69c-81481cc4c235/,,https://api.robinhood.com/instruments/f3acdd2f-6580-4c75-a69c-81481cc4c235/,f3acdd2f-6580-4c75-a69c-81481cc4c235,2.43728800,54.88070000,0.00,filled,filled,,market,sell,gfd,immediate,,,2.43728800,,2022-10-19T16:17:30.113333Z,2022-10-19T16:17:31.385902Z,2022-10-19T16:17:31.094956Z,"[{'price': '54.88000000', 'quantity': '2.43728800', 'rounded_notional': '133.76000000', 'settlement_date': '2022-10-21', 'timestamp': '2022-10-19T16:17:30.467000Z', 'id': '6350231b-a723-4bc0-be1c-8a5365f9d3cd', 'ipo_access_execution_rank': None, 'trade_execution_date': '2022-10-19'}]",False,regular_hours,False,False,,,,,,,,,"{'amount': '133.76', 'currency_code': 'USD', 'currency_id': '1072fc76-1862-41ab-82c2-485837590762'}",,False,,,,,,False,True,False,True,0,,,2.0,user,False,,order_finalized,,
6350230b-8e36-48fe-b32b-4c3e31891b17,0C02724C-EEA7-41ED-B5C8-EAE65CD2B1F0,https://api.robinhood.com/orders/6350230b-8e36-48fe-b32b-4c3e31891b17/,https://api.robinhood.com/accounts/5SE25445/,fa785cc9-e75d-40e1-ad49-9dad4a009457,https://api.robinhood.com/positions/5SE25445/79b7c6e2-1cad-4160-8ae4-ee43a8e50840/,,https://api.robinhood.com/instruments/79b7c6e2-1cad-4160-8ae4-ee43a8e50840/,79b7c6e2-1cad-4160-8ae4-ee43a8e50840,4.47000000,35.60400000,0.00,filled,filled,,market,sell,gfd,immediate,,,4.47000000,,2022-10-19T16:17:15.435497Z,2022-10-19T16:17:16.672635Z,2022-10-19T16:17:16.385848Z,"[{'price': '35.60500000', 'quantity': '4.47000000', 'rounded_notional': '159.15000000', 'settlement_date': '2022-10-21', 'timestamp': '2022-10-19T16:17:15.873000Z', 'id': '6350230c-1118-42b9-8965-f68e125afc86', 'ipo_access_execution_rank': None, 'trade_execution_date': '2022-10-19'}]",False,regular_hours,False,False,,,,,,,,,"{'amount': '159.15', 'currency_code': 'USD', 'currency_id': '1072fc76-1862-41ab-82c2-485837590762'}",,False,,,,,,False,True,False,True,0,,,2.0,user,False,,order_finalized,,
63501eca-34ab-4f92-8d11-8347c10f6a3b,E60B6E5F-C088-4ACF-B69D-9439701010C7,https://api.robinhood.com/orders/63501eca-34ab-4f92-8d11-8347c10f6a3b/,https://api.robinhood.com/accounts/5SE25445/,fa785cc9-e75d-40e1-ad49-9dad4a009457,https://api.robinhood.com/positions/5SE25445/ef29fd22-6e22-44ef-9911-a8f5bd68abd3/,,https://api.robinhood.com/instruments/ef29fd22-6e22-44ef-9911-a8f5bd68abd3/,ef29fd22-6e22-44ef-9911-a8f5bd68abd3,9.96025800,10.03990000,0.00,filled,filled,,market,buy,gfd,immediate,10.54000000,,9.96025800,,2022-10-19T15:59:06.676863Z,2022-10-19T15:59:07.918571Z,2022-10-19T15:59:07.626985Z,"[{'price': '10.03990000', 'quantity': '9.96025800', 'rounded_notional': '100.00000000', 'settlement_date': '2022-10-21', 'timestamp': '2022-10-19T15:59:07.040000Z', 'id': '63501ecb-e6f2-48a3-8af5-4999360f62af', 'ipo_access_execution_rank': None, 'trade_execution_date': '2022-10-19'}]",False,regular_hours,False,False,,,,,,"{'amount': '100.00000000', 'currency_code': 'USD', 'currency_id': '1072fc76-1862-41ab-82c2-485837590762'}",,"{'amount': '100.00', 'currency_code': 'USD', 'currency_id': '1072fc76-1862-41ab-82c2-485837590762'}","{'amount': '100.00', 'currency_code': 'USD', 'currency_id': '1072fc76-1862-41ab-82c2-485837590762'}",,False,,,,,,False,True,False,True,0,,,2.0,user,False,,order_finalized,,
634ec90c-1ab8-4fdd-a0bb-f7bfe2054e2f,4CB6FFA5-9314-4034-844F-6F49BDF568AC,https://api.robinhood.com/orders/634ec90c-1ab8-4fdd-a0bb-f7bfe2054e2f/,https://api.robinhood.com/accounts/5SE25445/,fa785cc9-e75d-40e1-ad49-9dad4a009457,https://api.robinhood.com/positions/5SE25445/f3acdd2f-6580-4c75-a69c-81481cc4c235/,,https://api.robinhood.com/instruments/f3acdd2f-6580-4c75-a69c-81481cc4c235/,f3acdd2f-6580-4c75-a69c-81481cc4c235,0.26973500,55.61010000,0.00,filled,filled,,market,sell,gfd,immediate,,,0.26973500,,2022-10-18T15:41:00.636747Z,2022-10-18T15:41:01.899832Z,2022-10-18T15:41:01.610753Z,"[{'price': '55.60100000', 'quantity': '0.26973500', 'rounded_notional': '15.00000000', 'settlement_date': '2022-10-20', 'timestamp': '2022-10-18T15:41:00.936000Z', 'id': '634ec90d-dac5-41a5-b896-05f5f11e9d52', 'ipo_access_execution_rank': None, 'trade_execution_date': '2022-10-18'}]",False,regular_hours,False,False,,,,,,"{'amount': '15.00000000', 'currency_code': 'USD', 'currency_id': '1072fc76-1862-41ab-82c2-485837590762'}",,,"{'amount': '15.00', 'currency_code': 'USD', 'currency_id': '1072fc76-1862-41ab-82c2-485837590762'}",,False,,,,,,False,True,False,True,0,,,2.0,user,False,,order_finalized,,
634d941a-8c0b-4d15-a110-f78273fcb545,701355A0-AF3D-45FE-9472-BF970910604C,https://api.robinhood.com/orders/634d941a-8c0b-4d15-a110-f78273fcb545/,https://api.robinhood.com/accounts/5SE25445/,fa785cc9-e75d-40e1-ad49-9dad4a009457,https://api.robinhood.com/positions/5SE25445/ef29fd22-6e22-44ef-9911-a8f5bd68abd3/,,https://api.robinhood.com/instruments/ef29fd22-6e22-44ef-9911-a8f5bd68abd3/,ef29fd22-6e22-44ef-9911-a8f5bd68abd3,0.51990100,10.17500000,0.00,filled,filled,,market,buy,gfd,immediate,10.68000000,,0.51990100,,2022-10-17T17:42:50.902695Z,2022-10-17T17:42:51.640535Z,2022-10-17T17:42:51.130140Z,"[{'price': '10.17500000', 'quantity': '0.51990100', 'rounded_notional': '5.29000000', 'settlement_date': '2022-10-19', 'timestamp': '2022-10-17T17:42:51.130001Z', 'id': '634d941b-37f9-401e-bad0-272875bbe9cb', 'ipo_access_execution_rank': None, 'trade_execution_date': '2022-10-17'}]",False,regular_hours,False,False,,,,,,"{'amount': '5.29000000', 'currency_code': 'USD', 'currency_id': '1072fc76-1862-41ab-82c2-485837590762'}",,"{'amount': '5.29', 'currency_code': 'USD', 'currency_id': '1072fc76-1862-41ab-82c2-485837590762'}","{'amount': '5.29', 'currency_code': 'USD', 'currency_id': '1072fc76-1862-41ab-82c2-485837590762'}",,False,,,,,,False,True,False,True,0,,,0.0,user,False,,order_finalized,,
634d77c1-34f8-4958-9e62-1d9b26d9ee33,9D8E954B-1D84-410B-9CBA-DA3965532F5A,https://api.robinhood.com/orders/634d77c1-34f8-4958-9e62-1d9b26d9ee33/,https://api.robinhood.com/accounts/5SE25445/,fa785cc9-e75d-40e1-ad49-9dad4a009457,https://api.robinhood.com/positions/5SE25445/c0bb3aec-bd1e-471e-a4f0-ca011cbec711/,,https://api.robinhood.com/instruments/c0bb3aec-bd1e-471e-a4f0-ca011cbec711/,c0bb3aec-bd1e-471e-a4f0-ca011cbec711,1.00000000,113.22000000,0.00,filled,filled,,market,buy,gfd,immediate,118.87000000,,1.00000000,,2022-10-17T15:41:53.388853Z,2022-10-17T15:41:54.499881Z,2022-10-17T15:41:53.631000Z,"[{'price': '113.22000000', 'quantity': '1.00000000', 'rounded_notional': '113.22000000', 'settlement_date': '2022-10-19', 'timestamp': '2022-10-17T15:41:53.631000Z', 'id': '634d77c1-398f-4ffd-927b-5a1920d6c879', 'ipo_access_execution_rank': None, 'trade_execution_date': '2022-10-17'}]",False,regular_hours,False,False,,,,,,,,"{'amount': '118.87', 'currency_code': 'USD', 'currency_id': '1072fc76-1862-41ab-82c2-485837590762'}","{'amount': '113.22', 'currency_code': 'USD', 'currency_id': '1072fc76-1862-41ab-82c2-485837590762'}",,False,,,,,,False,True,False,True,0,,,2.0,user,False,,order_finalized,,
634d779c-ff10-4e47-a3c7-edbeb79c8e8a,09E9BFBC-90DD-46E0-B421-FE8B59B022AD,https://api.robinhood.com/orders/634d779c-ff10-4e47-a3c7-edbeb79c8e8a/,https://api.robinhood.com/accounts/5SE25445/,fa785cc9-e75d-40e1-ad49-9dad4a009457,https://api.robinhood.com/positions/5SE25445/79b7c6e2-1cad-4160-8ae4-ee43a8e50840/,,https://api.robinhood.com/instruments/79b7c6e2-1cad-4160-8ae4-ee43a8e50840/,79b7c6e2-1cad-4160-8ae4-ee43a8e50840,4.47000000,36.55030000,0.00,filled,filled,,market,buy,gfd,immediate,38.37000000,,4.47000000,,2022-10-17T15:41:16.205048Z,2022-10-17T15:41:17.958019Z,2022-10-17T15:41:17.022115Z,"[{'price': '36.54500000', 'quantity': '0.47000000', 'rounded_notional': '17.18000000', 'settlement_date': '2022-10-19', 'timestamp': '2022-10-17T15:41:16.443387Z', 'id': '634d779c-ac2b-4ada-957a-e999d5abe94d', 'ipo_access_execution_rank': None, 'trade_execution_date': '2022-10-17'}, {'price': '36.54950000', 'quantity': '4.00000000', 'rounded_notional': '146.20000000', 'settlement_date': '2022-10-19', 'timestamp': '2022-10-17T15:41:16.506000Z', 'id': '634d779d-bd62-4375-91bf-2579deb26660', 'ipo_access_execution_rank': None, 'trade_execution_date': '2022-10-17'}]",False,regular_hours,False,False,,,,,,,,"{'amount': '171.52', 'currency_code': 'USD', 'currency_id': '1072fc76-1862-41ab-82c2-485837590762'}","{'amount': '163.38', 'currency_code': 'USD', 'currency_id': '1072fc76-1862-41ab-82c2-485837590762'}",,False,,,,,,False,True,False,True,0,,,2.0,user,False,,order_finalized,,
634d776e-df2e-4abf-80ea-42cab58449c6,E789995C-6F10-4A8B-B3DC-616D58D482F1,https://api.robinhood.com/orders/634d776e-df2e-4abf-80ea-42cab58449c6/,https://api.robinhood.com/accounts/5SE25445/,fa785cc9-e75d-40e1-ad49-9dad4a009457,https://api.robinhood.com/positions/5SE25445/f3acdd2f-6580-4c75-a69c-81481cc4c235/,,https://api.robinhood.com/instruments/f3acdd2f-6580-4c75-a69c-81481cc4c235/,f3acdd2f-6580-4c75-a69c-81481cc4c235,2.40000000,56.67500000,0.00,filled,filled,,market,buy,gfd,immediate,59.49000000,,2.40000000,,2022-10-17T15:40:30.444723Z,2022-10-17T15:40:32.394490Z,2022-10-17T15:40:31.238709Z,"[{'price': '56.67000000', 'quantity': '0.40000000', 'rounded_notional': '22.67000000', 'settlement_date': '2022-10-19', 'timestamp': '2022-10-17T15:40:30.684902Z', 'id': '634d776e-5ab6-4f25-888a-53feeb8b2183', 'ipo_access_execution_rank': None, 'trade_execution_date': '2022-10-17'}, {'price': '56.67510000', 'quantity': '2.00000000', 'rounded_notional': '113.35000000', 'settlement_date': '2022-10-19', 'timestamp': '2022-10-17T15:40:30.782000Z', 'id': '634d776f-c7c9-4f79-b5fa-f0dd253e3bee', 'ipo_access_execution_rank': None, 'trade_execution_date': '2022-10-17'}]",False,regular_hours,False,False,,,,,,,,"{'amount': '142.78', 'currency_code': 'USD', 'currency_id': '1072fc76-1862-41ab-82c2-485837590762'}","{'amount': '136.02', 'currency_code': 'USD', 'currency_id': '1072fc76-1862-41ab-82c2-485837590762'}",,False,,,,,,False,True,False,True,0,,,2.0,user,False,,order_finalized,,
63497b12-3925-4154-a300-539769b94a95,7801907B-8075-4AC1-A3E1-61CBD7DB06E4,https://api.robinhood.com/orders/63497b12-3925-4154-a300-539769b94a95/,https://api.robinhood.com/accounts/5SE25445/,fa785cc9-e75d-40e1-ad49-9dad4a009457,https://api.robinhood.com/positions/5SE25445/f3acdd2f-6580-4c75-a69c-81481cc4c235/,,https://api.robinhood.com/instruments/f3acdd2f-6580-4c75-a69c-81481cc4c235/,f3acdd2f-6580-4c75-a69c-81481cc4c235,0.30702300,55.24020000,0.00,filled,filled,,market,buy,gfd,immediate,58.02000000,,0.30702300,,2022-10-14T15:06:58.576090Z,2022-10-14T15:06:59.075870Z,2022-10-14T15:06:58.792483Z,"[{'price': '55.24000000', 'quantity': '0.30702300', 'rounded_notional': '16.96000000', 'settlement_date': '2022-10-18', 'timestamp': '2022-10-14T15:06:58.792414Z', 'id': '63497b12-aa9e-4bc2-94be-54e5dbb9730e', 'ipo_access_execution_rank': None, 'trade_execution_date': '2022-10-14'}]",False,regular_hours,False,False,,,,,,"{'amount': '16.96000000', 'currency_code': 'USD', 'currency_id': '1072fc76-1862-41ab-82c2-485837590762'}",,"{'amount': '16.96', 'currency_code': 'USD', 'currency_id': '1072fc76-1862-41ab-82c2-485837590762'}","{'amount': '16.96', 'currency_code': 'USD', 'currency_id': '1072fc76-1862-41ab-82c2-485837590762'}",,False,,,,,,False,True,False,True,0,,,0.0,user,False,,order_finalized,,
6346c28f-d52f-4399-8e0a-ce4120dc213f,0B93F5FD-66C4-4D54-B0D6-63970D397960,https://api.robinhood.com/orders/6346c28f-d52f-4399-8e0a-ce4120dc213f/,https://api.robinhood.com/accounts/5SE25445/,fa785cc9-e75d-40e1-ad49-9dad4a009457,https://api.robinhood.com/positions/5SE25445/f3acdd2f-6580-4c75-a69c-81481cc4c235/,,https://api.robinhood.com/instruments/f3acdd2f-6580-4c75-a69c-81481cc4c235/,f3acdd2f-6580-4c75-a69c-81481cc4c235,3.36239600,53.34890000,0.00,filled,filled,,market,sell,gfd,immediate,,,3.36239600,,2022-10-12T13:35:11.216017Z,2022-10-12T13:35:12.440434Z,2022-10-12T13:35:11.914503Z,"[{'price': '53.36000000', 'quantity': '0.36239600', 'rounded_notional': '19.34000000', 'settlement_date': '2022-10-14', 'timestamp': '2022-10-12T13:35:11.439630Z', 'id': '6346c28f-ca32-41f9-bd5a-3dbfe22844a3', 'ipo_access_execution_rank': None, 'trade_execution_date': '2022-10-12'}, {'price': '53.34710000', 'quantity': '3.00000000', 'rounded_notional': '160.04000000', 'settlement_date': '2022-10-14', 'timestamp': '2022-10-12T13:35:11.491000Z', 'id': '6346c28f-232c-4006-8de9-3e3c0539b37f', 'ipo_access_execution_rank': None, 'trade_execution_date': '2022-10-12'}]",False,regular_hours,False,False,,,,,,,,,"{'amount': '179.38', 'currency_code': 'USD', 'currency_id': '1072fc76-1862-41ab-82c2-485837590762'}",,False,,,,,,False,True,False,True,0,,,2.0,user,False,,order_finalized,,
6346c281-1cfe-4010-818c-40cd2bae183d,F51E8EC0-D1EC-49EF-9E24-C27192D99438,https://api.robinhood.com/orders/6346c281-1cfe-4010-818c-40cd2bae183d/,https://api.robinhood.com/accounts/5SE25445/,fa785cc9-e75d-40e1-ad49-9dad4a009457,https://api.robinhood.com/positions/5SE25445/79b7c6e2-1cad-4160-8ae4-ee43a8e50840/,,https://api.robinhood.com/instruments/79b7c6e2-1cad-4160-8ae4-ee43a8e50840/,79b7c6e2-1cad-4160-8ae4-ee43a8e50840,4.47178100,35.43110000,0.00,filled,filled,,market,sell,gfd,immediate,,,4.47178100,,2022-10-12T13:34:57.789908Z,2022-10-12T13:34:59.835324Z,2022-10-12T13:34:58.964117Z,"[{'price': '35.43010000', 'quantity': '4.47178100', 'rounded_notional': '158.44000000', 'settlement_date': '2022-10-14', 'timestamp': '2022-10-12T13:34:58.352000Z', 'id': '6346c282-747a-4879-888a-d98b982abc66', 'ipo_access_execution_rank': None, 'trade_execution_date': '2022-10-12'}]",False,regular_hours,False,False,,,,,,,,,"{'amount': '158.44', 'currency_code': 'USD', 'currency_id': '1072fc76-1862-41ab-82c2-485837590762'}",,False,,,,,,False,True,False,True,0,,,2.0,user,False,,order_finalized,,
6346c274-82cf-4dfa-b36f-3dd727bf9e64,BA43965A-9512-45C8-9149-7BDBA85B333B,https://api.robinhood.com/orders/6346c274-82cf-4dfa-b36f-3dd727bf9e64/,https://api.robinhood.com/accounts/5SE25445/,fa785cc9-e75d-40e1-ad49-9dad4a009457,https://api.robinhood.com/positions/5SE25445/c0bb3aec-bd1e-471e-a4f0-ca011cbec711/,,https://api.robinhood.com/instruments/c0bb3aec-bd1e-471e-a4f0-ca011cbec711/,c0bb3aec-bd1e-471e-a4f0-ca011cbec711,0.79767300,111.75010000,0.00,filled,filled,,market,sell,gfd,immediate,,,0.79767300,,2022-10-12T13:34:44.933977Z,2022-10-12T13:34:46.315143Z,2022-10-12T13:34:45.924792Z,"[{'price': '111.75500000', 'quantity': '0.79767300', 'rounded_notional': '89.14000000', 'settlement_date': '2022-10-14', 'timestamp': '2022-10-12T13:34:45.364000Z', 'id': '6346c275-4d28-4dcb-bad0-eda1a969289b', 'ipo_access_execution_rank': None, 'trade_execution_date': '2022-10-12'}]",False,regular_hours,False,False,,,,,,,,,"{'amount': '89.14', 'currency_code': 'USD', 'currency_id': '1072fc76-1862-41ab-82c2-485837590762'}",,False,,,,,,False,True,False,True,0,,,2.0,user,False,,order_finalized,,
634579ff-fec4-49d3-b24a-2b4c98554ce8,9900EC40-8BC5-4458-BA5B-1005B532F629,https://api.robinhood.com/orders/634579ff-fec4-49d3-b24a-2b4c98554ce8/,https://api.robinhood.com/accounts/5SE25445/,fa785cc9-e75d-40e1-ad49-9dad4a009457,https://api.robinhood.com/positions/5SE25445/f3acdd2f-6580-4c75-a69c-81481cc4c235/,,https://api.robinhood.com/instruments/f3acdd2f-6580-4c75-a69c-81481cc4c235/,f3acdd2f-6580-4c75-a69c-81481cc4c235,0.74885300,53.41500000,0.00,filled,filled,,market,buy,gfd,immediate,56.16000000,,0.74885300,,2022-10-11T14:13:19.255385Z,2022-10-11T14:13:20.400152Z,2022-10-11T14:13:20.113206Z,"[{'price': '53.41500000', 'quantity': '0.74885300', 'rounded_notional': '40.00000000', 'settlement_date': '2022-10-13', 'timestamp': '2022-10-11T14:13:19.594000Z', 'id': '63457a00-cb40-476a-98dc-97090bb856a4', 'ipo_access_execution_rank': None, 'trade_execution_date': '2022-10-11'}]",False,regular_hours,False,False,,,,,,"{'amount': '40.00000000', 'currency_code': 'USD', 'currency_id': '1072fc76-1862-41ab-82c2-485837590762'}",,"{'amount': '40.00', 'currency_code': 'USD', 'currency_id': '1072fc76-1862-41ab-82c2-485837590762'}","{'amount': '40.00', 'currency_code': 'USD', 'currency_id': '1072fc76-1862-41ab-82c2-485837590762'}",,False,,,,,,False,True,False,True,0,,,2.0,user,False,,order_finalized,,
63444562-6fa3-4f87-ab05-a74c0d6906c7,75655220-BE04-4C92-BFF6-3D5A70418D56,https://api.robinhood.com/orders/63444562-6fa3-4f87-ab05-a74c0d6906c7/,https://api.robinhood.com/accounts/5SE25445/,fa785cc9-e75d-40e1-ad49-9dad4a009457,https://api.robinhood.com/positions/5SE25445/c0bb3aec-bd1e-471e-a4f0-ca011cbec711/,,https://api.robinhood.com/instruments/c0bb3aec-bd1e-471e-a4f0-ca011cbec711/,c0bb3aec-bd1e-471e-a4f0-ca011cbec711,1.75701500,113.82940000,0.00,filled,filled,,market,sell,gfd,immediate,,,1.75701500,,2022-10-10T16:16:34.788713Z,2022-10-10T16:16:36.085605Z,2022-10-10T16:16:35.779243Z,"[{'price': '113.83500000', 'quantity': '0.02539100', 'rounded_notional': '2.89000000', 'settlement_date': '2022-10-12', 'timestamp': '2022-10-10T16:16:35.169000Z', 'id': '63444563-a2f3-40fb-9047-febdb82ca983', 'ipo_access_execution_rank': None, 'trade_execution_date': '2022-10-10'}, {'price': '113.83500000', 'quantity': '0.73153700', 'rounded_notional': '83.27000000', 'settlement_date': '2022-10-12', 'timestamp': '2022-10-10T16:16:35.222017Z', 'id': '63444563-cf40-4e8d-8f3b-44308e0eafd6', 'ipo_access_execution_rank': None, 'trade_execution_date': '2022-10-10'}, {'price': '113.83000000', 'quantity': '1.00000000', 'rounded_notional': '113.83000000', 'settlement_date': '2022-10-12', 'timestamp': '2022-10-10T16:16:35.316000Z', 'id': '63444563-0624-410d-86e1-2a27e263f8cc', 'ipo_access_execution_rank': None, 'trade_execution_date': '2022-10-10'}, {'price': '113.83000000', 'quantity': '0.00008700', 'rounded_notional': '0.01000000', 'settlement_date': '2022-10-12', 'timestamp': '2022-10-10T16:16:35.316000Z', 'id': '63444563-d1ee-4925-8aac-454ef3f5d2c6', 'ipo_access_execution_rank': None, 'trade_execution_date': '2022-10-10'}]",False,regular_hours,False,False,,,,,,"{'amount': '200.00000000', 'currency_code': 'USD', 'currency_id': '1072fc76-1862-41ab-82c2-485837590762'}",,,"{'amount': '200.00', 'currency_code': 'USD', 'currency_id': '1072fc76-1862-41ab-82c2-485837590762'}",,False,,,,,,False,True,False,True,0,,,2.0,user,False,,order_finalized,,
63444544-e83f-4105-b336-809ad24f1125,C8E288D9-ABB1-4C1C-8783-9F4AF38A65D7,https://api.robinhood.com/orders/63444544-e83f-4105-b336-809ad24f1125/,https://api.robinhood.com/accounts/5SE25445/,fa785cc9-e75d-40e1-ad49-9dad4a009457,https://api.robinhood.com/positions/5SE25445/79b7c6e2-1cad-4160-8ae4-ee43a8e50840/,,https://api.robinhood.com/instruments/79b7c6e2-1cad-4160-8ae4-ee43a8e50840/,79b7c6e2-1cad-4160-8ae4-ee43a8e50840,5.51426600,36.26960000,0.00,filled,filled,,market,sell,gfd,immediate,,,5.51426600,,2022-10-10T16:16:04.206308Z,2022-10-10T16:16:05.591619Z,2022-10-10T16:16:05.301346Z,"[{'price': '36.27500000', 'quantity': '0.51343900', 'rounded_notional': '18.62000000', 'settlement_date': '2022-10-12', 'timestamp': '2022-10-10T16:16:04.702782Z', 'id': '63444544-7795-46d9-9b4e-3e0aefec872e', 'ipo_access_execution_rank': None, 'trade_execution_date': '2022-10-10'}, {'price': '36.27000000', 'quantity': '5.00000000', 'rounded_notional': '181.35000000', 'settlement_date': '2022-10-12', 'timestamp': '2022-10-10T16:16:04.802000Z', 'id': '63444545-d67d-48fc-add5-bffa259f2c5e', 'ipo_access_execution_rank': None, 'trade_execution_date': '2022-10-10'}, {'price': '36.27000000', 'quantity': '0.00082700', 'rounded_notional': '0.03000000', 'settlement_date': '2022-10-12', 'timestamp': '2022-10-10T16:16:04.802000Z', 'id': '63444545-223d-4e12-a4cf-2e91d719216e', 'ipo_access_execution_rank': None, 'trade_execution_date': '2022-10-10'}]",False,regular_hours,False,False,,,,,,"{'amount': '200.00000000', 'currency_code': 'USD', 'currency_id': '1072fc76-1862-41ab-82c2-485837590762'}",,,"{'amount': '200.00', 'currency_code': 'USD', 'currency_id': '1072fc76-1862-41ab-82c2-485837590762'}",,False,,,,,,False,True,False,True,0,,,2.0,user,False,,order_finalized,,
63444508-5d43-4042-9951-157995f6c292,61079CC9-7D13-46B3-9289-AAB5EF6D661E,https://api.robinhood.com/orders/63444508-5d43-4042-9951-157995f6c292/,https://api.robinhood.com/accounts/5SE25445/,fa785cc9-e75d-40e1-ad49-9dad4a009457,https://api.robinhood.com/positions/5SE25445/f3acdd2f-6580-4c75-a69c-81481cc4c235/,,https://api.robinhood.com/instruments/f3acdd2f-6580-4c75-a69c-81481cc4c235/,f3acdd2f-6580-4c75-a69c-81481cc4c235,3.54452800,56.42500000,0.00,filled,filled,,market,sell,gfd,immediate,,,3.54452800,,2022-10-10T16:15:04.562174Z,2022-10-10T16:15:05.782793Z,2022-10-10T16:15:05.490622Z,"[{'price': '56.42500000', 'quantity': '3.54452800', 'rounded_notional': '200.00000000', 'settlement_date': '2022-10-12', 'timestamp': '2022-10-10T16:15:04.943000Z', 'id': '63444509-571c-4daa-b517-f365de0743e0', 'ipo_access_execution_rank': None, 'trade_execution_date': '2022-10-10'}]",False,regular_hours,False,False,,,,,,"{'amount': '200.00000000', 'currency_code': 'USD', 'currency_id': '1072fc76-1862-41ab-82c2-485837590762'}",,,"{'amount': '200.00', 'currency_code': 'USD', 'currency_id': '1072fc76-1862-41ab-82c2-485837590762'}",,False,,,,,,False,True,False,True,0,,,2.0,user,False,,order_finalized,,
63404b5b-2be4-411b-94ab-505f781ebd83,5473F35A-4824-4D5D-A02D-A1D4E37B42D5,https://api.robinhood.com/orders/63404b5b-2be4-411b-94ab-505f781ebd83/,https://api.robinhood.com/accounts/5SE25445/,fa785cc9-e75d-40e1-ad49-9dad4a009457,https://api.robinhood.com/positions/5SE25445/79b7c6e2-1cad-4160-8ae4-ee43a8e50840/,,https://api.robinhood.com/instruments/79b7c6e2-1cad-4160-8ae4-ee43a8e50840/,79b7c6e2-1cad-4160-8ae4-ee43a8e50840,0.91471800,38.28500000,0.00,filled,filled,,market,buy,gfd,immediate,40.20000000,,0.91471800,,2022-10-07T15:52:59.837504Z,2022-10-07T15:53:00.820359Z,2022-10-07T15:53:00.532025Z,"[{'price': '38.28730000', 'quantity': '0.91471800', 'rounded_notional': '35.02000000', 'settlement_date': '2022-10-12', 'timestamp': '2022-10-07T15:53:00.103000Z', 'id': '63404b5c-6b77-4847-8530-5c39d5b37847', 'ipo_access_execution_rank': None, 'trade_execution_date': '2022-10-07'}]",False,regular_hours,False,False,,,,,,"{'amount': '35.02000000', 'currency_code': 'USD', 'currency_id': '1072fc76-1862-41ab-82c2-485837590762'}",,"{'amount': '35.02', 'currency_code': 'USD', 'currency_id': '1072fc76-1862-41ab-82c2-485837590762'}","{'amount': '35.02', 'currency_code': 'USD', 'currency_id': '1072fc76-1862-41ab-82c2-485837590762'}",,False,,,,,,False,True,False,True,0,,,2.0,user,False,,order_finalized,,
63404ad5-0ff5-4975-acb9-dbf4d5fde315,3B63DC90-636E-431B-8B84-CDFCF33A72A4,https://api.robinhood.com/orders/63404ad5-0ff5-4975-acb9-dbf4d5fde315/,https://api.robinhood.com/accounts/5SE25445/,fa785cc9-e75d-40e1-ad49-9dad4a009457,https://api.robinhood.com/positions/5SE25445/79b7c6e2-1cad-4160-8ae4-ee43a8e50840/,,https://api.robinhood.com/instruments/79b7c6e2-1cad-4160-8ae4-ee43a8e50840/,79b7c6e2-1cad-4160-8ae4-ee43a8e50840,5.23035100,38.23840000,0.00,filled,filled,,market,buy,gfd,immediate,40.14000000,,5.23035100,,2022-10-07T15:50:45.147257Z,2022-10-07T15:50:46.168694Z,2022-10-07T15:50:45.881652Z,"[{'price': '38.23500000', 'quantity': '0.23080900', 'rounded_notional': '8.82000000', 'settlement_date': '2022-10-12', 'timestamp': '2022-10-07T15:50:45.356683Z', 'id': '63404ad5-9603-42d4-8132-fa761a7fd7cd', 'ipo_access_execution_rank': None, 'trade_execution_date': '2022-10-07'}, {'price': '38.23950000', 'quantity': '4.99954200', 'rounded_notional': '191.18000000', 'settlement_date': '2022-10-12', 'timestamp': '2022-10-07T15:50:45.426000Z', 'id': '63404ad5-fd2d-4d4b-a1b9-6fa4dd9fa7e4', 'ipo_access_execution_rank': None, 'trade_execution_date': '2022-10-07'}]",False,regular_hours,False,False,,,,,,"{'amount': '200.00000000', 'currency_code': 'USD', 'currency_id': '1072fc76-1862-41ab-82c2-485837590762'}",,"{'amount': '200.00', 'currency_code': 'USD', 'currency_id': '1072fc76-1862-41ab-82c2-485837590762'}","{'amount': '200.00', 'currency_code': 'USD', 'currency_id': '1072fc76-1862-41ab-82c2-485837590762'}",,False,,,,,,False,True,False,True,0,,,2.0,user,False,,order_finalized,,
63404ac5-3635-4777-a5c5-b68b8a4f61be,E59A8941-43BC-4DE7-A70B-D0C91EDB4585,https://api.robinhood.com/orders/63404ac5-3635-4777-a5c5-b68b8a4f61be/,https://api.robinhood.com/accounts/5SE25445/,fa785cc9-e75d-40e1-ad49-9dad4a009457,https://api.robinhood.com/positions/5SE25445/f3acdd2f-6580-4c75-a69c-81481cc4c235/,,https://api.robinhood.com/instruments/f3acdd2f-6580-4c75-a69c-81481cc4c235/,f3acdd2f-6580-4c75-a69c-81481cc4c235,3.39673900,58.88000000,0.00,filled,filled,,market,buy,gfd,immediate,61.78000000,,3.39673900,,2022-10-07T15:50:29.622486Z,2022-10-07T15:50:30.758445Z,2022-10-07T15:50:30.473163Z,"[{'price': '58.88000000', 'quantity': '0.39673900', 'rounded_notional': '23.36000000', 'settlement_date': '2022-10-12', 'timestamp': '2022-10-07T15:50:29.789983Z', 'id': '63404ac5-543b-4a9f-8080-dc80addef175', 'ipo_access_execution_rank': None, 'trade_execution_date': '2022-10-07'}, {'price': '58.88000000', 'quantity': '3.00000000', 'rounded_notional': '176.64000000', 'settlement_date': '2022-10-12', 'timestamp': '2022-10-07T15:50:29.876000Z', 'id': '63404ac6-46eb-491c-b0bc-a94c63745749', 'ipo_access_execution_rank': None, 'trade_execution_date': '2022-10-07'}]",False,regular_hours,False,False,,,,,,"{'amount': '200.00000000', 'currency_code': 'USD', 'currency_id': '1072fc76-1862-41ab-82c2-485837590762'}",,"{'amount': '200.00', 'currency_code': 'USD', 'currency_id': '1072fc76-1862-41ab-82c2-485837590762'}","{'amount': '200.00', 'currency_code': 'USD', 'currency_id': '1072fc76-1862-41ab-82c2-485837590762'}",,False,,,,,,False,True,False,True,0,,,2.0,user,False,,order_finalized,,
63404ab3-2a00-46b4-b533-6ace53c39a8d,ABBFBE53-648F-4D20-8B7B-B3DA11983428,https://api.robinhood.com/orders/63404ab3-2a00-46b4-b533-6ace53c39a8d/,https://api.robinhood.com/accounts/5SE25445/,fa785cc9-e75d-40e1-ad49-9dad4a009457,https://api.robinhood.com/positions/5SE25445/c0bb3aec-bd1e-471e-a4f0-ca011cbec711/,,https://api.robinhood.com/instruments/c0bb3aec-bd1e-471e-a4f0-ca011cbec711/,c0bb3aec-bd1e-471e-a4f0-ca011cbec711,1.73732800,115.11930000,0.00,filled,filled,,market,buy,gfd,immediate,120.89000000,,1.73732800,,2022-10-07T15:50:11.340886Z,2022-10-07T15:50:12.404326Z,2022-10-07T15:50:12.091822Z,"[{'price': '115.12000000', 'quantity': '1.73724200', 'rounded_notional': '199.99000000', 'settlement_date': '2022-10-12', 'timestamp': '2022-10-07T15:50:11.601000Z', 'id': '63404ab4-a2fb-4c5b-a5c2-0426f392f305', 'ipo_access_execution_rank': None, 'trade_execution_date': '2022-10-07'}, {'price': '115.12000000', 'quantity': '0.00008600', 'rounded_notional': '0.01000000', 'settlement_date': '2022-10-12', 'timestamp': '2022-10-07T15:50:11.601000Z', 'id': '63404ab4-87d5-458d-be30-410b5a608d39', 'ipo_access_execution_rank': None, 'trade_execution_date': '2022-10-07'}]",False,regular_hours,False,False,,,,,,"{'amount': '200.00000000', 'currency_code': 'USD', 'currency_id': '1072fc76-1862-41ab-82c2-485837590762'}",,"{'amount': '200.00', 'currency_code': 'USD', 'currency_id': '1072fc76-1862-41ab-82c2-485837590762'}","{'amount': '200.00', 'currency_code': 'USD', 'currency_id': '1072fc76-1862-41ab-82c2-485837590762'}",,False,,,,,,False,True,False,True,0,,,2.0,user,False,,order_finalized,,
633b1fed-731f-4c9e-a0ea-a855831a0edf,CCE6EDC6-59AF-42C7-BFAA-90390B8CDE89,https://api.robinhood.com/orders/633b1fed-731f-4c9e-a0ea-a855831a0edf/,https://api.robinhood.com/accounts/5SE25445/,fa785cc9-e75d-40e1-ad49-9dad4a009457,https://api.robinhood.com/positions/5SE25445/79b7c6e2-1cad-4160-8ae4-ee43a8e50840/,,https://api.robinhood.com/instruments/79b7c6e2-1cad-4160-8ae4-ee43a8e50840/,79b7c6e2-1cad-4160-8ae4-ee43a8e50840,1.43836800,37.76500000,0.00,filled,filled,,market,buy,gfd,immediate,39.65000000,,1.43836800,,2022-10-03T17:46:21.316272Z,2022-10-03T17:46:22.314294Z,2022-10-03T17:46:22.016310Z,"[{'price': '37.76510000', 'quantity': '1.43836800', 'rounded_notional': '54.32000000', 'settlement_date': '2022-10-05', 'timestamp': '2022-10-03T17:46:21.570000Z', 'id': '633b1fee-caff-4f23-92d3-99201124fc71', 'ipo_access_execution_rank': None, 'trade_execution_date': '2022-10-03'}]",False,regular_hours,False,False,,,,,,"{'amount': '54.32000000', 'currency_code': 'USD', 'currency_id': '1072fc76-1862-41ab-82c2-485837590762'}",,"{'amount': '54.32', 'currency_code': 'USD', 'currency_id': '1072fc76-1862-41ab-82c2-485837590762'}","{'amount': '54.32', 'currency_code': 'USD', 'currency_id': '1072fc76-1862-41ab-82c2-485837590762'}",,False,,,,,,False,True,False,True,0,,,2.0,user,False,,order_finalized,,
6331b9e1-5572-4e30-a4ce-5c4d446d438c,3C6BF9B7-FF80-4450-998E-60B3CBCE550C,https://api.robinhood.com/orders/6331b9e1-5572-4e30-a4ce-5c4d446d438c/,https://api.robinhood.com/accounts/5SE25445/,fa785cc9-e75d-40e1-ad49-9dad4a009457,https://api.robinhood.com/positions/5SE25445/f3acdd2f-6580-4c75-a69c-81481cc4c235/,,https://api.robinhood.com/instruments/f3acdd2f-6580-4c75-a69c-81481cc4c235/,f3acdd2f-6580-4c75-a69c-81481cc4c235,1.12206700,56.08400000,0.00,filled,filled,,market,buy,gfd,immediate,58.91000000,,1.12206700,,2022-09-26T14:40:33.549501Z,2022-09-26T14:40:34.708839Z,2022-09-26T14:40:34.408265Z,"[{'price': '56.07500000', 'quantity': '0.12224600', 'rounded_notional': '6.85000000', 'settlement_date': '2022-09-28', 'timestamp': '2022-09-26T14:40:33.766777Z', 'id': '6331b9e1-cff7-4c9c-ae4b-07faaa596d45', 'ipo_access_execution_rank': None, 'trade_execution_date': '2022-09-26'}, {'price': '56.09000000', 'quantity': '0.99982100', 'rounded_notional': '56.08000000', 'settlement_date': '2022-09-28', 'timestamp': '2022-09-26T14:40:33.838000Z', 'id': '6331b9e2-74ae-406e-8d66-60ccfc3a9eae', 'ipo_access_execution_rank': None, 'trade_execution_date': '2022-09-26'}]",False,regular_hours,False,False,,,,,,"{'amount': '62.93000000', 'currency_code': 'USD', 'currency_id': '1072fc76-1862-41ab-82c2-485837590762'}",,"{'amount': '62.93', 'currency_code': 'USD', 'currency_id': '1072fc76-1862-41ab-82c2-485837590762'}","{'amount': '62.93', 'currency_code': 'USD', 'currency_id': '1072fc76-1862-41ab-82c2-485837590762'}",,False,,,,,,False,True,False,True,0,,,2.0,user,False,,order_finalized,,
632a275e-b814-4a7d-8f69-bb04bb55fcf9,DA22766E-FE43-4C50-A5CA-B64B16065F7A,https://api.robinhood.com/orders/632a275e-b814-4a7d-8f69-bb04bb55fcf9/,https://api.robinhood.com/accounts/5SE25445/,fa785cc9-e75d-40e1-ad49-9dad4a009457,https://api.robinhood.com/positions/5SE25445/f3acdd2f-6580-4c75-a69c-81481cc4c235/,,https://api.robinhood.com/instruments/f3acdd2f-6580-4c75-a69c-81481cc4c235/,f3acdd2f-6580-4c75-a69c-81481cc4c235,1.63926500,61.00290000,0.00,filled,filled,,market,buy,gfd,immediate,67.25000000,,1.63926500,,2022-09-20T20:49:34.285889Z,2022-09-21T13:30:54.404426Z,2022-09-21T13:30:54.028369Z,"[{'price': '61.00000000', 'quantity': '1.62959300', 'rounded_notional': '99.41000000', 'settlement_date': '2022-09-23', 'timestamp': '2022-09-21T13:30:53.490000Z', 'id': '632b120e-ce77-4211-992c-25de29fdcbe7', 'ipo_access_execution_rank': None, 'trade_execution_date': '2022-09-21'}, {'price': '61.00000000', 'quantity': '0.00967200', 'rounded_notional': '0.59000000', 'settlement_date': '2022-09-23', 'timestamp': '2022-09-21T13:30:53.490000Z', 'id': '632b120e-94e6-4a82-b6fa-bcb614c1635d', 'ipo_access_execution_rank': None, 'trade_execution_date': '2022-09-21'}]",False,regular_hours,False,False,,,,,,"{'amount': '100.00000000', 'currency_code': 'USD', 'currency_id': '1072fc76-1862-41ab-82c2-485837590762'}",,"{'amount': '100.00', 'currency_code': 'USD', 'currency_id': '1072fc76-1862-41ab-82c2-485837590762'}","{'amount': '100.00', 'currency_code': 'USD', 'currency_id': '1072fc76-1862-41ab-82c2-485837590762'}",,False,,,,,,False,True,False,True,0,,,3.0,user,False,,order_finalized,,
632a2711-a36e-45d6-977d-a8dbb310ed9e,45E48ACD-239F-4A5F-8ECF-84B82B5A7B95,https://api.robinhood.com/orders/632a2711-a36e-45d6-977d-a8dbb310ed9e/,https://api.robinhood.com/accounts/5SE25445/,fa785cc9-e75d-40e1-ad49-9dad4a009457,https://api.robinhood.com/positions/5SE25445/79b7c6e2-1cad-4160-8ae4-ee43a8e50840/,,https://api.robinhood.com/instruments/79b7c6e2-1cad-4160-8ae4-ee43a8e50840/,79b7c6e2-1cad-4160-8ae4-ee43a8e50840,0.00000000,,0.00,cancelled,cancelled,,market,buy,gfd,immediate,43.56000000,,2.29568400,,2022-09-20T20:48:17.383325Z,2022-09-20T20:49:11.228443Z,2022-09-20T20:49:10.958347Z,[],False,regular_hours,False,False,,,,,,"{'amount': '100.00000000', 'currency_code': 'USD', 'currency_id': '1072fc76-1862-41ab-82c2-485837590762'}",,"{'amount': '100.00', 'currency_code': 'USD', 'currency_id': '1072fc76-1862-41ab-82c2-485837590762'}",,,False,user,,,,,False,True,False,True,0,,,1.0,user,False,,order_finalized,,
632a26f7-ced5-4a61-95ec-4a1f68d05c83,A3B314D9-7EE6-46D8-8990-C1BDAFD5E628,https://api.robinhood.com/orders/632a26f7-ced5-4a61-95ec-4a1f68d05c83/,https://api.robinhood.com/accounts/5SE25445/,fa785cc9-e75d-40e1-ad49-9dad4a009457,https://api.robinhood.com/positions/5SE25445/c0bb3aec-bd1e-471e-a4f0-ca011cbec711/,,https://api.robinhood.com/instruments/c0bb3aec-bd1e-471e-a4f0-ca011cbec711/,c0bb3aec-bd1e-471e-a4f0-ca011cbec711,0.81736000,122.34510000,0.00,filled,filled,,market,buy,gfd,immediate,128.65000000,,0.81736000,,2022-09-20T20:47:51.858479Z,2022-09-20T20:47:52.937217Z,2022-09-20T20:47:52.625084Z,"[{'price': '122.35000000', 'quantity': '0.81736000', 'rounded_notional': '100.00000000', 'settlement_date': '2022-09-22', 'timestamp': '2022-09-20T20:47:52.156000Z', 'id': '632a26f8-2a8c-490d-9d4f-a2c9cb6ca4b6', 'ipo_access_execution_rank': None, 'trade_execution_date': '2022-09-20'}]",True,extended_hours,False,False,,,,,,"{'amount': '100.00000000', 'currency_code': 'USD', 'currency_id': '1072fc76-1862-41ab-82c2-485837590762'}",,"{'amount': '100.00', 'currency_code': 'USD', 'currency_id': '1072fc76-1862-41ab-82c2-485837590762'}","{'amount': '100.00', 'currency_code': 'USD', 'currency_id': '1072fc76-1862-41ab-82c2-485837590762'}",,False,,,,,,False,True,False,True,0,,,2.0,user,False,,order_finalized,,
632a26db-b1bd-448b-9e6a-49131a962297,1104B6D9-BBD9-4A63-B11D-8F1A754A85E2,https://api.robinhood.com/orders/632a26db-b1bd-448b-9e6a-49131a962297/,https://api.robinhood.com/accounts/5SE25445/,fa785cc9-e75d-40e1-ad49-9dad4a009457,https://api.robinhood.com/positions/5SE25445/79b7c6e2-1cad-4160-8ae4-ee43a8e50840/,,https://api.robinhood.com/instruments/79b7c6e2-1cad-4160-8ae4-ee43a8e50840/,79b7c6e2-1cad-4160-8ae4-ee43a8e50840,2.40261000,41.62140000,0.00,filled,filled,,market,buy,gfd,immediate,43.59000000,,2.40261000,,2022-09-20T20:47:23.811878Z,2022-09-21T13:30:04.505880Z,2022-09-21T13:30:03.156735Z,"[{'price': '41.62000000', 'quantity': '2.39492200', 'rounded_notional': '99.68000000', 'settlement_date': '2022-09-23', 'timestamp': '2022-09-21T13:30:00.324000Z', 'id': '632b11db-17cc-48b4-a197-7d0f378b4039', 'ipo_access_execution_rank': None, 'trade_execution_date': '2022-09-21'}, {'price': '41.62000000', 'quantity': '0.00768800', 'rounded_notional': '0.32000000', 'settlement_date': '2022-09-23', 'timestamp': '2022-09-21T13:30:00.324000Z', 'id': '632b11db-1fa0-41ee-b633-524656bb0809', 'ipo_access_execution_rank': None, 'trade_execution_date': '2022-09-21'}]",False,regular_hours,False,False,,,,,,"{'amount': '100.00000000', 'currency_code': 'USD', 'currency_id': '1072fc76-1862-41ab-82c2-485837590762'}",,"{'amount': '100.00', 'currency_code': 'USD', 'currency_id': '1072fc76-1862-41ab-82c2-485837590762'}","{'amount': '100.00', 'currency_code': 'USD', 'currency_id': '1072fc76-1862-41ab-82c2-485837590762'}",,False,,,,,,False,True,False,True,0,,,3.0,user,False,,order_finalized,,
62f67c97-077c-4cb2-ad7e-f61a20620a17,F6C1B50A-A2E2-458B-8821-4C700EE94D94,https://api.robinhood.com/orders/62f67c97-077c-4cb2-ad7e-f61a20620a17/,https://api.robinhood.com/accounts/5SE25445/,fa785cc9-e75d-40e1-ad49-9dad4a009457,https://api.robinhood.com/positions/5SE25445/79b7c6e2-1cad-4160-8ae4-ee43a8e50840/,,https://api.robinhood.com/instruments/79b7c6e2-1cad-4160-8ae4-ee43a8e50840/,79b7c6e2-1cad-4160-8ae4-ee43a8e50840,3.92195300,51.22960000,0.00,filled,filled,,market,sell,gfd,immediate,,,3.92195300,,2022-08-12T16:15:19.620009Z,2022-08-12T16:15:20.896932Z,2022-08-12T16:15:20.602914Z,"[{'price': '51.23000000', 'quantity': '3.92195300', 'rounded_notional': '200.92000000', 'settlement_date': '2022-08-16', 'timestamp': '2022-08-12T16:15:20.120000Z', 'id': '62f67c98-ead7-464a-ab5f-cbb54fed8c03', 'ipo_access_execution_rank': None, 'trade_execution_date': '2022-08-12'}]",False,regular_hours,False,False,,,,,,,,,"{'amount': '200.92', 'currency_code': 'USD', 'currency_id': '1072fc76-1862-41ab-82c2-485837590762'}",,False,,,,,,False,True,False,True,0,,,2.0,user,False,,order_finalized,,
62f14795-809c-4f0b-8d13-be63bf4c46f8,AEEE8640-DE5E-42F1-807F-B194F1D9EA7A,https://api.robinhood.com/orders/62f14795-809c-4f0b-8d13-be63bf4c46f8/,https://api.robinhood.com/accounts/5SE25445/,fa785cc9-e75d-40e1-ad49-9dad4a009457,https://api.robinhood.com/positions/5SE25445/79b7c6e2-1cad-4160-8ae4-ee43a8e50840/,,https://api.robinhood.com/instruments/79b7c6e2-1cad-4160-8ae4-ee43a8e50840/,79b7c6e2-1cad-4160-8ae4-ee43a8e50840,3.92195300,50.99500000,0.00,filled,filled,,market,buy,gfd,immediate,53.53000000,,3.92195300,,2022-08-08T17:27:49.257033Z,2022-08-08T17:27:50.464655Z,2022-08-08T17:27:50.172412Z,"[{'price': '50.99500000', 'quantity': '3.92195300', 'rounded_notional': '200.00000000', 'settlement_date': '2022-08-10', 'timestamp': '2022-08-08T17:27:49.531000Z', 'id': '62f14796-2e28-409e-b557-a6936646cb16', 'ipo_access_execution_rank': None, 'trade_execution_date': None}]",False,regular_hours,False,False,,,,,,"{'amount': '200.00000000', 'currency_code': 'USD', 'currency_id': '1072fc76-1862-41ab-82c2-485837590762'}",,"{'amount': '200.00', 'currency_code': 'USD', 'currency_id': '1072fc76-1862-41ab-82c2-485837590762'}","{'amount': '200.00', 'currency_code': 'USD', 'currency_id': '1072fc76-1862-41ab-82c2-485837590762'}",,False,,,,,,False,True,False,True,0,,,2.0,user,False,,order_finalized,,
62deb331-c7e1-4e97-8ebc-5a92d1b12257,B78052A6-0D69-46D1-9580-9CEBCD05B126,https://api.robinhood.com/orders/62deb331-c7e1-4e97-8ebc-5a92d1b12257/,https://api.robinhood.com/accounts/5SE25445/,fa785cc9-e75d-40e1-ad49-9dad4a009457,https://api.robinhood.com/positions/5SE25445/8f92e76f-1e0e-4478-8580-16a6ffcfaef5/,,https://api.robinhood.com/instruments/8f92e76f-1e0e-4478-8580-16a6ffcfaef5/,8f92e76f-1e0e-4478-8580-16a6ffcfaef5,0.26769100,394.41000000,0.00,filled,filled,,market,sell,gfd,immediate,,,0.26769100,,2022-07-25T15:13:53.052178Z,2022-07-25T15:13:54.456922Z,2022-07-25T15:13:53.372292Z,"[{'price': '394.42000000', 'quantity': '0.26769100', 'rounded_notional': '105.58000000', 'settlement_date': '2022-07-27', 'timestamp': '2022-07-25T15:13:53.372250Z', 'id': '62deb331-3625-4b6e-b9fc-a8dd840a1fb3', 'ipo_access_execution_rank': None, 'trade_execution_date': None}]",False,regular_hours,False,False,,,,,,,,,"{'amount': '105.58', 'currency_code': 'USD', 'currency_id': '1072fc76-1862-41ab-82c2-485837590762'}",,False,,,,,,False,True,False,True,0,,,0.0,user,False,,order_finalized,,
62deb325-c38a-41ef-aa26-95d698af4e29,488BA168-F5C4-4E01-86C1-4773468720F0,https://api.robinhood.com/orders/62deb325-c38a-41ef-aa26-95d698af4e29/,https://api.robinhood.com/accounts/5SE25445/,fa785cc9-e75d-40e1-ad49-9dad4a009457,https://api.robinhood.com/positions/5SE25445/b003dff4-7071-46ae-9a8d-6e4b4222edf0/,,https://api.robinhood.com/instruments/b003dff4-7071-46ae-9a8d-6e4b4222edf0/,b003dff4-7071-46ae-9a8d-6e4b4222edf0,37.83362700,3.08350000,0.00,filled,filled,,market,sell,gfd,immediate,,,37.83362700,,2022-07-25T15:13:41.434356Z,2022-07-25T15:13:43.445912Z,2022-07-25T15:13:42.332780Z,"[{'price': '3.08350000', 'quantity': '37.83362700', 'rounded_notional': '116.66000000', 'settlement_date': '2022-07-27', 'timestamp': '2022-07-25T15:13:41.813000Z', 'id': '62deb326-78a7-4aa7-be5b-f693dabd0a37', 'ipo_access_execution_rank': None, 'trade_execution_date': None}]",False,regular_hours,False,False,,,,,,,,,"{'amount': '116.66', 'currency_code': 'USD', 'currency_id': '1072fc76-1862-41ab-82c2-485837590762'}",,False,,,,,,False,True,False,True,0,,,2.0,user,False,,order_finalized,,
62deb319-cf27-467d-9e2a-f27356a01e99,B2497B06-C152-42B5-8054-D73E9BF29823,https://api.robinhood.com/orders/62deb319-cf27-467d-9e2a-f27356a01e99/,https://api.robinhood.com/accounts/5SE25445/,fa785cc9-e75d-40e1-ad49-9dad4a009457,https://api.robinhood.com/positions/5SE25445/450dfc6d-5510-4d40-abfb-f633b7d9be3e/,,https://api.robinhood.com/instruments/450dfc6d-5510-4d40-abfb-f633b7d9be3e/,450dfc6d-5510-4d40-abfb-f633b7d9be3e,1.08395000,152.61770000,0.00,filled,filled,,market,sell,gfd,immediate,,,1.08395000,,2022-07-25T15:13:29.318990Z,2022-07-25T15:13:31.151483Z,2022-07-25T15:13:30.288704Z,"[{'price': '152.60000000', 'quantity': '0.08395000', 'rounded_notional': '12.81000000', 'settlement_date': '2022-07-27', 'timestamp': '2022-07-25T15:13:29.664731Z', 'id': '62deb319-5cef-47b8-8260-24b41b60865f', 'ipo_access_execution_rank': None, 'trade_execution_date': None}, {'price': '152.62000000', 'quantity': '1.00000000', 'rounded_notional': '152.62000000', 'settlement_date': '2022-07-27', 'timestamp': '2022-07-25T15:13:29.729000Z', 'id': '62deb31a-2045-40c6-b7ae-24eb97dd2079', 'ipo_access_execution_rank': None, 'trade_execution_date': None}]",False,regular_hours,False,False,,,,,,,,,"{'amount': '165.43', 'currency_code': 'USD', 'currency_id': '1072fc76-1862-41ab-82c2-485837590762'}",,False,,,,,,False,True,False,True,0,,,2.0,user,False,,order_finalized,,
62deb30e-fac8-4be3-97c3-9095a4688ed8,22C1A71A-2B2B-4AB1-8D71-C77A2AB3CC40,https://api.robinhood.com/orders/62deb30e-fac8-4be3-97c3-9095a4688ed8/,https://api.robinhood.com/accounts/5SE25445/,fa785cc9-e75d-40e1-ad49-9dad4a009457,https://api.robinhood.com/positions/5SE25445/77a5995a-440b-48dd-9e8c-1ecbe24496aa/,,https://api.robinhood.com/instruments/77a5995a-440b-48dd-9e8c-1ecbe24496aa/,77a5995a-440b-48dd-9e8c-1ecbe24496aa,0.07059600,16.00660000,0.00,filled,filled,,market,sell,gfd,immediate,,,0.07059600,,2022-07-25T15:13:18.857147Z,2022-07-25T15:13:20.409009Z,2022-07-25T15:13:19.686240Z,"[{'price': '15.95500000', 'quantity': '0.07059600', 'rounded_notional': '1.13000000', 'settlement_date': '2022-07-27', 'timestamp': '2022-07-25T15:13:19.221000Z', 'id': '62deb30f-3686-4cb7-8aaa-b34e105ffcff', 'ipo_access_execution_rank': None, 'trade_execution_date': None}]",False,regular_hours,False,False,,,,,,,,,"{'amount': '1.13', 'currency_code': 'USD', 'currency_id': '1072fc76-1862-41ab-82c2-485837590762'}",,False,,,,,,False,True,False,True,0,,,2.0,user,False,,order_finalized,,
62deb302-b4c1-4bb0-853e-0e2ca7f0cbe3,41A8ECCB-460C-40F2-8303-6C2C9A996503,https://api.robinhood.com/orders/62deb302-b4c1-4bb0-853e-0e2ca7f0cbe3/,https://api.robinhood.com/accounts/5SE25445/,fa785cc9-e75d-40e1-ad49-9dad4a009457,https://api.robinhood.com/positions/5SE25445/c0bb3aec-bd1e-471e-a4f0-ca011cbec711/,,https://api.robinhood.com/instruments/c0bb3aec-bd1e-471e-a4f0-ca011cbec711/,c0bb3aec-bd1e-471e-a4f0-ca011cbec711,1.00482400,121.52380000,0.00,filled,filled,,market,sell,gfd,immediate,,,1.00482400,,2022-07-25T15:13:06.354522Z,2022-07-25T15:13:07.893242Z,2022-07-25T15:13:07.275028Z,"[{'price': '121.51500000', 'quantity': '0.00482400', 'rounded_notional': '0.59000000', 'settlement_date': '2022-07-27', 'timestamp': '2022-07-25T15:13:06.681773Z', 'id': '62deb302-870d-4974-bce4-ec5c35ccb854', 'ipo_access_execution_rank': None, 'trade_execution_date': None}, {'price': '121.51500000', 'quantity': '1.00000000', 'rounded_notional': '121.52000000', 'settlement_date': '2022-07-27', 'timestamp': '2022-07-25T15:13:06.772000Z', 'id': '62deb303-7399-4295-9e66-e27f34719eac', 'ipo_access_execution_rank': None, 'trade_execution_date': None}]",False,regular_hours,False,False,,,,,,,,,"{'amount': '122.11', 'currency_code': 'USD', 'currency_id': '1072fc76-1862-41ab-82c2-485837590762'}",,False,,,,,,False,True,False,True,0,,,2.0,user,False,,order_finalized,,
62deb2f7-b1cd-4887-afce-4e357ddd8f06,F408D9BB-18A0-415A-ADCB-F95644D90976,https://api.robinhood.com/orders/62deb2f7-b1cd-4887-afce-4e357ddd8f06/,https://api.robinhood.com/accounts/5SE25445/,fa785cc9-e75d-40e1-ad49-9dad4a009457,https://api.robinhood.com/positions/5SE25445/6df56bd0-0bf2-44ab-8875-f94fd8526942/,,https://api.robinhood.com/instruments/6df56bd0-0bf2-44ab-8875-f94fd8526942/,6df56bd0-0bf2-44ab-8875-f94fd8526942,1.06142300,12.83180000,0.00,filled,filled,,market,sell,gfd,immediate,,,1.06142300,,2022-07-25T15:12:55.747309Z,2022-07-25T15:12:58.056926Z,2022-07-25T15:12:56.708541Z,"[{'price': '12.83500000', 'quantity': '0.06142300', 'rounded_notional': '0.79000000', 'settlement_date': '2022-07-27', 'timestamp': '2022-07-25T15:12:56.155946Z', 'id': '62deb2f8-d79e-45bf-ad7b-57c2a55eb34f', 'ipo_access_execution_rank': None, 'trade_execution_date': None}, {'price': '12.83240000', 'quantity': '1.00000000', 'rounded_notional': '12.83000000', 'settlement_date': '2022-07-27', 'timestamp': '2022-07-25T15:12:56.236000Z', 'id': '62deb2f8-8fe7-4928-b5ef-69ea316a679d', 'ipo_access_execution_rank': None, 'trade_execution_date': None}]",False,regular_hours,False,False,,,,,,,,,"{'amount': '13.62', 'currency_code': 'USD', 'currency_id': '1072fc76-1862-41ab-82c2-485837590762'}",,False,,,,,,False,True,False,True,0,,,2.0,user,False,,order_finalized,,
62deb2e7-ff5c-4738-a29d-8b10fa8687b4,DF6860D4-BEF0-46A4-8FCC-1CAADDBAF440,https://api.robinhood.com/orders/62deb2e7-ff5c-4738-a29d-8b10fa8687b4/,https://api.robinhood.com/accounts/5SE25445/,fa785cc9-e75d-40e1-ad49-9dad4a009457,https://api.robinhood.com/positions/5SE25445/79b7c6e2-1cad-4160-8ae4-ee43a8e50840/,,https://api.robinhood.com/instruments/79b7c6e2-1cad-4160-8ae4-ee43a8e50840/,79b7c6e2-1cad-4160-8ae4-ee43a8e50840,4.00012400,45.52610000,0.00,filled,filled,,market,sell,gfd,immediate,,,4.00012400,,2022-07-25T15:12:39.888897Z,2022-07-25T15:12:41.863826Z,2022-07-25T15:12:40.984668Z,"[{'price': '45.53000000', 'quantity': '0.00012400', 'rounded_notional': '0.01000000', 'settlement_date': '2022-07-27', 'timestamp': '2022-07-25T15:12:40.362249Z', 'id': '62deb2e8-dccd-4f22-acc0-4594b092d819', 'ipo_access_execution_rank': None, 'trade_execution_date': None}, {'price': '45.52500000', 'quantity': '4.00000000', 'rounded_notional': '182.10000000', 'settlement_date': '2022-07-27', 'timestamp': '2022-07-25T15:12:40.439000Z', 'id': '62deb2e8-0760-4c44-8aab-d4436400ca48', 'ipo_access_execution_rank': None, 'trade_execution_date': None}]",False,regular_hours,False,False,,,,,,,,,"{'amount': '182.11', 'currency_code': 'USD', 'currency_id': '1072fc76-1862-41ab-82c2-485837590762'}",,False,,,,,,False,True,False,True,0,,,2.0,user,False,,order_finalized,,
62deb2dd-f46c-4971-acbc-1fb4b61ba412,89AA3060-62B0-4F14-A119-EFC6D6034F71,https://api.robinhood.com/orders/62deb2dd-f46c-4971-acbc-1fb4b61ba412/,https://api.robinhood.com/accounts/5SE25445/,fa785cc9-e75d-40e1-ad49-9dad4a009457,https://api.robinhood.com/positions/5SE25445/f3acdd2f-6580-4c75-a69c-81481cc4c235/,,https://api.robinhood.com/instruments/f3acdd2f-6580-4c75-a69c-81481cc4c235/,f3acdd2f-6580-4c75-a69c-81481cc4c235,1.99966300,71.03200000,0.00,filled,filled,,market,sell,gfd,immediate,,,1.99966300,,2022-07-25T15:12:29.053737Z,2022-07-25T15:12:30.858006Z,2022-07-25T15:12:29.990420Z,"[{'price': '71.03090000', 'quantity': '1.99966300', 'rounded_notional': '142.04000000', 'settlement_date': '2022-07-27', 'timestamp': '2022-07-25T15:12:29.479000Z', 'id': '62deb2dd-4389-416b-8b98-907c17168c69', 'ipo_access_execution_rank': None, 'trade_execution_date': None}]",False,regular_hours,False,False,,,,,,,,,"{'amount': '142.04', 'currency_code': 'USD', 'currency_id': '1072fc76-1862-41ab-82c2-485837590762'}",,False,,,,,,False,True,False,True,0,,,2.0,user,False,,order_finalized,,
62deb2ce-b15d-4cac-88b6-cfda7518bb78,2ED972D0-E408-4875-9A23-C69E2C405240,https://api.robinhood.com/orders/62deb2ce-b15d-4cac-88b6-cfda7518bb78/,https://api.robinhood.com/accounts/5SE25445/,fa785cc9-e75d-40e1-ad49-9dad4a009457,https://api.robinhood.com/positions/5SE25445/64d5a963-a646-4ae7-9532-1f18bf523d5f/,,https://api.robinhood.com/instruments/64d5a963-a646-4ae7-9532-1f18bf523d5f/,64d5a963-a646-4ae7-9532-1f18bf523d5f,1.00346100,25.59140000,0.00,filled,filled,,market,sell,gfd,immediate,,,1.00346100,,2022-07-25T15:12:14.467310Z,2022-07-25T15:12:15.831176Z,2022-07-25T15:12:15.281934Z,"[{'price': '25.59500000', 'quantity': '0.00346100', 'rounded_notional': '0.09000000', 'settlement_date': '2022-07-27', 'timestamp': '2022-07-25T15:12:14.677836Z', 'id': '62deb2ce-e78f-483b-ade3-a4467b0ad241', 'ipo_access_execution_rank': None, 'trade_execution_date': None}, {'price': '25.59050000', 'quantity': '1.00000000', 'rounded_notional': '25.59000000', 'settlement_date': '2022-07-27', 'timestamp': '2022-07-25T15:12:14.790000Z', 'id': '62deb2cf-c985-46b2-9d99-e8ce897a0b2d', 'ipo_access_execution_rank': None, 'trade_execution_date': None}]",False,regular_hours,False,False,,,,,,,,,"{'amount': '25.68', 'currency_code': 'USD', 'currency_id': '1072fc76-1862-41ab-82c2-485837590762'}",,False,,,,,,False,True,False,True,0,,,2.0,user,False,,order_finalized,,
62deb2c2-8073-4049-8cdd-918e322f0be9,CE7DEB09-183C-4693-B4BE-1322C3FD9C33,https://api.robinhood.com/orders/62deb2c2-8073-4049-8cdd-918e322f0be9/,https://api.robinhood.com/accounts/5SE25445/,fa785cc9-e75d-40e1-ad49-9dad4a009457,https://api.robinhood.com/positions/5SE25445/a44cd39c-92c2-4f4e-b965-1038c9a1a0c7/,,https://api.robinhood.com/instruments/a44cd39c-92c2-4f4e-b965-1038c9a1a0c7/,a44cd39c-92c2-4f4e-b965-1038c9a1a0c7,0.30382700,189.08790000,0.00,filled,filled,,market,sell,gfd,immediate,,,0.30382700,,2022-07-25T15:12:02.139546Z,2022-07-25T15:12:03.315233Z,2022-07-25T15:12:02.474129Z,"[{'price': '189.10000000', 'quantity': '0.30382700', 'rounded_notional': '57.45000000', 'settlement_date': '2022-07-27', 'timestamp': '2022-07-25T15:12:02.474079Z', 'id': '62deb2c2-18df-4b49-ac09-7ca3545195fc', 'ipo_access_execution_rank': None, 'trade_execution_date': None}]",False,regular_hours,False,False,,,,,,,,,"{'amount': '57.45', 'currency_code': 'USD', 'currency_id': '1072fc76-1862-41ab-82c2-485837590762'}",,False,,,,,,False,True,False,True,0,,,0.0,user,False,,order_finalized,,
62deb2b1-9ed9-47ac-88f9-f74b1fdeaa38,F8573B33-0ECA-4AE5-A6A6-18FFA42BB1E2,https://api.robinhood.com/orders/62deb2b1-9ed9-47ac-88f9-f74b1fdeaa38/,https://api.robinhood.com/accounts/5SE25445/,fa785cc9-e75d-40e1-ad49-9dad4a009457,https://api.robinhood.com/positions/5SE25445/2868168f-8ece-49a8-b0e5-4231f0c8716f/,,https://api.robinhood.com/instruments/2868168f-8ece-49a8-b0e5-4231f0c8716f/,2868168f-8ece-49a8-b0e5-4231f0c8716f,1.03790200,108.51700000,0.00,filled,filled,,market,sell,gfd,immediate,,,1.03790200,,2022-07-25T15:11:45.744658Z,2022-07-25T15:11:47.795522Z,2022-07-25T15:11:46.580169Z,"[{'price': '108.51470000', 'quantity': '1.03790200', 'rounded_notional': '112.63000000', 'settlement_date': '2022-07-27', 'timestamp': '2022-07-25T15:11:46.065000Z', 'id': '62deb2b2-033d-4219-b57e-69ba4284507f', 'ipo_access_execution_rank': None, 'trade_execution_date': None}]",False,regular_hours,False,False,,,,,,,,,"{'amount': '112.63', 'currency_code': 'USD', 'currency_id': '1072fc76-1862-41ab-82c2-485837590762'}",,False,,,,,,False,True,False,True,0,,,2.0,user,False,,order_finalized,,
62deb2a6-925f-4b83-a9e7-bc97553b6a8a,165261AF-BCC8-48C0-BF47-AEF2DF72AEF7,https://api.robinhood.com/orders/62deb2a6-925f-4b83-a9e7-bc97553b6a8a/,https://api.robinhood.com/accounts/5SE25445/,fa785cc9-e75d-40e1-ad49-9dad4a009457,https://api.robinhood.com/positions/5SE25445/900c67cd-c655-45af-a041-011074f6df73/,,https://api.robinhood.com/instruments/900c67cd-c655-45af-a041-011074f6df73/,900c67cd-c655-45af-a041-011074f6df73,1.01124700,49.65160000,0.00,filled,filled,,market,sell,gfd,immediate,,,1.01124700,,2022-07-25T15:11:34.893115Z,2022-07-25T15:11:36.782279Z,2022-07-25T15:11:35.875471Z,"[{'price': '49.64500000', 'quantity': '0.01124700', 'rounded_notional': '0.56000000', 'settlement_date': '2022-07-27', 'timestamp': '2022-07-25T15:11:35.209020Z', 'id': '62deb2a7-69af-4b38-b963-bedf041d9efa', 'ipo_access_execution_rank': None, 'trade_execution_date': None}, {'price': '49.64500000', 'quantity': '1.00000000', 'rounded_notional': '49.65000000', 'settlement_date': '2022-07-27', 'timestamp': '2022-07-25T15:11:35.339000Z', 'id': '62deb2a7-f125-43d3-a1a3-93c8f141745a', 'ipo_access_execution_rank': None, 'trade_execution_date': None}]",False,regular_hours,False,False,,,,,,,,,"{'amount': '50.21', 'currency_code': 'USD', 'currency_id': '1072fc76-1862-41ab-82c2-485837590762'}",,False,,,,,,False,True,False,True,0,,,2.0,user,False,,order_finalized,,
62deb299-0190-434a-b794-ed070f3e75d9,E38E8CC2-DED3-4F2D-8989-3560D6F3BAB5,https://api.robinhood.com/orders/62deb299-0190-434a-b794-ed070f3e75d9/,https://api.robinhood.com/accounts/5SE25445/,fa785cc9-e75d-40e1-ad49-9dad4a009457,https://api.robinhood.com/positions/5SE25445/943c5009-a0bb-4665-8cf4-a95dab5874e4/,,https://api.robinhood.com/instruments/943c5009-a0bb-4665-8cf4-a95dab5874e4/,943c5009-a0bb-4665-8cf4-a95dab5874e4,0.44812000,108.58700000,0.00,filled,filled,,market,sell,gfd,immediate,,,0.44812000,,2022-07-25T15:11:21.253312Z,2022-07-25T15:11:23.261960Z,2022-07-25T15:11:22.358546Z,"[{'price': '108.58160000', 'quantity': '0.44812000', 'rounded_notional': '48.66000000', 'settlement_date': '2022-07-27', 'timestamp': '2022-07-25T15:11:21.802000Z', 'id': '62deb29a-e8e3-4688-8891-91f88127b1ad', 'ipo_access_execution_rank': None, 'trade_execution_date': None}]",False,regular_hours,False,False,,,,,,,,,"{'amount': '48.66', 'currency_code': 'USD', 'currency_id': '1072fc76-1862-41ab-82c2-485837590762'}",,False,,,,,,False,True,False,True,0,,,2.0,user,False,,order_finalized,,
62deb28b-0581-46d6-aad9-e2bfe919ea84,1FDB03F3-B339-40F2-B6FC-AE29D45C03A9,https://api.robinhood.com/orders/62deb28b-0581-46d6-aad9-e2bfe919ea84/,https://api.robinhood.com/accounts/5SE25445/,fa785cc9-e75d-40e1-ad49-9dad4a009457,https://api.robinhood.com/positions/5SE25445/846ae64b-c4dd-432c-9f26-44afd60ed82b/,,https://api.robinhood.com/instruments/846ae64b-c4dd-432c-9f26-44afd60ed82b/,846ae64b-c4dd-432c-9f26-44afd60ed82b,0.05965400,92.36600000,0.00,filled,filled,,market,sell,gfd,immediate,,,0.05965400,,2022-07-25T15:11:07.011659Z,2022-07-25T15:11:08.241038Z,2022-07-25T15:11:07.242635Z,"[{'price': '92.36000000', 'quantity': '0.05965400', 'rounded_notional': '5.51000000', 'settlement_date': '2022-07-27', 'timestamp': '2022-07-25T15:11:07.242581Z', 'id': '62deb28b-02c7-4e96-bad8-2f2502717929', 'ipo_access_execution_rank': None, 'trade_execution_date': None}]",False,regular_hours,False,False,,,,,,,,,"{'amount': '5.51', 'currency_code': 'USD', 'currency_id': '1072fc76-1862-41ab-82c2-485837590762'}",,False,,,,,,False,True,False,True,0,,,0.0,user,False,,order_finalized,,
62d57b56-0cb4-4606-821c-9a8626473df5,F6EC65C7-571E-4719-B77F-2F750D72CCA7,https://api.robinhood.com/orders/62d57b56-0cb4-4606-821c-9a8626473df5/,https://api.robinhood.com/accounts/5SE25445/,fa785cc9-e75d-40e1-ad49-9dad4a009457,https://api.robinhood.com/positions/5SE25445/846ae64b-c4dd-432c-9f26-44afd60ed82b/,,https://api.robinhood.com/instruments/846ae64b-c4dd-432c-9f26-44afd60ed82b/,846ae64b-c4dd-432c-9f26-44afd60ed82b,0.05074500,98.53190000,0.00,filled,filled,,market,buy,gfd,immediate,103.57000000,,0.05074500,,2022-07-18T15:25:10.984849Z,2022-07-18T15:25:11.508687Z,2022-07-18T15:25:11.214095Z,"[{'price': '98.53000000', 'quantity': '0.05074500', 'rounded_notional': '5.00000000', 'settlement_date': '2022-07-20', 'timestamp': '2022-07-18T15:25:11.214053Z', 'id': '62d57b57-2ea4-40ee-a453-f0bcf372a7e2', 'ipo_access_execution_rank': None, 'trade_execution_date': None}]",False,regular_hours,False,False,,,,,,"{'amount': '5.00000000', 'currency_code': 'USD', 'currency_id': '1072fc76-1862-41ab-82c2-485837590762'}",,"{'amount': '5.00', 'currency_code': 'USD', 'currency_id': '1072fc76-1862-41ab-82c2-485837590762'}","{'amount': '5.00', 'currency_code': 'USD', 'currency_id': '1072fc76-1862-41ab-82c2-485837590762'}",,False,,,,,,False,True,False,True,0,,,0.0,user,False,,order_finalized,,
62cc6b05-921e-42cd-87c6-9ffcc91690d9,AF8E25EC-9667-4F61-8CD2-40AA19BF8296,https://api.robinhood.com/orders/62cc6b05-921e-42cd-87c6-9ffcc91690d9/,https://api.robinhood.com/accounts/5SE25445/,fa785cc9-e75d-40e1-ad49-9dad4a009457,https://api.robinhood.com/positions/5SE25445/b003dff4-7071-46ae-9a8d-6e4b4222edf0/,,https://api.robinhood.com/instruments/b003dff4-7071-46ae-9a8d-6e4b4222edf0/,b003dff4-7071-46ae-9a8d-6e4b4222edf0,3.14336200,2.82500000,0.00,filled,filled,,market,buy,gfd,immediate,2.97000000,,3.14336200,,2022-07-11T18:25:09.720418Z,2022-07-11T18:25:11.308391Z,2022-07-11T18:25:10.484614Z,"[{'price': '2.82500000', 'quantity': '0.14336200', 'rounded_notional': '0.40000000', 'settlement_date': '2022-07-13', 'timestamp': '2022-07-11T18:25:09.952631Z', 'id': '62cc6b05-809c-47f9-a5d0-f75126a65ff6', 'ipo_access_execution_rank': None, 'trade_execution_date': None}, {'price': '2.82500000', 'quantity': '3.00000000', 'rounded_notional': '8.48000000', 'settlement_date': '2022-07-13', 'timestamp': '2022-07-11T18:25:10.027000Z', 'id': '62cc6b06-65cf-4edf-b002-d8d04e2f23f3', 'ipo_access_execution_rank': None, 'trade_execution_date': None}]",False,regular_hours,False,False,,,,,,"{'amount': '8.88000000', 'currency_code': 'USD', 'currency_id': '1072fc76-1862-41ab-82c2-485837590762'}",,"{'amount': '8.88', 'currency_code': 'USD', 'currency_id': '1072fc76-1862-41ab-82c2-485837590762'}","{'amount': '8.88', 'currency_code': 'USD', 'currency_id': '1072fc76-1862-41ab-82c2-485837590762'}",,False,,,,,,False,True,False,True,0,,,2.0,user,False,,order_finalized,,
62cc6aed-37cb-4087-8600-ad400564c153,454D7BCA-8FB3-4271-8D12-DF6F070CF0DD,https://api.robinhood.com/orders/62cc6aed-37cb-4087-8600-ad400564c153/,https://api.robinhood.com/accounts/5SE25445/,fa785cc9-e75d-40e1-ad49-9dad4a009457,https://api.robinhood.com/positions/5SE25445/64d5a963-a646-4ae7-9532-1f18bf523d5f/,,https://api.robinhood.com/instruments/64d5a963-a646-4ae7-9532-1f18bf523d5f/,64d5a963-a646-4ae7-9532-1f18bf523d5f,0.37000000,24.00000000,0.00,filled,filled,,market,sell,gfd,immediate,,,0.37000000,,2022-07-11T18:24:45.830869Z,2022-07-11T18:24:46.782749Z,2022-07-11T18:24:46.064920Z,"[{'price': '24.00500000', 'quantity': '0.37000000', 'rounded_notional': '8.88000000', 'settlement_date': '2022-07-13', 'timestamp': '2022-07-11T18:24:46.064873Z', 'id': '62cc6aee-f4e6-4541-8fca-6920b16bb59b', 'ipo_access_execution_rank': None, 'trade_execution_date': None}]",False,regular_hours,False,False,,,,,,,,,"{'amount': '8.88', 'currency_code': 'USD', 'currency_id': '1072fc76-1862-41ab-82c2-485837590762'}",,False,,,,,,False,True,False,True,0,,,0.0,user,False,,order_finalized,,
62cc692d-f1cd-42c5-9666-30a4d534e4b1,1DE57A5E-6D51-4185-A213-DA735C33098E,https://api.robinhood.com/orders/62cc692d-f1cd-42c5-9666-30a4d534e4b1/,https://api.robinhood.com/accounts/5SE25445/,fa785cc9-e75d-40e1-ad49-9dad4a009457,https://api.robinhood.com/positions/5SE25445/b003dff4-7071-46ae-9a8d-6e4b4222edf0/,,https://api.robinhood.com/instruments/b003dff4-7071-46ae-9a8d-6e4b4222edf0/,b003dff4-7071-46ae-9a8d-6e4b4222edf0,34.33628300,2.82500000,0.00,filled,filled,,market,buy,gfd,immediate,2.97000000,,34.33628300,,2022-07-11T18:17:17.514769Z,2022-07-11T18:17:19.137546Z,2022-07-11T18:17:18.488021Z,"[{'price': '2.82500000', 'quantity': '0.33628300', 'rounded_notional': '0.95000000', 'settlement_date': '2022-07-13', 'timestamp': '2022-07-11T18:17:17.757868Z', 'id': '62cc692d-e4b6-489f-aeb7-f2c83967d28b', 'ipo_access_execution_rank': None, 'trade_execution_date': None}, {'price': '2.82510000', 'quantity': '34.00000000', 'rounded_notional': '96.05000000', 'settlement_date': '2022-07-13', 'timestamp': '2022-07-11T18:17:17.868000Z', 'id': '62cc692e-6dc9-484f-84bd-991f2657386d', 'ipo_access_execution_rank': None, 'trade_execution_date': None}]",False,regular_hours,False,False,,,,,,"{'amount': '97.00000000', 'currency_code': 'USD', 'currency_id': '1072fc76-1862-41ab-82c2-485837590762'}",,"{'amount': '97.00', 'currency_code': 'USD', 'currency_id': '1072fc76-1862-41ab-82c2-485837590762'}","{'amount': '97.00', 'currency_code': 'USD', 'currency_id': '1072fc76-1862-41ab-82c2-485837590762'}",,False,,,,,,False,True,False,True,0,,,2.0,user,False,,order_finalized,,
62cc690b-3705-473e-8832-6234aa40daf4,F30D1067-73CD-4650-870E-F912897CC9D5,https://api.robinhood.com/orders/62cc690b-3705-473e-8832-6234aa40daf4/,https://api.robinhood.com/accounts/5SE25445/,fa785cc9-e75d-40e1-ad49-9dad4a009457,https://api.robinhood.com/positions/5SE25445/b003dff4-7071-46ae-9a8d-6e4b4222edf0/,,https://api.robinhood.com/instruments/b003dff4-7071-46ae-9a8d-6e4b4222edf0/,b003dff4-7071-46ae-9a8d-6e4b4222edf0,0.35398200,2.82500000,0.00,filled,filled,,market,buy,gfd,immediate,2.97000000,,0.35398200,,2022-07-11T18:16:43.882862Z,2022-07-11T18:16:45.078600Z,2022-07-11T18:16:44.100655Z,"[{'price': '2.82500000', 'quantity': '0.35398200', 'rounded_notional': '1.00000000', 'settlement_date': '2022-07-13', 'timestamp': '2022-07-11T18:16:44.100574Z', 'id': '62cc690c-f51c-46ff-9712-0b49b05949fa', 'ipo_access_execution_rank': None, 'trade_execution_date': None}]",False,regular_hours,False,False,,,,,,"{'amount': '1.00000000', 'currency_code': 'USD', 'currency_id': '1072fc76-1862-41ab-82c2-485837590762'}",,"{'amount': '1.00', 'currency_code': 'USD', 'currency_id': '1072fc76-1862-41ab-82c2-485837590762'}","{'amount': '1.00', 'currency_code': 'USD', 'currency_id': '1072fc76-1862-41ab-82c2-485837590762'}",,False,,,,,,False,True,False,True,0,,,0.0,user,False,,order_finalized,,
62cc6859-1e5e-4a27-8a8b-7832f8ef36e3,70B65C11-D242-46D8-A34A-75C15AA9BD08,https://api.robinhood.com/orders/62cc6859-1e5e-4a27-8a8b-7832f8ef36e3/,https://api.robinhood.com/accounts/5SE25445/,fa785cc9-e75d-40e1-ad49-9dad4a009457,https://api.robinhood.com/positions/5SE25445/846ae64b-c4dd-432c-9f26-44afd60ed82b/,,https://api.robinhood.com/instruments/846ae64b-c4dd-432c-9f26-44afd60ed82b/,846ae64b-c4dd-432c-9f26-44afd60ed82b,0.00890900,112.24600000,0.00,filled,filled,,market,buy,gfd,immediate,118.06000000,,0.00890900,,2022-07-11T18:13:45.721763Z,2022-07-11T18:13:46.787955Z,2022-07-11T18:13:45.958201Z,"[{'price': '112.23500000', 'quantity': '0.00890900', 'rounded_notional': '1.00000000', 'settlement_date': '2022-07-13', 'timestamp': '2022-07-11T18:13:45.958123Z', 'id': '62cc6859-3259-472a-a2b7-5cba9da0a3a8', 'ipo_access_execution_rank': None, 'trade_execution_date': None}]",False,regular_hours,False,False,,,,,,"{'amount': '1.00000000', 'currency_code': 'USD', 'currency_id': '1072fc76-1862-41ab-82c2-485837590762'}",,"{'amount': '1.00', 'currency_code': 'USD', 'currency_id': '1072fc76-1862-41ab-82c2-485837590762'}","{'amount': '1.00', 'currency_code': 'USD', 'currency_id': '1072fc76-1862-41ab-82c2-485837590762'}",,False,,,,,,False,True,False,True,0,,,0.0,user,False,,order_finalized,,
62cc6829-84b2-41bd-886e-727ae9fa31e6,5A016439-5363-4C7E-943E-47DFD290E8EC,https://api.robinhood.com/orders/62cc6829-84b2-41bd-886e-727ae9fa31e6/,https://api.robinhood.com/accounts/5SE25445/,fa785cc9-e75d-40e1-ad49-9dad4a009457,https://api.robinhood.com/positions/5SE25445/77a5995a-440b-48dd-9e8c-1ecbe24496aa/,,https://api.robinhood.com/instruments/77a5995a-440b-48dd-9e8c-1ecbe24496aa/,77a5995a-440b-48dd-9e8c-1ecbe24496aa,0.07059600,14.16510000,0.00,filled,filled,,market,buy,gfd,immediate,14.87000000,,0.07059600,,2022-07-11T18:12:57.354645Z,2022-07-11T18:12:58.724278Z,2022-07-11T18:12:57.579445Z,"[{'price': '14.16500000', 'quantity': '0.07059600', 'rounded_notional': '1.00000000', 'settlement_date': '2022-07-13', 'timestamp': '2022-07-11T18:12:57.579377Z', 'id': '62cc6829-408d-4922-92e1-927fe4dc5f7b', 'ipo_access_execution_rank': None, 'trade_execution_date': None}]",False,regular_hours,False,False,,,,,,"{'amount': '1.00000000', 'currency_code': 'USD', 'currency_id': '1072fc76-1862-41ab-82c2-485837590762'}",,"{'amount': '1.00', 'currency_code': 'USD', 'currency_id': '1072fc76-1862-41ab-82c2-485837590762'}","{'amount': '1.00', 'currency_code': 'USD', 'currency_id': '1072fc76-1862-41ab-82c2-485837590762'}",,False,,,,,,False,True,False,True,0,,,0.0,user,False,,order_finalized,,
62cc4504-0a49-4906-a3fb-151b72782801,3D23767A-B5FD-49DA-B655-CD8B9C71FA8A,https://api.robinhood.com/orders/62cc4504-0a49-4906-a3fb-151b72782801/,https://api.robinhood.com/accounts/5SE25445/,fa785cc9-e75d-40e1-ad49-9dad4a009457,https://api.robinhood.com/positions/5SE25445/a44cd39c-92c2-4f4e-b965-1038c9a1a0c7/,,https://api.robinhood.com/instruments/a44cd39c-92c2-4f4e-b965-1038c9a1a0c7/,a44cd39c-92c2-4f4e-b965-1038c9a1a0c7,0.16163300,185.60570000,0.00,filled,filled,,market,buy,gfd,immediate,194.91000000,,0.16163300,,2022-07-11T15:43:00.617993Z,2022-07-11T15:43:01.209004Z,2022-07-11T15:43:00.809755Z,"[{'price': '185.60500000', 'quantity': '0.16163300', 'rounded_notional': '30.00000000', 'settlement_date': '2022-07-13', 'timestamp': '2022-07-11T15:43:00.809676Z', 'id': '62cc4504-5d22-4dcc-aeb4-dc49c03beb55', 'ipo_access_execution_rank': None, 'trade_execution_date': None}]",False,regular_hours,False,False,,,,,,"{'amount': '30.00000000', 'currency_code': 'USD', 'currency_id': '1072fc76-1862-41ab-82c2-485837590762'}",,"{'amount': '30.00', 'currency_code': 'USD', 'currency_id': '1072fc76-1862-41ab-82c2-485837590762'}","{'amount': '30.00', 'currency_code': 'USD', 'currency_id': '1072fc76-1862-41ab-82c2-485837590762'}",,False,,,,,,False,True,False,True,0,,,0.0,user,False,,order_finalized,,
62cc44ab-6958-487d-b54d-dd5857d12271,CF1B320C-BB63-4740-B598-70440A7E35ED,https://api.robinhood.com/orders/62cc44ab-6958-487d-b54d-dd5857d12271/,https://api.robinhood.com/accounts/5SE25445/,fa785cc9-e75d-40e1-ad49-9dad4a009457,https://api.robinhood.com/positions/5SE25445/64d5a963-a646-4ae7-9532-1f18bf523d5f/,,https://api.robinhood.com/instruments/64d5a963-a646-4ae7-9532-1f18bf523d5f/,64d5a963-a646-4ae7-9532-1f18bf523d5f,0.38095200,24.04500000,0.00,filled,filled,,market,buy,gfd,immediate,25.25000000,,0.38095200,,2022-07-11T15:41:31.692334Z,2022-07-11T15:41:32.598816Z,2022-07-11T15:41:31.967478Z,"[{'price': '24.04500000', 'quantity': '0.38095200', 'rounded_notional': '9.16000000', 'settlement_date': '2022-07-13', 'timestamp': '2022-07-11T15:41:31.967412Z', 'id': '62cc44ab-5de4-48a3-ba85-9da1a36fcbc0', 'ipo_access_execution_rank': None, 'trade_execution_date': None}]",False,regular_hours,False,False,,,,,,"{'amount': '9.16000000', 'currency_code': 'USD', 'currency_id': '1072fc76-1862-41ab-82c2-485837590762'}",,"{'amount': '9.16', 'currency_code': 'USD', 'currency_id': '1072fc76-1862-41ab-82c2-485837590762'}","{'amount': '9.16', 'currency_code': 'USD', 'currency_id': '1072fc76-1862-41ab-82c2-485837590762'}",,False,,,,,,False,True,False,True,0,,,0.0,user,False,,order_finalized,,
62cc4455-77c2-46ad-ac02-bdeec20dda1c,C2C32A77-6483-4324-9606-4C4E5183923E,https://api.robinhood.com/orders/62cc4455-77c2-46ad-ac02-bdeec20dda1c/,https://api.robinhood.com/accounts/5SE25445/,fa785cc9-e75d-40e1-ad49-9dad4a009457,https://api.robinhood.com/positions/5SE25445/c0bb3aec-bd1e-471e-a4f0-ca011cbec711/,,https://api.robinhood.com/instruments/c0bb3aec-bd1e-471e-a4f0-ca011cbec711/,c0bb3aec-bd1e-471e-a4f0-ca011cbec711,0.52000000,112.76920000,0.00,filled,filled,,market,buy,gfd,immediate,118.41000000,,0.52000000,,2022-07-11T15:40:05.187829Z,2022-07-11T15:40:05.991563Z,2022-07-11T15:40:05.381768Z,"[{'price': '112.77500000', 'quantity': '0.52000000', 'rounded_notional': '58.64000000', 'settlement_date': '2022-07-13', 'timestamp': '2022-07-11T15:40:05.381710Z', 'id': '62cc4455-82b4-423a-ab76-012557c35e07', 'ipo_access_execution_rank': None, 'trade_execution_date': None}]",False,regular_hours,False,False,,,,,,,,"{'amount': '61.58', 'currency_code': 'USD', 'currency_id': '1072fc76-1862-41ab-82c2-485837590762'}","{'amount': '58.64', 'currency_code': 'USD', 'currency_id': '1072fc76-1862-41ab-82c2-485837590762'}",,False,,,,,,False,True,False,True,0,,,0.0,user,False,,order_finalized,,
62cc43d3-b08d-4305-974a-acefe34d90ab,011EB250-76C8-4963-9E67-1CA4F75355DD,https://api.robinhood.com/orders/62cc43d3-b08d-4305-974a-acefe34d90ab/,https://api.robinhood.com/accounts/5SE25445/,fa785cc9-e75d-40e1-ad49-9dad4a009457,https://api.robinhood.com/positions/5SE25445/2868168f-8ece-49a8-b0e5-4231f0c8716f/,,https://api.robinhood.com/instruments/2868168f-8ece-49a8-b0e5-4231f0c8716f/,2868168f-8ece-49a8-b0e5-4231f0c8716f,0.80000000,106.12500000,0.00,filled,filled,,market,buy,gfd,immediate,111.38000000,,0.80000000,,2022-07-11T15:37:55.403279Z,2022-07-11T15:37:56.802425Z,2022-07-11T15:37:56.165231Z,"[{'price': '106.12000000', 'quantity': '0.80000000', 'rounded_notional': '84.90000000', 'settlement_date': '2022-07-13', 'timestamp': '2022-07-11T15:37:55.681000Z', 'id': '62cc43d4-5a4d-453d-a5fd-f5031478f450', 'ipo_access_execution_rank': None, 'trade_execution_date': None}]",False,regular_hours,False,False,,,,,,,,"{'amount': '89.11', 'currency_code': 'USD', 'currency_id': '1072fc76-1862-41ab-82c2-485837590762'}","{'amount': '84.90', 'currency_code': 'USD', 'currency_id': '1072fc76-1862-41ab-82c2-485837590762'}",,False,,,,,,False,True,False,True,0,,,2.0,user,False,,order_finalized,,
62cc43be-c843-47b9-bfe8-d17749135a81,694B1A54-D623-4CD5-A815-38AB3D4038DB,https://api.robinhood.com/orders/62cc43be-c843-47b9-bfe8-d17749135a81/,https://api.robinhood.com/accounts/5SE25445/,fa785cc9-e75d-40e1-ad49-9dad4a009457,https://api.robinhood.com/positions/5SE25445/900c67cd-c655-45af-a041-011074f6df73/,,https://api.robinhood.com/instruments/900c67cd-c655-45af-a041-011074f6df73/,900c67cd-c655-45af-a041-011074f6df73,0.50000000,48.26000000,0.00,filled,filled,,market,buy,gfd,immediate,50.68000000,,0.50000000,,2022-07-11T15:37:34.634227Z,2022-07-11T15:37:35.783174Z,2022-07-11T15:37:34.826040Z,"[{'price': '48.26000000', 'quantity': '0.50000000', 'rounded_notional': '24.13000000', 'settlement_date': '2022-07-13', 'timestamp': '2022-07-11T15:37:34.825988Z', 'id': '62cc43be-15a6-483d-81a4-baa4f7ace445', 'ipo_access_execution_rank': None, 'trade_execution_date': None}]",False,regular_hours,False,False,,,,,,,,"{'amount': '25.34', 'currency_code': 'USD', 'currency_id': '1072fc76-1862-41ab-82c2-485837590762'}","{'amount': '24.13', 'currency_code': 'USD', 'currency_id': '1072fc76-1862-41ab-82c2-485837590762'}",,False,,,,,,False,True,False,True,0,,,0.0,user,False,,order_finalized,,
62cc4393-4a57-4a69-9a1a-d09f7233ddc1,453DFFBD-B880-45CF-AF47-29BC13EBA8CD,https://api.robinhood.com/orders/62cc4393-4a57-4a69-9a1a-d09f7233ddc1/,https://api.robinhood.com/accounts/5SE25445/,fa785cc9-e75d-40e1-ad49-9dad4a009457,https://api.robinhood.com/positions/5SE25445/64d5a963-a646-4ae7-9532-1f18bf523d5f/,,https://api.robinhood.com/instruments/64d5a963-a646-4ae7-9532-1f18bf523d5f/,64d5a963-a646-4ae7-9532-1f18bf523d5f,0.50000000,24.06000000,0.00,filled,filled,,market,buy,gfd,immediate,25.26000000,,0.50000000,,2022-07-11T15:36:51.716759Z,2022-07-11T15:36:53.723940Z,2022-07-11T15:36:52.606040Z,"[{'price': '24.06500000', 'quantity': '0.50000000', 'rounded_notional': '12.03000000', 'settlement_date': '2022-07-13', 'timestamp': '2022-07-11T15:36:52.011000Z', 'id': '62cc4394-80f2-41ef-ac8d-205911ab668c', 'ipo_access_execution_rank': None, 'trade_execution_date': None}]",False,regular_hours,False,False,,,,,,,,"{'amount': '12.63', 'currency_code': 'USD', 'currency_id': '1072fc76-1862-41ab-82c2-485837590762'}","{'amount': '12.03', 'currency_code': 'USD', 'currency_id': '1072fc76-1862-41ab-82c2-485837590762'}",,False,,,,,,False,True,False,True,0,,,2.0,user,False,,order_finalized,,
62c87817-5685-417b-956c-ad670a9a8587,75C02B1E-A3E0-448B-8C8F-22DDB12B5A43,https://api.robinhood.com/orders/62c87817-5685-417b-956c-ad670a9a8587/,https://api.robinhood.com/accounts/5SE25445/,fa785cc9-e75d-40e1-ad49-9dad4a009457,https://api.robinhood.com/positions/5SE25445/450dfc6d-5510-4d40-abfb-f633b7d9be3e/,,https://api.robinhood.com/instruments/450dfc6d-5510-4d40-abfb-f633b7d9be3e/,450dfc6d-5510-4d40-abfb-f633b7d9be3e,0.70000000,147.27140000,0.00,filled,filled,,market,buy,gfd,immediate,154.63000000,,0.70000000,,2022-07-08T18:31:51.417591Z,2022-07-08T18:31:51.925225Z,2022-07-08T18:31:51.645634Z,"[{'price': '147.27500000', 'quantity': '0.70000000', 'rounded_notional': '103.09000000', 'settlement_date': '2022-07-12', 'timestamp': '2022-07-08T18:31:51.645580Z', 'id': '62c87817-ed2a-4619-8bbf-599975ee67b0', 'ipo_access_execution_rank': None, 'trade_execution_date': None}]",False,regular_hours,False,False,,,,,,,,"{'amount': '108.25', 'currency_code': 'USD', 'currency_id': '1072fc76-1862-41ab-82c2-485837590762'}","{'amount': '103.09', 'currency_code': 'USD', 'currency_id': '1072fc76-1862-41ab-82c2-485837590762'}",,False,,,,,,False,True,False,True,0,,,0.0,user,False,,order_finalized,,
62c87800-53a9-45ad-8bb9-9e32012d8ffd,45BF997C-D16E-4096-9922-6A3E3C042AEB,https://api.robinhood.com/orders/62c87800-53a9-45ad-8bb9-9e32012d8ffd/,https://api.robinhood.com/accounts/5SE25445/,fa785cc9-e75d-40e1-ad49-9dad4a009457,https://api.robinhood.com/positions/5SE25445/f3acdd2f-6580-4c75-a69c-81481cc4c235/,,https://api.robinhood.com/instruments/f3acdd2f-6580-4c75-a69c-81481cc4c235/,f3acdd2f-6580-4c75-a69c-81481cc4c235,0.20000000,67.35000000,0.00,filled,filled,,market,buy,gfd,immediate,70.72000000,,0.20000000,,2022-07-08T18:31:28.887218Z,2022-07-08T18:31:29.363777Z,2022-07-08T18:31:29.087313Z,"[{'price': '67.36500000', 'quantity': '0.20000000', 'rounded_notional': '13.47000000', 'settlement_date': '2022-07-12', 'timestamp': '2022-07-08T18:31:29.087200Z', 'id': '62c87801-6b29-4d09-85a1-64746940d6f2', 'ipo_access_execution_rank': None, 'trade_execution_date': None}]",False,regular_hours,False,False,,,,,,,,"{'amount': '14.15', 'currency_code': 'USD', 'currency_id': '1072fc76-1862-41ab-82c2-485837590762'}","{'amount': '13.47', 'currency_code': 'USD', 'currency_id': '1072fc76-1862-41ab-82c2-485837590762'}",,False,,,,,,False,True,False,True,0,,,0.0,user,False,,order_finalized,,
62c877eb-572c-4098-b50c-5554b38be4d0,F2913B0B-F9E9-4B01-B171-E573842623F8,https://api.robinhood.com/orders/62c877eb-572c-4098-b50c-5554b38be4d0/,https://api.robinhood.com/accounts/5SE25445/,fa785cc9-e75d-40e1-ad49-9dad4a009457,https://api.robinhood.com/positions/5SE25445/79b7c6e2-1cad-4160-8ae4-ee43a8e50840/,,https://api.robinhood.com/instruments/79b7c6e2-1cad-4160-8ae4-ee43a8e50840/,79b7c6e2-1cad-4160-8ae4-ee43a8e50840,0.25000000,46.92000000,0.00,filled,filled,,market,buy,gfd,immediate,49.29000000,,0.25000000,,2022-07-08T18:31:07.115015Z,2022-07-08T18:31:07.657386Z,2022-07-08T18:31:07.369652Z,"[{'price': '46.93500000', 'quantity': '0.25000000', 'rounded_notional': '11.73000000', 'settlement_date': '2022-07-12', 'timestamp': '2022-07-08T18:31:07.369587Z', 'id': '62c877eb-13ab-4731-89f8-832bec960262', 'ipo_access_execution_rank': None, 'trade_execution_date': None}]",False,regular_hours,False,False,,,,,,,,"{'amount': '12.33', 'currency_code': 'USD', 'currency_id': '1072fc76-1862-41ab-82c2-485837590762'}","{'amount': '11.73', 'currency_code': 'USD', 'currency_id': '1072fc76-1862-41ab-82c2-485837590762'}",,False,,,,,,False,True,False,True,0,,,0.0,user,False,,order_finalized,,
62b49f73-7a5a-4cdc-a407-54a6dd3086d1,789F87EB-C39A-4764-B471-B9728F0122A1,https://api.robinhood.com/orders/62b49f73-7a5a-4cdc-a407-54a6dd3086d1/,https://api.robinhood.com/accounts/5SE25445/,fa785cc9-e75d-40e1-ad49-9dad4a009457,https://api.robinhood.com/positions/5SE25445/79b7c6e2-1cad-4160-8ae4-ee43a8e50840/,,https://api.robinhood.com/instruments/79b7c6e2-1cad-4160-8ae4-ee43a8e50840/,79b7c6e2-1cad-4160-8ae4-ee43a8e50840,0.53366500,42.10510000,0.00,filled,filled,,market,buy,gfd,immediate,44.21000000,,0.53366500,,2022-06-23T17:14:27.208829Z,2022-06-23T17:14:28.326215Z,2022-06-23T17:14:28.043751Z,"[{'price': '42.10500000', 'quantity': '0.53366500', 'rounded_notional': '22.47000000', 'settlement_date': '2022-06-27', 'timestamp': '2022-06-23T17:14:27.450000Z', 'id': '62b49f74-e4e8-44fe-b080-dfc9c8059a01', 'ipo_access_execution_rank': None, 'trade_execution_date': None}]",False,regular_hours,False,False,,,,,,"{'amount': '22.47000000', 'currency_code': 'USD', 'currency_id': '1072fc76-1862-41ab-82c2-485837590762'}",,"{'amount': '22.47', 'currency_code': 'USD', 'currency_id': '1072fc76-1862-41ab-82c2-485837590762'}","{'amount': '22.47', 'currency_code': 'USD', 'currency_id': '1072fc76-1862-41ab-82c2-485837590762'}",,False,,,,,,False,True,False,True,0,,,2.0,user,False,,order_finalized,,
62b49bdd-aa9c-4d95-8659-fc373a797826,4566F7D9-5DA7-4A10-8F56-0862143A7340,https://api.robinhood.com/orders/62b49bdd-aa9c-4d95-8659-fc373a797826/,https://api.robinhood.com/accounts/5SE25445/,fa785cc9-e75d-40e1-ad49-9dad4a009457,https://api.robinhood.com/positions/5SE25445/79b7c6e2-1cad-4160-8ae4-ee43a8e50840/,,https://api.robinhood.com/instruments/79b7c6e2-1cad-4160-8ae4-ee43a8e50840/,79b7c6e2-1cad-4160-8ae4-ee43a8e50840,0.52300000,42.06500000,0.00,filled,filled,,market,buy,gfd,immediate,44.16000000,,0.52300000,,2022-06-23T16:59:09.682101Z,2022-06-23T16:59:10.666985Z,2022-06-23T16:59:10.376651Z,"[{'price': '42.06700000', 'quantity': '0.52300000', 'rounded_notional': '22.00000000', 'settlement_date': '2022-06-27', 'timestamp': '2022-06-23T16:59:09.940000Z', 'id': '62b49bde-4338-4ab8-9b9c-10c4514e666a', 'ipo_access_execution_rank': None, 'trade_execution_date': None}]",False,regular_hours,False,False,,,,,,"{'amount': '22.00000000', 'currency_code': 'USD', 'currency_id': '1072fc76-1862-41ab-82c2-485837590762'}",,"{'amount': '22.00', 'currency_code': 'USD', 'currency_id': '1072fc76-1862-41ab-82c2-485837590762'}","{'amount': '22.00', 'currency_code': 'USD', 'currency_id': '1072fc76-1862-41ab-82c2-485837590762'}",,False,,,,,,False,True,False,True,0,,,2.0,user,False,,order_finalized,,
62b49bbb-4ee3-45fc-aa8d-35b2b8136b12,AB9340C7-30B6-4E70-8CA5-320620B136B3,https://api.robinhood.com/orders/62b49bbb-4ee3-45fc-aa8d-35b2b8136b12/,https://api.robinhood.com/accounts/5SE25445/,fa785cc9-e75d-40e1-ad49-9dad4a009457,https://api.robinhood.com/positions/5SE25445/8f92e76f-1e0e-4478-8580-16a6ffcfaef5/,,https://api.robinhood.com/instruments/8f92e76f-1e0e-4478-8580-16a6ffcfaef5/,8f92e76f-1e0e-4478-8580-16a6ffcfaef5,0.26769100,373.56500000,0.00,filled,filled,,market,buy,gfd,immediate,392.23000000,,0.26769100,,2022-06-23T16:58:35.677723Z,2022-06-23T16:58:36.838226Z,2022-06-23T16:58:36.540345Z,"[{'price': '373.57000000', 'quantity': '0.26769100', 'rounded_notional': '100.00000000', 'settlement_date': '2022-06-27', 'timestamp': '2022-06-23T16:58:36.093000Z', 'id': '62b49bbc-05a4-48a7-812e-1fb4be17ca2d', 'ipo_access_execution_rank': None, 'trade_execution_date': None}]",False,regular_hours,False,False,,,,,,"{'amount': '100.00000000', 'currency_code': 'USD', 'currency_id': '1072fc76-1862-41ab-82c2-485837590762'}",,"{'amount': '100.00', 'currency_code': 'USD', 'currency_id': '1072fc76-1862-41ab-82c2-485837590762'}","{'amount': '100.00', 'currency_code': 'USD', 'currency_id': '1072fc76-1862-41ab-82c2-485837590762'}",,False,,,,,,False,True,False,True,0,,,2.0,user,False,,order_finalized,,
62b49b59-fa92-4f71-8f55-f639ee73168c,7A8A1603-6565-4885-9CB7-838AC4F9DC49,https://api.robinhood.com/orders/62b49b59-fa92-4f71-8f55-f639ee73168c/,https://api.robinhood.com/accounts/5SE25445/,fa785cc9-e75d-40e1-ad49-9dad4a009457,https://api.robinhood.com/positions/5SE25445/a44cd39c-92c2-4f4e-b965-1038c9a1a0c7/,,https://api.robinhood.com/instruments/a44cd39c-92c2-4f4e-b965-1038c9a1a0c7/,a44cd39c-92c2-4f4e-b965-1038c9a1a0c7,0.14219400,175.81610000,0.00,filled,filled,,market,buy,gfd,immediate,184.76000000,,0.14219400,,2022-06-23T16:56:57.684917Z,2022-06-23T16:56:58.174789Z,2022-06-23T16:56:57.891561Z,"[{'price': '175.81500000', 'quantity': '0.14219400', 'rounded_notional': '25.00000000', 'settlement_date': '2022-06-27', 'timestamp': '2022-06-23T16:56:57.891512Z', 'id': '62b49b59-9e26-457b-8276-9102ed3f61dc', 'ipo_access_execution_rank': None, 'trade_execution_date': None}]",False,regular_hours,False,False,,,,,,"{'amount': '25.00000000', 'currency_code': 'USD', 'currency_id': '1072fc76-1862-41ab-82c2-485837590762'}",,"{'amount': '25.00', 'currency_code': 'USD', 'currency_id': '1072fc76-1862-41ab-82c2-485837590762'}","{'amount': '25.00', 'currency_code': 'USD', 'currency_id': '1072fc76-1862-41ab-82c2-485837590762'}",,False,,,,,,False,True,False,True,0,,,0.0,user,False,,order_finalized,,
62b49adc-7337-4880-81b5-0fa238dc6d41,AE779783-6B76-4F86-B650-FEB3160C17AE,https://api.robinhood.com/orders/62b49adc-7337-4880-81b5-0fa238dc6d41/,https://api.robinhood.com/accounts/5SE25445/,fa785cc9-e75d-40e1-ad49-9dad4a009457,https://api.robinhood.com/positions/5SE25445/900c67cd-c655-45af-a041-011074f6df73/,,https://api.robinhood.com/instruments/900c67cd-c655-45af-a041-011074f6df73/,900c67cd-c655-45af-a041-011074f6df73,0.51124700,48.90000000,0.00,filled,filled,,market,buy,gfd,immediate,51.34000000,,0.51124700,,2022-06-23T16:54:52.107696Z,2022-06-23T16:54:52.666404Z,2022-06-23T16:54:52.385793Z,"[{'price': '48.90000000', 'quantity': '0.51124700', 'rounded_notional': '25.00000000', 'settlement_date': '2022-06-27', 'timestamp': '2022-06-23T16:54:52.385715Z', 'id': '62b49adc-d894-4b3e-b61f-9c789f4b767a', 'ipo_access_execution_rank': None, 'trade_execution_date': None}]",False,regular_hours,False,False,,,,,,"{'amount': '25.00000000', 'currency_code': 'USD', 'currency_id': '1072fc76-1862-41ab-82c2-485837590762'}",,"{'amount': '25.00', 'currency_code': 'USD', 'currency_id': '1072fc76-1862-41ab-82c2-485837590762'}","{'amount': '25.00', 'currency_code': 'USD', 'currency_id': '1072fc76-1862-41ab-82c2-485837590762'}",,False,,,,,,False,True,False,True,0,,,0.0,user,False,,order_finalized,,
62b49a3e-cd52-4e7a-a014-e18349012d38,500CF9DA-C1A1-456B-9FC8-5F43734225C8,https://api.robinhood.com/orders/62b49a3e-cd52-4e7a-a014-e18349012d38/,https://api.robinhood.com/accounts/5SE25445/,fa785cc9-e75d-40e1-ad49-9dad4a009457,https://api.robinhood.com/positions/5SE25445/2868168f-8ece-49a8-b0e5-4231f0c8716f/,,https://api.robinhood.com/instruments/2868168f-8ece-49a8-b0e5-4231f0c8716f/,2868168f-8ece-49a8-b0e5-4231f0c8716f,0.23790200,105.08530000,0.00,filled,filled,,market,buy,gfd,immediate,110.36000000,,0.23790200,,2022-06-23T16:52:14.104939Z,2022-06-23T16:52:14.623672Z,2022-06-23T16:52:14.336899Z,"[{'price': '105.08500000', 'quantity': '0.23790200', 'rounded_notional': '25.00000000', 'settlement_date': '2022-06-27', 'timestamp': '2022-06-23T16:52:14.336851Z', 'id': '62b49a3e-f5d7-4db9-b3b4-529d2cb48a66', 'ipo_access_execution_rank': None, 'trade_execution_date': None}]",False,regular_hours,False,False,,,,,,"{'amount': '25.00000000', 'currency_code': 'USD', 'currency_id': '1072fc76-1862-41ab-82c2-485837590762'}",,"{'amount': '25.00', 'currency_code': 'USD', 'currency_id': '1072fc76-1862-41ab-82c2-485837590762'}","{'amount': '25.00', 'currency_code': 'USD', 'currency_id': '1072fc76-1862-41ab-82c2-485837590762'}",,False,,,,,,False,True,False,True,0,,,0.0,user,False,,order_finalized,,
62b4986e-4f82-426b-a31d-60a3ef3f247b,B1841596-27B4-4C56-B513-975B3F3528F5,https://api.robinhood.com/orders/62b4986e-4f82-426b-a31d-60a3ef3f247b/,https://api.robinhood.com/accounts/5SE25445/,fa785cc9-e75d-40e1-ad49-9dad4a009457,https://api.robinhood.com/positions/5SE25445/943c5009-a0bb-4665-8cf4-a95dab5874e4/,,https://api.robinhood.com/instruments/943c5009-a0bb-4665-8cf4-a95dab5874e4/,943c5009-a0bb-4665-8cf4-a95dab5874e4,0.02240600,2231.54510000,0.00,filled,filled,,market,buy,gfd,immediate,2344.42000000,,0.02240600,,2022-06-23T16:44:30.725095Z,2022-06-23T16:44:31.202144Z,2022-06-23T16:44:30.925120Z,"[{'price': '2231.46500000', 'quantity': '0.02240600', 'rounded_notional': '50.00000000', 'settlement_date': '2022-06-27', 'timestamp': '2022-06-23T16:44:30.925064Z', 'id': '62b4986e-bd3c-4de6-84f6-1b3c91b3db79', 'ipo_access_execution_rank': None, 'trade_execution_date': None}]",False,regular_hours,False,False,,,,,,"{'amount': '50.00000000', 'currency_code': 'USD', 'currency_id': '1072fc76-1862-41ab-82c2-485837590762'}",,"{'amount': '50.00', 'currency_code': 'USD', 'currency_id': '1072fc76-1862-41ab-82c2-485837590762'}","{'amount': '50.00', 'currency_code': 'USD', 'currency_id': '1072fc76-1862-41ab-82c2-485837590762'}",,False,,,,,,False,True,False,True,0,,,0.0,user,False,,order_finalized,,
62ab5867-230b-4b9e-9a65-d3574d81281c,FD50E357-A1BA-40D1-9EA4-452A0510A72D,https://api.robinhood.com/orders/62ab5867-230b-4b9e-9a65-d3574d81281c/,https://api.robinhood.com/accounts/5SE25445/,fa785cc9-e75d-40e1-ad49-9dad4a009457,https://api.robinhood.com/positions/5SE25445/79b7c6e2-1cad-4160-8ae4-ee43a8e50840/,,https://api.robinhood.com/instruments/79b7c6e2-1cad-4160-8ae4-ee43a8e50840/,79b7c6e2-1cad-4160-8ae4-ee43a8e50840,2.15372100,37.14500000,0.00,filled,filled,,market,buy,gfd,immediate,38.96000000,,2.15372100,,2022-06-16T16:20:55.800416Z,2022-06-16T16:20:57.708478Z,2022-06-16T16:20:56.649741Z,"[{'price': '37.14500000', 'quantity': '2.15372100', 'rounded_notional': '80.00000000', 'settlement_date': '2022-06-21', 'timestamp': '2022-06-16T16:20:56.123000Z', 'id': '62ab5868-801a-4dce-8dfa-a216ad9832e7', 'ipo_access_execution_rank': None, 'trade_execution_date': None}]",False,regular_hours,False,False,,,,,,"{'amount': '80.00000000', 'currency_code': 'USD', 'currency_id': '1072fc76-1862-41ab-82c2-485837590762'}",,"{'amount': '80.00', 'currency_code': 'USD', 'currency_id': '1072fc76-1862-41ab-82c2-485837590762'}","{'amount': '80.00', 'currency_code': 'USD', 'currency_id': '1072fc76-1862-41ab-82c2-485837590762'}",,False,,,,,,False,True,False,True,0,,,2.0,user,False,,order_finalized,,
62ab5853-9cab-4890-8c47-a6cffd19dc0b,58DCD039-EC9C-4CEF-9A4A-36C21A9A13FE,https://api.robinhood.com/orders/62ab5853-9cab-4890-8c47-a6cffd19dc0b/,https://api.robinhood.com/accounts/5SE25445/,fa785cc9-e75d-40e1-ad49-9dad4a009457,https://api.robinhood.com/positions/5SE25445/79b7c6e2-1cad-4160-8ae4-ee43a8e50840/,,https://api.robinhood.com/instruments/79b7c6e2-1cad-4160-8ae4-ee43a8e50840/,79b7c6e2-1cad-4160-8ae4-ee43a8e50840,0.53973800,37.05500000,0.00,filled,filled,,market,buy,gfd,immediate,38.90000000,,0.53973800,,2022-06-16T16:20:35.193383Z,2022-06-16T16:20:36.181683Z,2022-06-16T16:20:35.404791Z,"[{'price': '37.05500000', 'quantity': '0.53973800', 'rounded_notional': '20.00000000', 'settlement_date': '2022-06-21', 'timestamp': '2022-06-16T16:20:35.404667Z', 'id': '62ab5853-a12d-46bf-8b7c-2662a3b8674b', 'ipo_access_execution_rank': None, 'trade_execution_date': None}]",False,regular_hours,False,False,,,,,,"{'amount': '20.00000000', 'currency_code': 'USD', 'currency_id': '1072fc76-1862-41ab-82c2-485837590762'}",,"{'amount': '20.00', 'currency_code': 'USD', 'currency_id': '1072fc76-1862-41ab-82c2-485837590762'}","{'amount': '20.00', 'currency_code': 'USD', 'currency_id': '1072fc76-1862-41ab-82c2-485837590762'}",,False,,,,,,False,True,False,True,0,,,0.0,user,False,,order_finalized,,
62ab581a-8c01-4790-89b1-86b104f46938,B1A7777F-082F-416E-B65C-72D861BB1730,https://api.robinhood.com/orders/62ab581a-8c01-4790-89b1-86b104f46938/,https://api.robinhood.com/accounts/5SE25445/,fa785cc9-e75d-40e1-ad49-9dad4a009457,https://api.robinhood.com/positions/5SE25445/6df56bd0-0bf2-44ab-8875-f94fd8526942/,,https://api.robinhood.com/instruments/6df56bd0-0bf2-44ab-8875-f94fd8526942/,6df56bd0-0bf2-44ab-8875-f94fd8526942,1.06142300,11.30560000,0.00,filled,filled,,market,buy,gfd,immediate,11.88000000,,1.06142300,,2022-06-16T16:19:38.736369Z,2022-06-16T16:19:40.605989Z,2022-06-16T16:19:39.741172Z,"[{'price': '11.31500000', 'quantity': '0.06053900', 'rounded_notional': '0.68000000', 'settlement_date': '2022-06-21', 'timestamp': '2022-06-16T16:19:38.952326Z', 'id': '62ab581a-6c49-4d43-8e68-9b2160b3d4c2', 'ipo_access_execution_rank': None, 'trade_execution_date': None}, {'price': '11.31000000', 'quantity': '1.00000000', 'rounded_notional': '11.31000000', 'settlement_date': '2022-06-21', 'timestamp': '2022-06-16T16:19:39.064000Z', 'id': '62ab581b-6646-4371-bb17-8c724446a7a3', 'ipo_access_execution_rank': None, 'trade_execution_date': None}, {'price': '11.31000000', 'quantity': '0.00088400', 'rounded_notional': '0.01000000', 'settlement_date': '2022-06-21', 'timestamp': '2022-06-16T16:19:39.064000Z', 'id': '62ab581b-2ba9-47e4-b76c-febac0b7976c', 'ipo_access_execution_rank': None, 'trade_execution_date': None}]",False,regular_hours,False,False,,,,,,"{'amount': '12.00000000', 'currency_code': 'USD', 'currency_id': '1072fc76-1862-41ab-82c2-485837590762'}",,"{'amount': '12.00', 'currency_code': 'USD', 'currency_id': '1072fc76-1862-41ab-82c2-485837590762'}","{'amount': '12.00', 'currency_code': 'USD', 'currency_id': '1072fc76-1862-41ab-82c2-485837590762'}",,False,,,,,,False,True,False,True,0,,,2.0,user,False,,order_finalized,,
62ab5804-cc24-46df-8d47-c86f889eac73,C443CA06-1B8D-4FA5-B0A9-85D56A14E1B4,https://api.robinhood.com/orders/62ab5804-cc24-46df-8d47-c86f889eac73/,https://api.robinhood.com/accounts/5SE25445/,fa785cc9-e75d-40e1-ad49-9dad4a009457,https://api.robinhood.com/positions/5SE25445/64d5a963-a646-4ae7-9532-1f18bf523d5f/,,https://api.robinhood.com/instruments/64d5a963-a646-4ae7-9532-1f18bf523d5f/,64d5a963-a646-4ae7-9532-1f18bf523d5f,0.49250900,24.36500000,0.00,filled,filled,,market,buy,gfd,immediate,25.58000000,,0.49250900,,2022-06-16T16:19:16.630591Z,2022-06-16T16:19:17.573697Z,2022-06-16T16:19:16.885913Z,"[{'price': '24.36500000', 'quantity': '0.49250900', 'rounded_notional': '12.00000000', 'settlement_date': '2022-06-21', 'timestamp': '2022-06-16T16:19:16.885865Z', 'id': '62ab5804-5159-4d93-b882-015e1ec81208', 'ipo_access_execution_rank': None, 'trade_execution_date': None}]",False,regular_hours,False,False,,,,,,"{'amount': '12.00000000', 'currency_code': 'USD', 'currency_id': '1072fc76-1862-41ab-82c2-485837590762'}",,"{'amount': '12.00', 'currency_code': 'USD', 'currency_id': '1072fc76-1862-41ab-82c2-485837590762'}","{'amount': '12.00', 'currency_code': 'USD', 'currency_id': '1072fc76-1862-41ab-82c2-485837590762'}",,False,,,,,,False,True,False,True,0,,,0.0,user,False,,order_finalized,,
62ab57cb-6c58-4454-8be8-2eaaaadb91fa,53596A52-0586-4E75-85A1-22DF5D820E1A,https://api.robinhood.com/orders/62ab57cb-6c58-4454-8be8-2eaaaadb91fa/,https://api.robinhood.com/accounts/5SE25445/,fa785cc9-e75d-40e1-ad49-9dad4a009457,https://api.robinhood.com/positions/5SE25445/c0bb3aec-bd1e-471e-a4f0-ca011cbec711/,,https://api.robinhood.com/instruments/c0bb3aec-bd1e-471e-a4f0-ca011cbec711/,c0bb3aec-bd1e-471e-a4f0-ca011cbec711,0.48482400,103.13020000,0.00,filled,filled,,market,buy,gfd,immediate,108.24000000,,0.48482400,,2022-06-16T16:18:19.385492Z,2022-06-16T16:18:20.492631Z,2022-06-16T16:18:19.652788Z,"[{'price': '103.13000000', 'quantity': '0.48482400', 'rounded_notional': '50.00000000', 'settlement_date': '2022-06-21', 'timestamp': '2022-06-16T16:18:19.652738Z', 'id': '62ab57cb-73d5-49d8-b54e-1e6545f19d60', 'ipo_access_execution_rank': None, 'trade_execution_date': None}]",False,regular_hours,False,False,,,,,,"{'amount': '50.00000000', 'currency_code': 'USD', 'currency_id': '1072fc76-1862-41ab-82c2-485837590762'}",,"{'amount': '50.00', 'currency_code': 'USD', 'currency_id': '1072fc76-1862-41ab-82c2-485837590762'}","{'amount': '50.00', 'currency_code': 'USD', 'currency_id': '1072fc76-1862-41ab-82c2-485837590762'}",,False,,,,,,False,True,False,True,0,,,0.0,user,False,,order_finalized,,
62ab578d-471b-4799-8039-ae221e3c90eb,33528DDD-5542-41F0-9090-301D8D5A4DA6,https://api.robinhood.com/orders/62ab578d-471b-4799-8039-ae221e3c90eb/,https://api.robinhood.com/accounts/5SE25445/,fa785cc9-e75d-40e1-ad49-9dad4a009457,https://api.robinhood.com/positions/5SE25445/450dfc6d-5510-4d40-abfb-f633b7d9be3e/,,https://api.robinhood.com/instruments/450dfc6d-5510-4d40-abfb-f633b7d9be3e/,450dfc6d-5510-4d40-abfb-f633b7d9be3e,0.38395000,130.22530000,0.00,filled,filled,,market,buy,gfd,immediate,136.75000000,,0.38395000,,2022-06-16T16:17:17.302878Z,2022-06-16T16:17:17.895804Z,2022-06-16T16:17:17.460562Z,"[{'price': '130.22500000', 'quantity': '0.38395000', 'rounded_notional': '50.00000000', 'settlement_date': '2022-06-21', 'timestamp': '2022-06-16T16:17:17.460511Z', 'id': '62ab578d-5b30-42fb-abbd-cee4bfad2cef', 'ipo_access_execution_rank': None, 'trade_execution_date': None}]",False,regular_hours,False,False,,,,,,"{'amount': '50.00000000', 'currency_code': 'USD', 'currency_id': '1072fc76-1862-41ab-82c2-485837590762'}",,"{'amount': '50.00', 'currency_code': 'USD', 'currency_id': '1072fc76-1862-41ab-82c2-485837590762'}","{'amount': '50.00', 'currency_code': 'USD', 'currency_id': '1072fc76-1862-41ab-82c2-485837590762'}",,False,,,,,,False,True,False,True,0,,,0.0,user,False,,order_finalized,,
62ab55ea-38ab-457e-831a-607fce31de6f,8B7137B6-01AA-4C6A-9C0A-5F49E2EFFD34,https://api.robinhood.com/orders/62ab55ea-38ab-457e-831a-607fce31de6f/,https://api.robinhood.com/accounts/5SE25445/,fa785cc9-e75d-40e1-ad49-9dad4a009457,https://api.robinhood.com/positions/5SE25445/f3acdd2f-6580-4c75-a69c-81481cc4c235/,,https://api.robinhood.com/instruments/f3acdd2f-6580-4c75-a69c-81481cc4c235/,f3acdd2f-6580-4c75-a69c-81481cc4c235,0.86340800,57.91000000,0.00,filled,filled,,market,buy,gfd,immediate,60.79000000,,0.86340800,,2022-06-16T16:10:18.179911Z,2022-06-16T16:10:19.660514Z,2022-06-16T16:10:19.103401Z,"[{'price': '57.91000000', 'quantity': '0.86340800', 'rounded_notional': '50.00000000', 'settlement_date': '2022-06-21', 'timestamp': '2022-06-16T16:10:18.474000Z', 'id': '62ab55eb-dde3-4fd8-b035-8668dd556c69', 'ipo_access_execution_rank': None, 'trade_execution_date': None}]",False,regular_hours,False,False,,,,,,"{'amount': '50.00000000', 'currency_code': 'USD', 'currency_id': '1072fc76-1862-41ab-82c2-485837590762'}",,"{'amount': '50.00', 'currency_code': 'USD', 'currency_id': '1072fc76-1862-41ab-82c2-485837590762'}","{'amount': '50.00', 'currency_code': 'USD', 'currency_id': '1072fc76-1862-41ab-82c2-485837590762'}",,False,,,,,,False,True,False,True,0,,,2.0,user,False,,order_finalized,,
62a8db99-8efe-47be-84be-248a6bd0615c,8CDBE597-6F77-4955-86AB-0A600071C065,https://api.robinhood.com/orders/62a8db99-8efe-47be-84be-248a6bd0615c/,https://api.robinhood.com/accounts/5SE25445/,fa785cc9-e75d-40e1-ad49-9dad4a009457,https://api.robinhood.com/positions/5SE25445/f3acdd2f-6580-4c75-a69c-81481cc4c235/,,https://api.robinhood.com/instruments/f3acdd2f-6580-4c75-a69c-81481cc4c235/,f3acdd2f-6580-4c75-a69c-81481cc4c235,0.93625500,60.00500000,0.00,filled,filled,,market,buy,gfd,immediate,63.05000000,,0.93625500,,2022-06-14T19:03:53.418245Z,2022-06-14T19:03:55.242432Z,2022-06-14T19:03:54.332709Z,"[{'price': '60.00920000', 'quantity': '0.93625500', 'rounded_notional': '56.18000000', 'settlement_date': '2022-06-16', 'timestamp': '2022-06-14T19:03:53.653000Z', 'id': '62a8db9a-fb83-40f6-98da-1afc0f8193fe', 'ipo_access_execution_rank': None, 'trade_execution_date': None}]",False,regular_hours,False,False,,,,,,"{'amount': '56.18000000', 'currency_code': 'USD', 'currency_id': '1072fc76-1862-41ab-82c2-485837590762'}",,"{'amount': '56.18', 'currency_code': 'USD', 'currency_id': '1072fc76-1862-41ab-82c2-485837590762'}","{'amount': '56.18', 'currency_code': 'USD', 'currency_id': '1072fc76-1862-41ab-82c2-485837590762'}",,False,,,,,,False,True,False,True,0,,,2.0,user,False,,order_finalized,,
62a3af6a-12a5-45e0-947e-a3a2f01745bd,9BB20523-6FC5-446E-9EBB-FA99CACADD5A,https://api.robinhood.com/orders/62a3af6a-12a5-45e0-947e-a3a2f01745bd/,https://api.robinhood.com/accounts/5SE25445/,fa785cc9-e75d-40e1-ad49-9dad4a009457,https://api.robinhood.com/positions/5SE25445/f3acdd2f-6580-4c75-a69c-81481cc4c235/,,https://api.robinhood.com/instruments/f3acdd2f-6580-4c75-a69c-81481cc4c235/,f3acdd2f-6580-4c75-a69c-81481cc4c235,0.00000000,,0.00,cancelled,cancelled,,market,buy,gfd,immediate,75.79000000,,0.97123600,,2022-06-10T20:54:02.294519Z,2022-06-10T21:04:04.592935Z,2022-06-10T21:04:04.287656Z,[],False,regular_hours,False,False,,,,,,"{'amount': '73.61000000', 'currency_code': 'USD', 'currency_id': '1072fc76-1862-41ab-82c2-485837590762'}",,"{'amount': '73.61', 'currency_code': 'USD', 'currency_id': '1072fc76-1862-41ab-82c2-485837590762'}",,,False,user,,,,,False,True,False,True,0,,,1.0,user,False,,order_finalized,,
61cb440a-3daf-4ace-9cb6-7b2b1c648143,1E5979DE-9CA2-48FB-AF3F-49E659CFD61F,https://api.robinhood.com/orders/61cb440a-3daf-4ace-9cb6-7b2b1c648143/,https://api.robinhood.com/accounts/5SE25445/,fa785cc9-e75d-40e1-ad49-9dad4a009457,https://api.robinhood.com/positions/5SE25445/1bd0c248-ad06-413d-99ae-9baaaa3acd06/,,https://api.robinhood.com/instruments/1bd0c248-ad06-413d-99ae-9baaaa3acd06/,1bd0c248-ad06-413d-99ae-9baaaa3acd06,22.90449600,12.47090000,0.00,filled,filled,,market,sell,gfd,immediate,,,22.90449600,,2021-12-28T17:06:18.766890Z,2021-12-28T17:06:20.716989Z,2021-12-28T17:06:19.925108Z,"[{'price': '12.47080000', 'quantity': '22.90449600', 'rounded_notional': '285.64000000', 'settlement_date': '2021-12-30', 'timestamp': '2021-12-28T17:06:19.275000Z', 'id': '61cb440b-8603-433b-902e-75e5ec7d3859', 'ipo_access_execution_rank': None, 'trade_execution_date': None}]",False,regular_hours,False,False,,,,,,,,,"{'amount': '285.64', 'currency_code': 'USD', 'currency_id': '1072fc76-1862-41ab-82c2-485837590762'}",,False,,,,,,False,True,False,True,0,,,2.0,user,False,,order_finalized,,
61cb43fc-016a-4519-994c-f874607995f0,8BDECC79-7B9C-41B8-99EB-6B6F28F1A2B2,https://api.robinhood.com/orders/61cb43fc-016a-4519-994c-f874607995f0/,https://api.robinhood.com/accounts/5SE25445/,fa785cc9-e75d-40e1-ad49-9dad4a009457,https://api.robinhood.com/positions/5SE25445/b2e06903-5c44-46a4-bd42-2a696f9d68e1/,,https://api.robinhood.com/instruments/b2e06903-5c44-46a4-bd42-2a696f9d68e1/,b2e06903-5c44-46a4-bd42-2a696f9d68e1,1.59453000,114.71090000,0.00,filled,filled,,market,sell,gfd,immediate,,,1.59453000,,2021-12-28T17:06:04.141489Z,2021-12-28T17:06:05.698466Z,2021-12-28T17:06:05.253556Z,"[{'price': '114.71260000', 'quantity': '1.59453000', 'rounded_notional': '182.91000000', 'settlement_date': '2021-12-30', 'timestamp': '2021-12-28T17:06:04.681000Z', 'id': '61cb43fd-5a9b-4fcd-bf5d-8989e56f78a6', 'ipo_access_execution_rank': None, 'trade_execution_date': None}]",False,regular_hours,False,False,,,,,,,,,"{'amount': '182.91', 'currency_code': 'USD', 'currency_id': '1072fc76-1862-41ab-82c2-485837590762'}",,False,,,,,,False,True,False,True,0,,,2.0,user,False,,order_finalized,,
61cb43eb-a6ba-46d9-8243-85844e9bf1d0,209841CC-2390-40EA-8589-B2F5D49F7C5A,https://api.robinhood.com/orders/61cb43eb-a6ba-46d9-8243-85844e9bf1d0/,https://api.robinhood.com/accounts/5SE25445/,fa785cc9-e75d-40e1-ad49-9dad4a009457,https://api.robinhood.com/positions/5SE25445/330579a8-907e-49d2-97a7-92a8d1a20088/,,https://api.robinhood.com/instruments/330579a8-907e-49d2-97a7-92a8d1a20088/,330579a8-907e-49d2-97a7-92a8d1a20088,57.58237700,2.87400000,0.01,filled,filled,,market,sell,gfd,immediate,,,57.58237700,,2021-12-28T17:05:47.715141Z,2021-12-28T17:05:49.178283Z,2021-12-28T17:05:48.516086Z,"[{'price': '2.87400000', 'quantity': '57.58237700', 'rounded_notional': '165.49000000', 'settlement_date': '2021-12-30', 'timestamp': '2021-12-28T17:05:48.015000Z', 'id': '61cb43ec-8b06-4432-ad9a-22a6f7369487', 'ipo_access_execution_rank': None, 'trade_execution_date': None}]",False,regular_hours,False,False,,,,,,,,,"{'amount': '165.49', 'currency_code': 'USD', 'currency_id': '1072fc76-1862-41ab-82c2-485837590762'}",,False,,,,,,False,True,False,True,0,,,2.0,user,False,,order_finalized,,
61cb43d8-23dc-4dc3-bdc9-3f142d3083cb,698C8ED8-A976-457F-AE1F-3A76A635CA1C,https://api.robinhood.com/orders/61cb43d8-23dc-4dc3-bdc9-3f142d3083cb/,https://api.robinhood.com/accounts/5SE25445/,fa785cc9-e75d-40e1-ad49-9dad4a009457,https://api.robinhood.com/positions/5SE25445/f3acdd2f-6580-4c75-a69c-81481cc4c235/,,https://api.robinhood.com/instruments/f3acdd2f-6580-4c75-a69c-81481cc4c235/,f3acdd2f-6580-4c75-a69c-81481cc4c235,0.29725600,164.70650000,0.00,filled,filled,,market,sell,gfd,immediate,,,0.29725600,,2021-12-28T17:05:28.094404Z,2021-12-28T17:05:28.653039Z,2021-12-28T17:05:28.297821Z,"[{'price': '164.71000000', 'quantity': '0.29725600', 'rounded_notional': '48.96000000', 'settlement_date': '2021-12-30', 'timestamp': '2021-12-28T17:05:28.297804Z', 'id': '61cb43d8-0a81-4595-ab9b-31dca7668f39', 'ipo_access_execution_rank': None, 'trade_execution_date': None}]",False,regular_hours,False,False,,,,,,,,,"{'amount': '48.96', 'currency_code': 'USD', 'currency_id': '1072fc76-1862-41ab-82c2-485837590762'}",,False,,,,,,False,True,False,True,0,,,0.0,user,False,,order_finalized,,
61bb63e8-3b9d-4d50-9d39-fb29a9f1b5df,7C0EF8D7-B669-47EA-A67B-E3F0274B3F80,https://api.robinhood.com/orders/61bb63e8-3b9d-4d50-9d39-fb29a9f1b5df/,https://api.robinhood.com/accounts/5SE25445/,fa785cc9-e75d-40e1-ad49-9dad4a009457,https://api.robinhood.com/positions/5SE25445/b2e06903-5c44-46a4-bd42-2a696f9d68e1/,,https://api.robinhood.com/instruments/b2e06903-5c44-46a4-bd42-2a696f9d68e1/,b2e06903-5c44-46a4-bd42-2a696f9d68e1,0.41670100,119.99010000,0.00,filled,filled,,market,buy,gfd,immediate,126.07000000,,0.41670100,,2021-12-16T16:06:00.851343Z,2021-12-16T16:06:01.524867Z,2021-12-16T16:06:01.081751Z,"[{'price': '119.99000000', 'quantity': '0.41670100', 'rounded_notional': '50.00000000', 'settlement_date': '2021-12-20', 'timestamp': '2021-12-16T16:06:01.081720Z', 'id': '61bb63e9-c31a-481d-9247-1610b7c13114', 'ipo_access_execution_rank': None, 'trade_execution_date': None}]",False,regular_hours,False,False,,,,,,"{'amount': '50.00000000', 'currency_code': 'USD', 'currency_id': '1072fc76-1862-41ab-82c2-485837590762'}",,"{'amount': '50.00', 'currency_code': 'USD', 'currency_id': '1072fc76-1862-41ab-82c2-485837590762'}","{'amount': '50.00', 'currency_code': 'USD', 'currency_id': '1072fc76-1862-41ab-82c2-485837590762'}",,False,,,,,,False,True,False,True,0,,,0.0,user,False,,order_finalized,,
61b7f647-8f68-4a6a-ae18-1970932297b4,,https://api.robinhood.com/orders/61b7f647-8f68-4a6a-ae18-1970932297b4/,https://api.robinhood.com/accounts/5SE25445/,fa785cc9-e75d-40e1-ad49-9dad4a009457,https://api.robinhood.com/positions/5SE25445/1bd0c248-ad06-413d-99ae-9baaaa3acd06/,,https://api.robinhood.com/instruments/1bd0c248-ad06-413d-99ae-9baaaa3acd06/,1bd0c248-ad06-413d-99ae-9baaaa3acd06,0.18760300,12.10000000,0.00,filled,filled,,market,buy,gtc,immediate,12.43000000,,0.18760300,,2021-12-14T01:41:27.147682Z,2021-12-14T14:32:02.245969Z,2021-12-14T14:30:00.749000Z,"[{'price': '12.10000000', 'quantity': '0.18760300', 'rounded_notional': '2.27000000', 'settlement_date': '2021-12-16', 'timestamp': '2021-12-14T14:30:00.749000Z', 'id': 'd3f3fbf9-dc9d-4ed5-9a8f-8bce410bbac8', 'ipo_access_execution_rank': None, 'trade_execution_date': None}]",False,regular_hours,False,True,,,,,,"{'amount': '2.27000000', 'currency_code': 'USD', 'currency_id': '1072fc76-1862-41ab-82c2-485837590762'}",8c88fdad-6678-496c-b564-15f35350e070,"{'amount': '2.27', 'currency_code': 'USD', 'currency_id': '1072fc76-1862-41ab-82c2-485837590762'}","{'amount': '2.27', 'currency_code': 'USD', 'currency_id': '1072fc76-1862-41ab-82c2-485837590762'}",,False,,,,,,False,True,False,True,0,,,1.0,drip,False,,order_finalized,,
61ae6c00-3bf5-41c5-bb04-6d9efb03b9ba,97FC4559-AAC9-41D0-9D10-19BA8C9E11FB,https://api.robinhood.com/orders/61ae6c00-3bf5-41c5-bb04-6d9efb03b9ba/,https://api.robinhood.com/accounts/5SE25445/,fa785cc9-e75d-40e1-ad49-9dad4a009457,https://api.robinhood.com/positions/5SE25445/f3acdd2f-6580-4c75-a69c-81481cc4c235/,,https://api.robinhood.com/instruments/f3acdd2f-6580-4c75-a69c-81481cc4c235/,f3acdd2f-6580-4c75-a69c-81481cc4c235,0.29725600,177.86020000,0.00,filled,filled,,market,buy,gfd,immediate,187.02000000,,0.29725600,,2021-12-06T20:01:04.514192Z,2021-12-06T20:01:05.970849Z,2021-12-06T20:01:05.483594Z,"[{'price': '177.85980000', 'quantity': '0.29725600', 'rounded_notional': '52.87000000', 'settlement_date': '2021-12-08', 'timestamp': '2021-12-06T20:01:04.814000Z', 'id': '61ae6c01-67b0-48b8-bb9d-179a1d911c97', 'ipo_access_execution_rank': None, 'trade_execution_date': None}]",False,regular_hours,False,False,,,,,,"{'amount': '52.87000000', 'currency_code': 'USD', 'currency_id': '1072fc76-1862-41ab-82c2-485837590762'}",,"{'amount': '52.87', 'currency_code': 'USD', 'currency_id': '1072fc76-1862-41ab-82c2-485837590762'}","{'amount': '52.87', 'currency_code': 'USD', 'currency_id': '1072fc76-1862-41ab-82c2-485837590762'}",,False,,,,,,False,True,False,True,0,,,2.0,user,False,,order_finalized,,
61968467-a9ae-4efd-a57e-1088724c3a0e,60B60EA1-1254-459A-B612-E856AE6DA1EB,https://api.robinhood.com/orders/61968467-a9ae-4efd-a57e-1088724c3a0e/,https://api.robinhood.com/accounts/5SE25445/,fa785cc9-e75d-40e1-ad49-9dad4a009457,https://api.robinhood.com/positions/5SE25445/b2e06903-5c44-46a4-bd42-2a696f9d68e1/,,https://api.robinhood.com/instruments/b2e06903-5c44-46a4-bd42-2a696f9d68e1/,b2e06903-5c44-46a4-bd42-2a696f9d68e1,0.34282900,145.84530000,0.00,filled,filled,,market,buy,gfd,immediate,153.14000000,,0.34282900,,2021-11-18T16:50:47.516984Z,2021-11-18T16:50:47.884661Z,2021-11-18T16:50:47.645484Z,"[{'price': '145.84500000', 'quantity': '0.34282900', 'rounded_notional': '50.00000000', 'settlement_date': '2021-11-22', 'timestamp': '2021-11-18T16:50:47.645448Z', 'id': '61968467-e930-4417-91af-5c490e115f71', 'ipo_access_execution_rank': None, 'trade_execution_date': None}]",False,regular_hours,False,False,,,,,,"{'amount': '50.00000000', 'currency_code': 'USD', 'currency_id': '1072fc76-1862-41ab-82c2-485837590762'}",,"{'amount': '50.00', 'currency_code': 'USD', 'currency_id': '1072fc76-1862-41ab-82c2-485837590762'}","{'amount': '50.00', 'currency_code': 'USD', 'currency_id': '1072fc76-1862-41ab-82c2-485837590762'}",,False,,,,,,False,True,False,True,0,,,0.0,user,False,,order_finalized,,
618f1bcf-9c14-4ac0-a16f-3a2303d622d8,,https://api.robinhood.com/orders/618f1bcf-9c14-4ac0-a16f-3a2303d622d8/,https://api.robinhood.com/accounts/5SE25445/,fa785cc9-e75d-40e1-ad49-9dad4a009457,https://api.robinhood.com/positions/5SE25445/1bd0c248-ad06-413d-99ae-9baaaa3acd06/,,https://api.robinhood.com/instruments/1bd0c248-ad06-413d-99ae-9baaaa3acd06/,1bd0c248-ad06-413d-99ae-9baaaa3acd06,0.15633400,12.98500000,0.00,filled,filled,,market,buy,gtc,immediate,13.11000000,,0.15633400,,2021-11-13T01:58:39.554618Z,2021-11-15T14:34:40.720388Z,2021-11-15T14:30:02.804000Z,"[{'price': '12.98500000', 'quantity': '0.15633400', 'rounded_notional': '2.03000000', 'settlement_date': '2021-11-17', 'timestamp': '2021-11-15T14:30:02.804000Z', 'id': '444a7772-69fb-434b-9997-b290a8a50ff8', 'ipo_access_execution_rank': None, 'trade_execution_date': None}]",False,regular_hours,False,True,,,,,,"{'amount': '2.03000000', 'currency_code': 'USD', 'currency_id': '1072fc76-1862-41ab-82c2-485837590762'}",89a290b8-e400-444d-b1a1-6f244841788c,"{'amount': '2.03', 'currency_code': 'USD', 'currency_id': '1072fc76-1862-41ab-82c2-485837590762'}","{'amount': '2.03', 'currency_code': 'USD', 'currency_id': '1072fc76-1862-41ab-82c2-485837590762'}",,False,,,,,,False,True,False,True,0,,,1.0,drip,False,,order_finalized,,
61853c87-e6f8-4304-ad92-79309a092cf2,EAA59E3D-C372-47C2-A379-850B7B17053C,https://api.robinhood.com/orders/61853c87-e6f8-4304-ad92-79309a092cf2/,https://api.robinhood.com/accounts/5SE25445/,fa785cc9-e75d-40e1-ad49-9dad4a009457,https://api.robinhood.com/positions/5SE25445/330579a8-907e-49d2-97a7-92a8d1a20088/,,https://api.robinhood.com/instruments/330579a8-907e-49d2-97a7-92a8d1a20088/,330579a8-907e-49d2-97a7-92a8d1a20088,7.34828100,3.34500000,0.00,filled,filled,,market,buy,gfd,immediate,3.51000000,,7.34828100,,2021-11-05T14:15:35.137685Z,2021-11-05T14:15:36.118994Z,2021-11-05T14:15:35.882578Z,"[{'price': '3.34500000', 'quantity': '0.34828100', 'rounded_notional': '1.16000000', 'settlement_date': '2021-11-09', 'timestamp': '2021-11-05T14:15:35.314338Z', 'id': '61853c87-03da-4f84-b639-23de0a72cc18', 'ipo_access_execution_rank': None, 'trade_execution_date': None}, {'price': '3.34550000', 'quantity': '7.00000000', 'rounded_notional': '23.42000000', 'settlement_date': '2021-11-09', 'timestamp': '2021-11-05T14:15:35.418000Z', 'id': '61853c87-1598-497c-9012-c67fc659deb5', 'ipo_access_execution_rank': None, 'trade_execution_date': None}]",False,regular_hours,False,False,,,,,,"{'amount': '24.58000000', 'currency_code': 'USD', 'currency_id': '1072fc76-1862-41ab-82c2-485837590762'}",,"{'amount': '24.58', 'currency_code': 'USD', 'currency_id': '1072fc76-1862-41ab-82c2-485837590762'}","{'amount': '24.58', 'currency_code': 'USD', 'currency_id': '1072fc76-1862-41ab-82c2-485837590762'}",,False,,,,,,False,True,False,True,0,,,2.0,user,False,,order_finalized,,
61853c74-5d6c-4c8f-9317-edfec849026a,6FFD5E4C-969F-4EBD-98DF-89335B66A58B,https://api.robinhood.com/orders/61853c74-5d6c-4c8f-9317-edfec849026a/,https://api.robinhood.com/accounts/5SE25445/,fa785cc9-e75d-40e1-ad49-9dad4a009457,https://api.robinhood.com/positions/5SE25445/b2e06903-5c44-46a4-bd42-2a696f9d68e1/,,https://api.robinhood.com/instruments/b2e06903-5c44-46a4-bd42-2a696f9d68e1/,b2e06903-5c44-46a4-bd42-2a696f9d68e1,0.15360500,162.75510000,0.00,filled,filled,,market,buy,gfd,immediate,170.88000000,,0.15360500,,2021-11-05T14:15:16.418975Z,2021-11-05T14:15:16.798334Z,2021-11-05T14:15:16.571117Z,"[{'price': '162.75500000', 'quantity': '0.15360500', 'rounded_notional': '25.00000000', 'settlement_date': '2021-11-09', 'timestamp': '2021-11-05T14:15:16.571096Z', 'id': '61853c74-c621-4824-aeac-fc790b11f84d', 'ipo_access_execution_rank': None, 'trade_execution_date': None}]",False,regular_hours,False,False,,,,,,"{'amount': '25.00000000', 'currency_code': 'USD', 'currency_id': '1072fc76-1862-41ab-82c2-485837590762'}",,"{'amount': '25.00', 'currency_code': 'USD', 'currency_id': '1072fc76-1862-41ab-82c2-485837590762'}","{'amount': '25.00', 'currency_code': 'USD', 'currency_id': '1072fc76-1862-41ab-82c2-485837590762'}",,False,,,,,,False,True,False,True,0,,,0.0,user,False,,order_finalized,,
61853a22-0b19-42ba-bd89-c9b6d327b9e4,62E29F2C-D883-4FA7-857F-3D04B3057F0F,https://api.robinhood.com/orders/61853a22-0b19-42ba-bd89-c9b6d327b9e4/,https://api.robinhood.com/accounts/5SE25445/,fa785cc9-e75d-40e1-ad49-9dad4a009457,https://api.robinhood.com/positions/5SE25445/330579a8-907e-49d2-97a7-92a8d1a20088/,,https://api.robinhood.com/instruments/330579a8-907e-49d2-97a7-92a8d1a20088/,330579a8-907e-49d2-97a7-92a8d1a20088,11.95635900,3.34550000,0.00,filled,filled,,market,buy,gfd,immediate,3.51000000,,11.95635900,,2021-11-05T14:05:22.590619Z,2021-11-05T14:05:23.620646Z,2021-11-05T14:05:23.382447Z,"[{'price': '3.34550000', 'quantity': '11.95635900', 'rounded_notional': '40.00000000', 'settlement_date': '2021-11-09', 'timestamp': '2021-11-05T14:05:22.885000Z', 'id': '61853a23-ab51-4520-bfe0-7e34535e18c6', 'ipo_access_execution_rank': None, 'trade_execution_date': None}]",False,regular_hours,False,False,,,,,,"{'amount': '40.00000000', 'currency_code': 'USD', 'currency_id': '1072fc76-1862-41ab-82c2-485837590762'}",,"{'amount': '40.00', 'currency_code': 'USD', 'currency_id': '1072fc76-1862-41ab-82c2-485837590762'}","{'amount': '40.00', 'currency_code': 'USD', 'currency_id': '1072fc76-1862-41ab-82c2-485837590762'}",,False,,,,,,False,True,False,True,0,,,2.0,user,False,,order_finalized,,
618539eb-0666-4250-918e-e11619488406,FC03172D-BB72-4BAE-9E8F-555E05F5FE75,https://api.robinhood.com/orders/618539eb-0666-4250-918e-e11619488406/,https://api.robinhood.com/accounts/5SE25445/,fa785cc9-e75d-40e1-ad49-9dad4a009457,https://api.robinhood.com/positions/5SE25445/b2e06903-5c44-46a4-bd42-2a696f9d68e1/,,https://api.robinhood.com/instruments/b2e06903-5c44-46a4-bd42-2a696f9d68e1/,b2e06903-5c44-46a4-bd42-2a696f9d68e1,0.46043300,162.89010000,0.00,filled,filled,,market,buy,gfd,immediate,171.10000000,,0.46043300,,2021-11-05T14:04:27.277289Z,2021-11-05T14:04:28.435203Z,2021-11-05T14:04:28.185725Z,"[{'price': '162.89000000', 'quantity': '0.46043300', 'rounded_notional': '75.00000000', 'settlement_date': '2021-11-09', 'timestamp': '2021-11-05T14:04:27.500000Z', 'id': '618539ec-15bb-47e4-ac05-3d141f321ff5', 'ipo_access_execution_rank': None, 'trade_execution_date': None}]",False,regular_hours,False,False,,,,,,"{'amount': '75.00000000', 'currency_code': 'USD', 'currency_id': '1072fc76-1862-41ab-82c2-485837590762'}",,"{'amount': '75.00', 'currency_code': 'USD', 'currency_id': '1072fc76-1862-41ab-82c2-485837590762'}","{'amount': '75.00', 'currency_code': 'USD', 'currency_id': '1072fc76-1862-41ab-82c2-485837590762'}",,False,,,,,,False,True,False,True,0,,,2.0,user,False,,order_finalized,,
617963ce-66ea-4eb0-ae53-a4449bc228fd,,https://api.robinhood.com/orders/617963ce-66ea-4eb0-ae53-a4449bc228fd/,https://api.robinhood.com/accounts/5SE25445/,fa785cc9-e75d-40e1-ad49-9dad4a009457,https://api.robinhood.com/positions/5SE25445/1bd0c248-ad06-413d-99ae-9baaaa3acd06/,,https://api.robinhood.com/instruments/1bd0c248-ad06-413d-99ae-9baaaa3acd06/,1bd0c248-ad06-413d-99ae-9baaaa3acd06,0.22578900,13.28670000,0.00,filled,filled,,market,sell,gfd,immediate,,,0.22578900,,2021-10-27T14:35:58.584624Z,2021-10-27T14:35:59.686103Z,2021-10-27T14:35:59.432453Z,"[{'price': '13.28000000', 'quantity': '0.22578900', 'rounded_notional': '3.00000000', 'settlement_date': '2021-10-29', 'timestamp': '2021-10-27T14:35:58.850000Z', 'id': '617963cf-59cd-4cdd-b354-e7ec7ed6e3fe', 'ipo_access_execution_rank': None, 'trade_execution_date': None}]",False,regular_hours,True,True,,,,,,,,,"{'amount': '3.00', 'currency_code': 'USD', 'currency_id': '1072fc76-1862-41ab-82c2-485837590762'}",,False,,,,,,False,True,False,True,0,,,2.0,brokeback,False,,order_finalized,,
616ee380-379c-4b00-8fe7-722482605bfc,0F668C48-73DF-4406-9CBE-5E3D93D6C17A,https://api.robinhood.com/orders/616ee380-379c-4b00-8fe7-722482605bfc/,https://api.robinhood.com/accounts/5SE25445/,fa785cc9-e75d-40e1-ad49-9dad4a009457,https://api.robinhood.com/positions/5SE25445/330579a8-907e-49d2-97a7-92a8d1a20088/,,https://api.robinhood.com/instruments/330579a8-907e-49d2-97a7-92a8d1a20088/,330579a8-907e-49d2-97a7-92a8d1a20088,15.57881700,3.20950000,0.00,filled,filled,,market,buy,gfd,immediate,3.37000000,,15.57881700,,2021-10-19T15:25:52.798002Z,2021-10-19T15:25:54.175819Z,2021-10-19T15:25:53.566250Z,"[{'price': '3.20500000', 'quantity': '0.60062400', 'rounded_notional': '1.92000000', 'settlement_date': '2021-10-21', 'timestamp': '2021-10-19T15:25:52.979250Z', 'id': '616ee380-22e2-4176-ad16-6ce704ea97de', 'ipo_access_execution_rank': None, 'trade_execution_date': None}, {'price': '3.21000000', 'quantity': '14.97819300', 'rounded_notional': '48.08000000', 'settlement_date': '2021-10-21', 'timestamp': '2021-10-19T15:25:53.084000Z', 'id': '616ee381-ca41-414f-b90a-0ffde0bfa52e', 'ipo_access_execution_rank': None, 'trade_execution_date': None}]",False,regular_hours,False,False,,,,,,"{'amount': '50.00000000', 'currency_code': 'USD', 'currency_id': '1072fc76-1862-41ab-82c2-485837590762'}",,"{'amount': '50.00', 'currency_code': 'USD', 'currency_id': '1072fc76-1862-41ab-82c2-485837590762'}","{'amount': '50.00', 'currency_code': 'USD', 'currency_id': '1072fc76-1862-41ab-82c2-485837590762'}",,False,,,,,,False,True,False,True,0,,,2.0,user,False,,order_finalized,,
61678633-f2cc-4334-afa8-0d672aa71f37,,https://api.robinhood.com/orders/61678633-f2cc-4334-afa8-0d672aa71f37/,https://api.robinhood.com/accounts/5SE25445/,fa785cc9-e75d-40e1-ad49-9dad4a009457,https://api.robinhood.com/positions/5SE25445/1bd0c248-ad06-413d-99ae-9baaaa3acd06/,,https://api.robinhood.com/instruments/1bd0c248-ad06-413d-99ae-9baaaa3acd06/,1bd0c248-ad06-413d-99ae-9baaaa3acd06,0.15223900,13.40000000,0.00,filled,filled,,market,buy,gtc,immediate,13.25000000,,0.15223900,,2021-10-14T01:21:55.619832Z,2021-10-14T13:32:33.568828Z,2021-10-14T13:30:01.670000Z,"[{'price': '13.40000000', 'quantity': '0.15223900', 'rounded_notional': '2.04000000', 'settlement_date': '2021-10-18', 'timestamp': '2021-10-14T13:30:01.670000Z', 'id': 'f94126c3-0009-485e-8ca1-d4d3735ac67a', 'ipo_access_execution_rank': None, 'trade_execution_date': None}]",False,regular_hours,False,True,,,,,,"{'amount': '2.04000000', 'currency_code': 'USD', 'currency_id': '1072fc76-1862-41ab-82c2-485837590762'}",3275aca8-8c80-4a85-a045-3d8dd7df4307,"{'amount': '2.04', 'currency_code': 'USD', 'currency_id': '1072fc76-1862-41ab-82c2-485837590762'}","{'amount': '2.04', 'currency_code': 'USD', 'currency_id': '1072fc76-1862-41ab-82c2-485837590762'}",,False,,,,,,False,True,False,True,0,,,1.0,drip,False,,order_finalized,,
61571436-3ed2-4f45-8267-77d25a9603b7,4CD82177-8BBF-43A2-98E4-8FCED617B492,https://api.robinhood.com/orders/61571436-3ed2-4f45-8267-77d25a9603b7/,https://api.robinhood.com/accounts/5SE25445/,fa785cc9-e75d-40e1-ad49-9dad4a009457,https://api.robinhood.com/positions/5SE25445/330579a8-907e-49d2-97a7-92a8d1a20088/,,https://api.robinhood.com/instruments/330579a8-907e-49d2-97a7-92a8d1a20088/,330579a8-907e-49d2-97a7-92a8d1a20088,22.69892000,3.15830000,0.00,filled,filled,,market,buy,gfd,immediate,3.31000000,,22.69892000,,2021-10-01T13:59:18.433222Z,2021-10-01T13:59:19.379541Z,2021-10-01T13:59:19.150549Z,"[{'price': '3.15830000', 'quantity': '22.69892000', 'rounded_notional': '71.69000000', 'settlement_date': '2021-10-05', 'timestamp': '2021-10-01T13:59:18.618000Z', 'id': '61571437-f6e6-4a38-a03c-d9b7ce65ce6b', 'ipo_access_execution_rank': None, 'trade_execution_date': None}]",False,regular_hours,False,False,,,,,,"{'amount': '71.69000000', 'currency_code': 'USD', 'currency_id': '1072fc76-1862-41ab-82c2-485837590762'}",,"{'amount': '71.69', 'currency_code': 'USD', 'currency_id': '1072fc76-1862-41ab-82c2-485837590762'}","{'amount': '71.69', 'currency_code': 'USD', 'currency_id': '1072fc76-1862-41ab-82c2-485837590762'}",,False,,,,,,False,True,False,True,0,,,2.0,user,False,,order_finalized,,
61571416-e5b6-4b8a-a41f-b6b150b383ae,7399E264-6E6E-4FF5-9F92-A5C9E9B1F573,https://api.robinhood.com/orders/61571416-e5b6-4b8a-a41f-b6b150b383ae/,https://api.robinhood.com/accounts/5SE25445/,fa785cc9-e75d-40e1-ad49-9dad4a009457,https://api.robinhood.com/positions/5SE25445/1bd0c248-ad06-413d-99ae-9baaaa3acd06/,,https://api.robinhood.com/instruments/1bd0c248-ad06-413d-99ae-9baaaa3acd06/,1bd0c248-ad06-413d-99ae-9baaaa3acd06,2.98831500,13.26170000,0.00,filled,filled,,market,sell,gfd,immediate,,,2.98831500,,2021-10-01T13:58:46.984414Z,2021-10-01T13:58:47.992947Z,2021-10-01T13:58:47.749983Z,"[{'price': '13.26140000', 'quantity': '2.98756100', 'rounded_notional': '39.62000000', 'settlement_date': '2021-10-05', 'timestamp': '2021-10-01T13:58:47.246000Z', 'id': '61571417-273a-4b60-bb92-bb845ed1a19a', 'ipo_access_execution_rank': None, 'trade_execution_date': None}, {'price': '13.26140000', 'quantity': '0.00075400', 'rounded_notional': '0.01000000', 'settlement_date': '2021-10-05', 'timestamp': '2021-10-01T13:58:47.246000Z', 'id': '61571417-720d-44d9-b4ff-a3bce1aa0869', 'ipo_access_execution_rank': None, 'trade_execution_date': None}]",False,regular_hours,False,False,,,,,,"{'amount': '39.63000000', 'currency_code': 'USD', 'currency_id': '1072fc76-1862-41ab-82c2-485837590762'}",,,"{'amount': '39.63', 'currency_code': 'USD', 'currency_id': '1072fc76-1862-41ab-82c2-485837590762'}",,False,,,,,,False,True,False,True,0,,,2.0,user,False,,order_finalized,,
615713f9-5724-4adb-9a4a-f3ee46cad545,BD3B117C-B810-4F5C-B882-1704D72C891C,https://api.robinhood.com/orders/615713f9-5724-4adb-9a4a-f3ee46cad545/,https://api.robinhood.com/accounts/5SE25445/,fa785cc9-e75d-40e1-ad49-9dad4a009457,https://api.robinhood.com/positions/5SE25445/b2e06903-5c44-46a4-bd42-2a696f9d68e1/,,https://api.robinhood.com/instruments/b2e06903-5c44-46a4-bd42-2a696f9d68e1/,b2e06903-5c44-46a4-bd42-2a696f9d68e1,0.22085100,145.07520000,0.00,filled,filled,,market,sell,gfd,immediate,,,0.22085100,,2021-10-01T13:58:17.413431Z,2021-10-01T13:58:17.894689Z,2021-10-01T13:58:17.669217Z,"[{'price': '145.07500000', 'quantity': '0.22085100', 'rounded_notional': '32.04000000', 'settlement_date': '2021-10-05', 'timestamp': '2021-10-01T13:58:17.669195Z', 'id': '615713f9-e8e4-4fec-abef-2d7e3822e68c', 'ipo_access_execution_rank': None, 'trade_execution_date': None}]",False,regular_hours,False,False,,,,,,"{'amount': '32.04000000', 'currency_code': 'USD', 'currency_id': '1072fc76-1862-41ab-82c2-485837590762'}",,,"{'amount': '32.04', 'currency_code': 'USD', 'currency_id': '1072fc76-1862-41ab-82c2-485837590762'}",,False,,,,,,False,True,False,True,0,,,0.0,user,False,,order_finalized,,
6157102e-d024-44bf-8f37-c9dd56493452,B2692FC2-ABA8-4AFA-B3F1-D049A2A81995,https://api.robinhood.com/orders/6157102e-d024-44bf-8f37-c9dd56493452/,https://api.robinhood.com/accounts/5SE25445/,fa785cc9-e75d-40e1-ad49-9dad4a009457,https://api.robinhood.com/positions/5SE25445/b2e06903-5c44-46a4-bd42-2a696f9d68e1/,,https://api.robinhood.com/instruments/b2e06903-5c44-46a4-bd42-2a696f9d68e1/,b2e06903-5c44-46a4-bd42-2a696f9d68e1,0.34114500,146.56520000,0.00,filled,filled,,market,buy,gfd,immediate,153.95000000,,0.34114500,,2021-10-01T13:42:06.195265Z,2021-10-01T13:42:06.557785Z,2021-10-01T13:42:06.329165Z,"[{'price': '146.56500000', 'quantity': '0.34114500', 'rounded_notional': '50.00000000', 'settlement_date': '2021-10-05', 'timestamp': '2021-10-01T13:42:06.329144Z', 'id': '6157102e-8357-41a2-bdd4-3763fe907ba7', 'ipo_access_execution_rank': None, 'trade_execution_date': None}]",False,regular_hours,False,False,,,,,,"{'amount': '50.00000000', 'currency_code': 'USD', 'currency_id': '1072fc76-1862-41ab-82c2-485837590762'}",,"{'amount': '50.00', 'currency_code': 'USD', 'currency_id': '1072fc76-1862-41ab-82c2-485837590762'}","{'amount': '50.00', 'currency_code': 'USD', 'currency_id': '1072fc76-1862-41ab-82c2-485837590762'}",,False,,,,,,False,True,False,True,0,,,1.0,user,False,,order_finalized,,
6151d8d4-959d-4152-ada3-0717524c7819,,https://api.robinhood.com/orders/6151d8d4-959d-4152-ada3-0717524c7819/,https://api.robinhood.com/accounts/5SE25445/,fa785cc9-e75d-40e1-ad49-9dad4a009457,https://api.robinhood.com/positions/5SE25445/1bd0c248-ad06-413d-99ae-9baaaa3acd06/,,https://api.robinhood.com/instruments/1bd0c248-ad06-413d-99ae-9baaaa3acd06/,1bd0c248-ad06-413d-99ae-9baaaa3acd06,0.37757600,13.24240000,0.00,filled,filled,,market,sell,gfd,immediate,,,0.37757600,,2021-09-27T14:44:36.874981Z,2021-09-27T14:44:37.921236Z,2021-09-27T14:44:37.677452Z,"[{'price': '13.24000000', 'quantity': '0.37757600', 'rounded_notional': '5.00000000', 'settlement_date': '2021-09-29', 'timestamp': '2021-09-27T14:44:37.174000Z', 'id': '6151d8d5-871c-44ab-906a-8bd055ded16b', 'ipo_access_execution_rank': None, 'trade_execution_date': None}]",False,regular_hours,True,True,,,,,,,,,"{'amount': '5.00', 'currency_code': 'USD', 'currency_id': '1072fc76-1862-41ab-82c2-485837590762'}",,False,,,,,,False,True,False,True,0,,,2.0,brokeback,False,,order_finalized,,
6144b9c8-21e3-4742-b03a-b08fca2ffd80,66B6B623-C095-4266-996B-3FEF3A911C8E,https://api.robinhood.com/orders/6144b9c8-21e3-4742-b03a-b08fca2ffd80/,https://api.robinhood.com/accounts/5SE25445/,fa785cc9-e75d-40e1-ad49-9dad4a009457,https://api.robinhood.com/positions/5SE25445/b2e06903-5c44-46a4-bd42-2a696f9d68e1/,,https://api.robinhood.com/instruments/b2e06903-5c44-46a4-bd42-2a696f9d68e1/,b2e06903-5c44-46a4-bd42-2a696f9d68e1,0.06308700,159.14530000,0.00,filled,filled,,market,buy,gfd,immediate,167.13000000,,0.06308700,,2021-09-17T15:52:40.256134Z,2021-09-17T15:52:40.646702Z,2021-09-17T15:52:40.419415Z,"[{'price': '159.14500000', 'quantity': '0.06308700', 'rounded_notional': '10.04000000', 'settlement_date': '2021-09-21', 'timestamp': '2021-09-17T15:52:40.419397Z', 'id': '6144b9c8-73fa-430d-b0bf-c9a85b1522f0', 'ipo_access_execution_rank': None, 'trade_execution_date': None}]",False,regular_hours,False,False,,,,,,"{'amount': '10.04000000', 'currency_code': 'USD', 'currency_id': '1072fc76-1862-41ab-82c2-485837590762'}",,"{'amount': '10.04', 'currency_code': 'USD', 'currency_id': '1072fc76-1862-41ab-82c2-485837590762'}","{'amount': '10.04', 'currency_code': 'USD', 'currency_id': '1072fc76-1862-41ab-82c2-485837590762'}",,False,,,,,,False,True,False,True,0,,,0.0,user,False,,order_finalized,,
6144b9a7-4867-46ff-b5c3-73b1990e632a,5BBF80F7-C4D3-4A98-B8FF-2FD5A32C015B,https://api.robinhood.com/orders/6144b9a7-4867-46ff-b5c3-73b1990e632a/,https://api.robinhood.com/accounts/5SE25445/,fa785cc9-e75d-40e1-ad49-9dad4a009457,https://api.robinhood.com/positions/5SE25445/1bd0c248-ad06-413d-99ae-9baaaa3acd06/,,https://api.robinhood.com/instruments/1bd0c248-ad06-413d-99ae-9baaaa3acd06/,1bd0c248-ad06-413d-99ae-9baaaa3acd06,22.00000000,13.18000000,0.00,filled,filled,,limit,buy,gtc,immediate,13.18000000,,22.00000000,,2021-09-17T15:52:07.601515Z,2021-09-17T15:52:08.198571Z,2021-09-17T15:52:07.786000Z,"[{'price': '13.18000000', 'quantity': '22.00000000', 'rounded_notional': '289.96000000', 'settlement_date': '2021-09-21', 'timestamp': '2021-09-17T15:52:07.786000Z', 'id': '6144b9a7-1bff-454d-b6be-fb1599037694', 'ipo_access_execution_rank': None, 'trade_execution_date': None}]",True,extended_hours,False,False,,,,,,,,"{'amount': '289.96', 'currency_code': 'USD', 'currency_id': '1072fc76-1862-41ab-82c2-485837590762'}","{'amount': '289.96', 'currency_code': 'USD', 'currency_id': '1072fc76-1862-41ab-82c2-485837590762'}",,False,,,,,,False,True,False,True,0,,,2.0,user,False,,order_finalized,,
613b79e6-889f-440b-8340-65028907fd3e,48CC08E0-7BF3-4927-94C5-FA204AE3390D,https://api.robinhood.com/orders/613b79e6-889f-440b-8340-65028907fd3e/,https://api.robinhood.com/accounts/5SE25445/,fa785cc9-e75d-40e1-ad49-9dad4a009457,https://api.robinhood.com/positions/5SE25445/b2e06903-5c44-46a4-bd42-2a696f9d68e1/,,https://api.robinhood.com/instruments/b2e06903-5c44-46a4-bd42-2a696f9d68e1/,b2e06903-5c44-46a4-bd42-2a696f9d68e1,0.03758100,169.50050000,0.00,filled,filled,,market,buy,gfd,immediate,177.99000000,,0.03758100,,2021-09-10T15:29:42.178688Z,2021-09-10T15:29:42.584217Z,2021-09-10T15:29:42.350554Z,"[{'price': '169.50000000', 'quantity': '0.03758100', 'rounded_notional': '6.37000000', 'settlement_date': '2021-09-14', 'timestamp': '2021-09-10T15:29:42.350535Z', 'id': '613b79e6-0e04-45a2-896d-7aa1ecad1a1a', 'ipo_access_execution_rank': None, 'trade_execution_date': None}]",False,regular_hours,False,False,,,,,,"{'amount': '6.37000000', 'currency_code': 'USD', 'currency_id': '1072fc76-1862-41ab-82c2-485837590762'}",,"{'amount': '6.37', 'currency_code': 'USD', 'currency_id': '1072fc76-1862-41ab-82c2-485837590762'}","{'amount': '6.37', 'currency_code': 'USD', 'currency_id': '1072fc76-1862-41ab-82c2-485837590762'}",,False,,,,,,False,True,False,True,0,,,0.0,user,False,,order_finalized,,
613b7946-96f1-4202-b7d7-ce370ebf751c,CA495CCA-AF83-47AF-95B8-3EDBFC5CD426,https://api.robinhood.com/orders/613b7946-96f1-4202-b7d7-ce370ebf751c/,https://api.robinhood.com/accounts/5SE25445/,fa785cc9-e75d-40e1-ad49-9dad4a009457,https://api.robinhood.com/positions/5SE25445/1bd0c248-ad06-413d-99ae-9baaaa3acd06/,,https://api.robinhood.com/instruments/1bd0c248-ad06-413d-99ae-9baaaa3acd06/,1bd0c248-ad06-413d-99ae-9baaaa3acd06,4.00000000,13.46750000,0.00,filled,filled,,market,buy,gfd,immediate,14.13000000,,4.00000000,,2021-09-10T15:27:02.829075Z,2021-09-10T15:27:03.462524Z,2021-09-10T15:27:03.017000Z,"[{'price': '13.46800000', 'quantity': '4.00000000', 'rounded_notional': '53.87000000', 'settlement_date': '2021-09-14', 'timestamp': '2021-09-10T15:27:03.017000Z', 'id': '613b7947-8af4-4d29-944c-ab2f15a09e77', 'ipo_access_execution_rank': None, 'trade_execution_date': None}]",False,regular_hours,False,False,,,,,,,,"{'amount': '56.52', 'currency_code': 'USD', 'currency_id': '1072fc76-1862-41ab-82c2-485837590762'}","{'amount': '53.87', 'currency_code': 'USD', 'currency_id': '1072fc76-1862-41ab-82c2-485837590762'}",,False,,,,,,False,True,False,True,0,,,2.0,user,False,,order_finalized,,
60bfc69c-49de-4d9a-8b7e-3a8d26f823f2,A7C26E79-BD9A-413E-8BAF-9821BD882C4D,https://api.robinhood.com/orders/60bfc69c-49de-4d9a-8b7e-3a8d26f823f2/,https://api.robinhood.com/accounts/5SE25445/,fa785cc9-e75d-40e1-ad49-9dad4a009457,https://api.robinhood.com/positions/5SE25445/f3acdd2f-6580-4c75-a69c-81481cc4c235/,,https://api.robinhood.com/instruments/f3acdd2f-6580-4c75-a69c-81481cc4c235/,f3acdd2f-6580-4c75-a69c-81481cc4c235,47.84267200,214.85740000,0.06,filled,filled,,market,sell,gfd,immediate,,,47.84267200,,2021-06-08T19:35:56.181374Z,2021-06-08T19:35:57.441547Z,2021-06-08T19:35:57.204162Z,"[{'price': '214.85730000', 'quantity': '47.84267200', 'rounded_notional': None, 'settlement_date': '2021-06-10', 'timestamp': '2021-06-08T19:35:56.505000Z', 'id': '60bfc69d-3562-4267-9828-f1970b43ecde', 'ipo_access_execution_rank': None, 'trade_execution_date': None}]",False,regular_hours,False,False,,,,,,,,,"{'amount': '10279.35', 'currency_code': 'USD', 'currency_id': '1072fc76-1862-41ab-82c2-485837590762'}",,False,,,,,,False,True,False,True,0,,,2.0,user,False,,order_finalized,,
60b7cfd5-eaa8-48f3-925b-8e203c33e04c,1E4C2FEB-5CD0-4531-A827-663805DAA847,https://api.robinhood.com/orders/60b7cfd5-eaa8-48f3-925b-8e203c33e04c/,https://api.robinhood.com/accounts/5SE25445/,fa785cc9-e75d-40e1-ad49-9dad4a009457,https://api.robinhood.com/positions/5SE25445/f3acdd2f-6580-4c75-a69c-81481cc4c235/,,https://api.robinhood.com/instruments/f3acdd2f-6580-4c75-a69c-81481cc4c235/,f3acdd2f-6580-4c75-a69c-81481cc4c235,10.00000000,219.67000000,0.02,filled,filled,,market,sell,gfd,immediate,,,10.00000000,,2021-06-02T18:37:09.826175Z,2021-06-02T18:37:10.537154Z,2021-06-02T18:37:10.068000Z,"[{'price': '219.67000000', 'quantity': '10.00000000', 'rounded_notional': None, 'settlement_date': '2021-06-04', 'timestamp': '2021-06-02T18:37:10.068000Z', 'id': '60b7cfd6-a170-4beb-932a-869a03fc3d49', 'ipo_access_execution_rank': None, 'trade_execution_date': None}]",False,regular_hours,False,False,,,,,,,,,"{'amount': '2196.70', 'currency_code': 'USD', 'currency_id': '1072fc76-1862-41ab-82c2-485837590762'}",,False,,,,,,False,True,False,True,0,,,2.0,user,False,,order_finalized,,
60b646d5-9932-49d8-94a1-04c24ce9c126,4ADAA0C2-5E86-4C3F-BAA5-B9B8F02EB1AA,https://api.robinhood.com/orders/60b646d5-9932-49d8-94a1-04c24ce9c126/,https://api.robinhood.com/accounts/5SE25445/,fa785cc9-e75d-40e1-ad49-9dad4a009457,https://api.robinhood.com/positions/5SE25445/309344d3-af67-4190-9970-b10618959fe5/,,https://api.robinhood.com/instruments/309344d3-af67-4190-9970-b10618959fe5/,309344d3-af67-4190-9970-b10618959fe5,6.74842100,257.47060000,0.01,filled,filled,,market,sell,gfd,immediate,,,6.74842100,,2021-06-01T14:40:21.186417Z,2021-06-01T14:40:22.567495Z,2021-06-01T14:40:22.320162Z,"[{'price': '257.47000000', 'quantity': '6.74842100', 'rounded_notional': None, 'settlement_date': '2021-06-03', 'timestamp': '2021-06-01T14:40:21.583000Z', 'id': '60b646d6-8dac-48db-8c15-94777f2cc0f3', 'ipo_access_execution_rank': None, 'trade_execution_date': None}]",False,regular_hours,False,False,,,,,,,,,"{'amount': '1737.52', 'currency_code': 'USD', 'currency_id': '1072fc76-1862-41ab-82c2-485837590762'}",,False,,,,,,False,True,False,True,0,,,2.0,user,False,,order_finalized,,
60b646c7-5f54-4085-aff0-f9ccd33612fb,3F4C4474-D760-472E-ACCE-0DE77FA0E05B,https://api.robinhood.com/orders/60b646c7-5f54-4085-aff0-f9ccd33612fb/,https://api.robinhood.com/accounts/5SE25445/,fa785cc9-e75d-40e1-ad49-9dad4a009457,https://api.robinhood.com/positions/5SE25445/50810c35-d215-4866-9758-0ada4ac79ffa/,,https://api.robinhood.com/instruments/50810c35-d215-4866-9758-0ada4ac79ffa/,50810c35-d215-4866-9758-0ada4ac79ffa,6.81654500,248.90030000,0.01,filled,filled,,market,sell,gfd,immediate,,,6.81654500,,2021-06-01T14:40:07.003761Z,2021-06-01T14:40:08.321824Z,2021-06-01T14:40:08.074365Z,"[{'price': '248.90100000', 'quantity': '6.81654500', 'rounded_notional': None, 'settlement_date': '2021-06-03', 'timestamp': '2021-06-01T14:40:07.351000Z', 'id': '60b646c8-390a-4b98-b8cc-37883ec43fb7', 'ipo_access_execution_rank': None, 'trade_execution_date': None}]",False,regular_hours,False,False,,,,,,,,,"{'amount': '1696.64', 'currency_code': 'USD', 'currency_id': '1072fc76-1862-41ab-82c2-485837590762'}",,False,,,,,,False,True,False,True,0,,,2.0,user,False,,order_finalized,,
60b646b6-22cc-49dd-9a51-510db07d5d9c,27F23F44-0034-4E86-A4F6-CB89EA59F8EB,https://api.robinhood.com/orders/60b646b6-22cc-49dd-9a51-510db07d5d9c/,https://api.robinhood.com/accounts/5SE25445/,fa785cc9-e75d-40e1-ad49-9dad4a009457,https://api.robinhood.com/positions/5SE25445/450dfc6d-5510-4d40-abfb-f633b7d9be3e/,,https://api.robinhood.com/instruments/450dfc6d-5510-4d40-abfb-f633b7d9be3e/,450dfc6d-5510-4d40-abfb-f633b7d9be3e,15.60936300,124.73090000,0.01,filled,filled,,market,sell,gfd,immediate,,,15.60936300,,2021-06-01T14:39:50.686244Z,2021-06-01T14:39:51.911008Z,2021-06-01T14:39:51.664064Z,"[{'price': '124.73060000', 'quantity': '15.60936300', 'rounded_notional': None, 'settlement_date': '2021-06-03', 'timestamp': '2021-06-01T14:39:51.022000Z', 'id': '60b646b7-0d31-4a80-abb2-bd55590abb12', 'ipo_access_execution_rank': None, 'trade_execution_date': None}]",False,regular_hours,False,False,,,,,,,,,"{'amount': '1946.97', 'currency_code': 'USD', 'currency_id': '1072fc76-1862-41ab-82c2-485837590762'}",,False,,,,,,False,True,False,True,0,,,2.0,user,False,,order_finalized,,
60994210-0e40-4048-ba63-f57d0a0da288,17EF6E10-6C24-4E49-89A8-B83AD6EE04D1,https://api.robinhood.com/orders/60994210-0e40-4048-ba63-f57d0a0da288/,https://api.robinhood.com/accounts/5SE25445/,fa785cc9-e75d-40e1-ad49-9dad4a009457,https://api.robinhood.com/positions/5SE25445/f3acdd2f-6580-4c75-a69c-81481cc4c235/,,https://api.robinhood.com/instruments/f3acdd2f-6580-4c75-a69c-81481cc4c235/,f3acdd2f-6580-4c75-a69c-81481cc4c235,6.81477200,222.45790000,0.00,filled,filled,,market,buy,gfd,immediate,233.54000000,,6.81477200,,2021-05-10T14:24:16.095650Z,2021-05-10T14:24:17.296064Z,2021-05-10T14:24:17.058554Z,"[{'price': '222.45830000', 'quantity': '6.79607200', 'rounded_notional': None, 'settlement_date': '2021-05-12', 'timestamp': '2021-05-10T14:24:16.394000Z', 'id': '60994211-08b9-4fe5-b82c-06d5d01054cb', 'ipo_access_execution_rank': None, 'trade_execution_date': None}, {'price': '222.45830000', 'quantity': '0.01870000', 'rounded_notional': None, 'settlement_date': '2021-05-12', 'timestamp': '2021-05-10T14:24:16.394000Z', 'id': '60994211-b20b-4f91-a702-1c88dc0c0651', 'ipo_access_execution_rank': None, 'trade_execution_date': None}]",False,regular_hours,False,False,,,,,,"{'amount': '1516.00000000', 'currency_code': 'USD', 'currency_id': '1072fc76-1862-41ab-82c2-485837590762'}",,"{'amount': '1516.00', 'currency_code': 'USD', 'currency_id': '1072fc76-1862-41ab-82c2-485837590762'}","{'amount': '1516.00', 'currency_code': 'USD', 'currency_id': '1072fc76-1862-41ab-82c2-485837590762'}",,False,,,,,,False,True,False,True,0,,,2.0,user,False,,order_finalized,,
60994198-2d16-4e2d-a654-18f2403f2b3c,63D435E5-83DD-421D-88F1-21BEBEBBBFEE,https://api.robinhood.com/orders/60994198-2d16-4e2d-a654-18f2403f2b3c/,https://api.robinhood.com/accounts/5SE25445/,fa785cc9-e75d-40e1-ad49-9dad4a009457,https://api.robinhood.com/positions/5SE25445/c0bb3aec-bd1e-471e-a4f0-ca011cbec711/,,https://api.robinhood.com/instruments/c0bb3aec-bd1e-471e-a4f0-ca011cbec711/,c0bb3aec-bd1e-471e-a4f0-ca011cbec711,0.53026600,3238.16730000,0.01,filled,filled,,market,sell,gfd,immediate,,,0.53026600,,2021-05-10T14:22:16.760957Z,2021-05-10T14:22:17.364025Z,2021-05-10T14:22:17.130294Z,"[{'price': '3238.16500000', 'quantity': '0.53026600', 'rounded_notional': '1717.09000000', 'settlement_date': '2021-05-12', 'timestamp': '2021-05-10T14:22:17.130279Z', 'id': '60994199-aae6-4b3f-babe-dfcbfd7af9b1', 'ipo_access_execution_rank': None, 'trade_execution_date': None}]",False,regular_hours,False,False,,,,,,,,,"{'amount': '1717.09', 'currency_code': 'USD', 'currency_id': '1072fc76-1862-41ab-82c2-485837590762'}",,False,,,,,,False,True,False,True,0,,,1.0,user,False,,order_finalized,,
6093f7b6-0536-4cf7-b8da-667cf37f5560,E872B62D-CBD1-47D4-9066-EF2C22D50AC3,https://api.robinhood.com/orders/6093f7b6-0536-4cf7-b8da-667cf37f5560/,https://api.robinhood.com/accounts/5SE25445/,fa785cc9-e75d-40e1-ad49-9dad4a009457,https://api.robinhood.com/positions/5SE25445/f3acdd2f-6580-4c75-a69c-81481cc4c235/,,https://api.robinhood.com/instruments/f3acdd2f-6580-4c75-a69c-81481cc4c235/,f3acdd2f-6580-4c75-a69c-81481cc4c235,4.38089500,224.31950000,0.00,filled,filled,,market,buy,gfd,immediate,235.67000000,,4.38089500,,2021-05-06T14:05:42.314709Z,2021-07-01T23:29:44.595914Z,2021-05-06T14:05:43.084669Z,"[{'price': '224.30000000', 'quantity': '0.37483300', 'rounded_notional': None, 'settlement_date': '2021-05-10', 'timestamp': '2021-05-06T14:05:42.510825Z', 'id': '6093f7b6-e12d-494c-8677-5aac3e6073e8', 'ipo_access_execution_rank': None, 'trade_execution_date': None}, {'price': '224.31960000', 'quantity': '4.00000000', 'rounded_notional': None, 'settlement_date': '2021-05-10', 'timestamp': '2021-05-06T14:05:42.560000Z', 'id': '6093f7b7-f0d0-4895-b6ed-844849722c76', 'ipo_access_execution_rank': None, 'trade_execution_date': None}, {'price': '224.31960000', 'quantity': '0.00606200', 'rounded_notional': None, 'settlement_date': '2021-05-10', 'timestamp': '2021-05-06T14:05:42.560000Z', 'id': '6093f7b7-1f06-437a-9588-2949a6a37333', 'ipo_access_execution_rank': None, 'trade_execution_date': None}]",False,regular_hours,False,False,,,,,,"{'amount': '982.85000000', 'currency_code': 'USD', 'currency_id': '1072fc76-1862-41ab-82c2-485837590762'}",,"{'amount': '982.85', 'currency_code': 'USD', 'currency_id': '1072fc76-1862-41ab-82c2-485837590762'}","{'amount': '982.72', 'currency_code': 'USD', 'currency_id': '1072fc76-1862-41ab-82c2-485837590762'}",,False,,,,,,False,True,False,True,0,,,2.0,user,False,,order_finalized,,
6093f7a8-99d1-461b-a26d-72e1d941e253,BC1AB8CD-9939-44FE-8A3C-5623CFC54D6C,https://api.robinhood.com/orders/6093f7a8-99d1-461b-a26d-72e1d941e253/,https://api.robinhood.com/accounts/5SE25445/,fa785cc9-e75d-40e1-ad49-9dad4a009457,https://api.robinhood.com/positions/5SE25445/1520c0c0-7b1f-4464-9b5e-800a2a3ce29f/,,https://api.robinhood.com/instruments/1520c0c0-7b1f-4464-9b5e-800a2a3ce29f/,1520c0c0-7b1f-4464-9b5e-800a2a3ce29f,7.31784700,134.31960000,0.01,filled,filled,,market,sell,gfd,immediate,,,7.31784700,,2021-05-06T14:05:28.220689Z,2021-11-18T21:12:41.685341Z,2021-05-06T14:05:29.195116Z,"[{'price': '134.32500000', 'quantity': '0.31784700', 'rounded_notional': '42.69000000', 'settlement_date': '2021-05-10', 'timestamp': '2021-05-06T14:05:28.452990Z', 'id': '6093f7a8-11eb-4655-9b98-3a23aee5924c', 'ipo_access_execution_rank': None, 'trade_execution_date': None}, {'price': '134.32000000', 'quantity': '7.00000000', 'rounded_notional': None, 'settlement_date': '2021-05-10', 'timestamp': '2021-05-06T14:05:28.568000Z', 'id': '6093f7a9-00c6-4e07-bc9e-f12f1db17715', 'ipo_access_execution_rank': None, 'trade_execution_date': None}]",False,regular_hours,False,False,,,,,,,,,"{'amount': '982.93', 'currency_code': 'USD', 'currency_id': '1072fc76-1862-41ab-82c2-485837590762'}",,False,,,,,,False,True,False,True,0,,,2.0,user,False,,order_finalized,,
6093f79b-9bbd-4f5c-9317-492f0ad1e9ba,A04115A5-DD78-446C-AF6C-E07CC64E914E,https://api.robinhood.com/orders/6093f79b-9bbd-4f5c-9317-492f0ad1e9ba/,https://api.robinhood.com/accounts/5SE25445/,fa785cc9-e75d-40e1-ad49-9dad4a009457,https://api.robinhood.com/positions/5SE25445/f3acdd2f-6580-4c75-a69c-81481cc4c235/,,https://api.robinhood.com/instruments/f3acdd2f-6580-4c75-a69c-81481cc4c235/,f3acdd2f-6580-4c75-a69c-81481cc4c235,5.32689900,224.41390000,0.00,filled,filled,,market,buy,gfd,immediate,235.83000000,,5.32689900,,2021-05-06T14:05:15.069454Z,2021-05-06T14:05:16.344997Z,2021-05-06T14:05:16.088589Z,"[{'price': '224.41390000', 'quantity': '5.32106200', 'rounded_notional': None, 'settlement_date': '2021-05-10', 'timestamp': '2021-05-06T14:05:15.420000Z', 'id': '6093f79c-23a8-4b7e-9e0f-8e66371190f3', 'ipo_access_execution_rank': None, 'trade_execution_date': None}, {'price': '224.41390000', 'quantity': '0.00583700', 'rounded_notional': None, 'settlement_date': '2021-05-10', 'timestamp': '2021-05-06T14:05:15.420000Z', 'id': '6093f79c-215f-4b02-b7ed-7dd33f9c35c7', 'ipo_access_execution_rank': None, 'trade_execution_date': None}]",False,regular_hours,False,False,,,,,,"{'amount': '1195.43000000', 'currency_code': 'USD', 'currency_id': '1072fc76-1862-41ab-82c2-485837590762'}",,"{'amount': '1195.43', 'currency_code': 'USD', 'currency_id': '1072fc76-1862-41ab-82c2-485837590762'}","{'amount': '1195.43', 'currency_code': 'USD', 'currency_id': '1072fc76-1862-41ab-82c2-485837590762'}",,False,,,,,,False,True,False,True,0,,,2.0,user,False,,order_finalized,,
6093f753-7805-4e18-ab6f-c0b5acf5ae04,438A9D16-C8EF-4C7F-90B0-274A1633FD88,https://api.robinhood.com/orders/6093f753-7805-4e18-ab6f-c0b5acf5ae04/,https://api.robinhood.com/accounts/5SE25445/,fa785cc9-e75d-40e1-ad49-9dad4a009457,https://api.robinhood.com/positions/5SE25445/de0e6dc1-ca4d-4df7-a07e-baad8b1fcc11/,,https://api.robinhood.com/instruments/de0e6dc1-ca4d-4df7-a07e-baad8b1fcc11/,de0e6dc1-ca4d-4df7-a07e-baad8b1fcc11,5.29414600,225.80030000,0.01,filled,filled,,market,sell,gfd,immediate,,,5.29414600,,2021-05-06T14:04:03.333725Z,2021-05-06T14:04:04.873755Z,2021-05-06T14:04:04.622742Z,"[{'price': '226.10000000', 'quantity': '0.29414600', 'rounded_notional': None, 'settlement_date': '2021-05-10', 'timestamp': '2021-05-06T14:04:03.953107Z', 'id': '6093f753-5ffb-4f44-9bb8-b1b23b9a000b', 'ipo_access_execution_rank': None, 'trade_execution_date': None}, {'price': '225.78190000', 'quantity': '5.00000000', 'rounded_notional': None, 'settlement_date': '2021-05-10', 'timestamp': '2021-05-06T14:04:04.079000Z', 'id': '6093f754-c7ea-4c56-b96b-5715f5102a4e', 'ipo_access_execution_rank': None, 'trade_execution_date': None}]",False,regular_hours,False,False,,,,,,,,,"{'amount': '1195.42', 'currency_code': 'USD', 'currency_id': '1072fc76-1862-41ab-82c2-485837590762'}",,False,,,,,,False,True,False,True,0,,,2.0,user,False,,order_finalized,,
6091560a-c83e-4d63-9a5c-c6d2b449c35f,D1E14EB6-AEF6-483D-8C1E-52DB8763F70A,https://api.robinhood.com/orders/6091560a-c83e-4d63-9a5c-c6d2b449c35f/,https://api.robinhood.com/accounts/5SE25445/,fa785cc9-e75d-40e1-ad49-9dad4a009457,https://api.robinhood.com/positions/5SE25445/f3acdd2f-6580-4c75-a69c-81481cc4c235/,,https://api.robinhood.com/instruments/f3acdd2f-6580-4c75-a69c-81481cc4c235/,f3acdd2f-6580-4c75-a69c-81481cc4c235,8.87997200,234.11790000,0.00,filled,filled,,market,buy,gfd,immediate,245.67000000,,8.87997200,,2021-05-04T14:11:22.949034Z,2021-05-04T14:11:24.017299Z,2021-05-04T14:11:23.764709Z,"[{'price': '234.06000000', 'quantity': '0.88216600', 'rounded_notional': None, 'settlement_date': '2021-05-06', 'timestamp': '2021-05-04T14:11:23.178720Z', 'id': '6091560b-be16-4b9f-82a2-df8ebc442165', 'ipo_access_execution_rank': None, 'trade_execution_date': None}, {'price': '234.12420000', 'quantity': '7.99780600', 'rounded_notional': None, 'settlement_date': '2021-05-06', 'timestamp': '2021-05-04T14:11:23.274000Z', 'id': '6091560b-a923-44cd-9c23-0c6d0a2e31ec', 'ipo_access_execution_rank': None, 'trade_execution_date': None}]",False,regular_hours,False,False,,,,,,"{'amount': '2078.96000000', 'currency_code': 'USD', 'currency_id': '1072fc76-1862-41ab-82c2-485837590762'}",,"{'amount': '2078.96', 'currency_code': 'USD', 'currency_id': '1072fc76-1862-41ab-82c2-485837590762'}","{'amount': '2078.96', 'currency_code': 'USD', 'currency_id': '1072fc76-1862-41ab-82c2-485837590762'}",,False,,,,,,False,True,False,True,0,,,2.0,user,False,,order_finalized,,
609155f9-e437-44dd-aac5-a3332481955e,A686A85C-B048-4D35-BBB3-D45A5C3692BC,https://api.robinhood.com/orders/609155f9-e437-44dd-aac5-a3332481955e/,https://api.robinhood.com/accounts/5SE25445/,fa785cc9-e75d-40e1-ad49-9dad4a009457,https://api.robinhood.com/positions/5SE25445/599dd133-44d3-4c1e-b992-eb08b7ab7faa/,,https://api.robinhood.com/instruments/599dd133-44d3-4c1e-b992-eb08b7ab7faa/,599dd133-44d3-4c1e-b992-eb08b7ab7faa,5.96393700,331.77410000,0.02,filled,filled,,market,sell,gfd,immediate,,,5.96393700,,2021-05-04T14:11:05.550817Z,2021-05-04T14:11:06.649424Z,2021-05-04T14:11:06.396225Z,"[{'price': '331.77400000', 'quantity': '5.96393700', 'rounded_notional': None, 'settlement_date': '2021-05-06', 'timestamp': '2021-05-04T14:11:05.862000Z', 'id': '609155fa-1524-41cf-9db3-1e8cf91eb661', 'ipo_access_execution_rank': None, 'trade_execution_date': None}]",False,regular_hours,False,False,,,,,,,,,"{'amount': '1978.68', 'currency_code': 'USD', 'currency_id': '1072fc76-1862-41ab-82c2-485837590762'}",,False,,,,,,False,True,False,True,0,,,2.0,user,False,,order_finalized,,
60896bdf-5439-4368-b5de-45208c7f5ab0,70232DEA-733A-46D0-AD87-23B9F5908554,https://api.robinhood.com/orders/60896bdf-5439-4368-b5de-45208c7f5ab0/,https://api.robinhood.com/accounts/5SE25445/,fa785cc9-e75d-40e1-ad49-9dad4a009457,https://api.robinhood.com/positions/5SE25445/1520c0c0-7b1f-4464-9b5e-800a2a3ce29f/,,https://api.robinhood.com/instruments/1520c0c0-7b1f-4464-9b5e-800a2a3ce29f/,1520c0c0-7b1f-4464-9b5e-800a2a3ce29f,0.76023400,131.17010000,0.00,filled,filled,,market,buy,gfd,immediate,137.73000000,,0.76023400,,2021-04-28T14:06:23.470930Z,2021-04-28T14:06:23.915798Z,2021-04-28T14:06:23.680524Z,"[{'price': '131.17000000', 'quantity': '0.76023400', 'rounded_notional': None, 'settlement_date': '2021-04-30', 'timestamp': '2021-04-28T14:06:23.680521Z', 'id': '60896bdf-cc6a-4e00-8445-c5fdf88ae1e4', 'ipo_access_execution_rank': None, 'trade_execution_date': None}]",False,regular_hours,False,False,,,,,,"{'amount': '99.72000000', 'currency_code': 'USD', 'currency_id': '1072fc76-1862-41ab-82c2-485837590762'}",,"{'amount': '99.72', 'currency_code': 'USD', 'currency_id': '1072fc76-1862-41ab-82c2-485837590762'}","{'amount': '99.72', 'currency_code': 'USD', 'currency_id': '1072fc76-1862-41ab-82c2-485837590762'}",,False,,,,,,False,True,False,True,0,,,0.0,user,False,,order_finalized,,
6082e7c0-9a58-4fa3-a572-0c81498c5456,36CF88F6-EC60-4A8F-ABB0-9A010CCEA11C,https://api.robinhood.com/orders/6082e7c0-9a58-4fa3-a572-0c81498c5456/,https://api.robinhood.com/accounts/5SE25445/,fa785cc9-e75d-40e1-ad49-9dad4a009457,https://api.robinhood.com/positions/5SE25445/f3acdd2f-6580-4c75-a69c-81481cc4c235/,,https://api.robinhood.com/instruments/f3acdd2f-6580-4c75-a69c-81481cc4c235/,f3acdd2f-6580-4c75-a69c-81481cc4c235,12.75090500,243.12000000,0.00,filled,filled,,market,buy,gfd,immediate,255.31000000,,12.75090500,,2021-04-23T15:29:04.664764Z,2021-04-23T15:29:05.870483Z,2021-04-23T15:29:05.617536Z,"[{'price': '243.11000000', 'quantity': '0.75142900', 'rounded_notional': None, 'settlement_date': '2021-04-27', 'timestamp': '2021-04-23T15:29:04.908319Z', 'id': '6082e7c0-9c01-42be-829e-af3265621b7d', 'ipo_access_execution_rank': None, 'trade_execution_date': None}, {'price': '243.12060000', 'quantity': '11.99947600', 'rounded_notional': None, 'settlement_date': '2021-04-27', 'timestamp': '2021-04-23T15:29:05.030000Z', 'id': '6082e7c1-2fab-450d-92b0-bedcd8c2c2bc', 'ipo_access_execution_rank': None, 'trade_execution_date': None}]",False,regular_hours,False,False,,,,,,"{'amount': '3100.00000000', 'currency_code': 'USD', 'currency_id': '1072fc76-1862-41ab-82c2-485837590762'}",,"{'amount': '3100.00', 'currency_code': 'USD', 'currency_id': '1072fc76-1862-41ab-82c2-485837590762'}","{'amount': '3100.00', 'currency_code': 'USD', 'currency_id': '1072fc76-1862-41ab-82c2-485837590762'}",,False,,,,,,False,True,False,True,0,,,2.0,user,False,,order_finalized,,
6082e7aa-d7e9-48a0-98f7-37c6e3a0a737,652E1CC6-7B93-4F9D-9EA8-33865A2F280F,https://api.robinhood.com/orders/6082e7aa-d7e9-48a0-98f7-37c6e3a0a737/,https://api.robinhood.com/accounts/5SE25445/,fa785cc9-e75d-40e1-ad49-9dad4a009457,https://api.robinhood.com/positions/5SE25445/8f92e76f-1e0e-4478-8580-16a6ffcfaef5/,,https://api.robinhood.com/instruments/8f92e76f-1e0e-4478-8580-16a6ffcfaef5/,8f92e76f-1e0e-4478-8580-16a6ffcfaef5,2.81290700,416.20290000,0.01,filled,filled,,market,sell,gfd,immediate,,,2.81290700,,2021-04-23T15:28:42.049988Z,2021-04-23T15:28:43.276712Z,2021-04-23T15:28:43.026889Z,"[{'price': '416.20180000', 'quantity': '2.81290700', 'rounded_notional': None, 'settlement_date': '2021-04-27', 'timestamp': '2021-04-23T15:28:42.383000Z', 'id': '6082e7ab-3249-4f65-9899-8174f00ddd21', 'ipo_access_execution_rank': None, 'trade_execution_date': None}]",False,regular_hours,False,False,,,,,,,,,"{'amount': '1170.74', 'currency_code': 'USD', 'currency_id': '1072fc76-1862-41ab-82c2-485837590762'}",,False,,,,,,False,True,False,True,0,,,2.0,user,False,,order_finalized,,
6082e799-aa1f-4df4-81fb-caef14093688,18857934-382F-4CFA-81C3-EF56B520C4FE,https://api.robinhood.com/orders/6082e799-aa1f-4df4-81fb-caef14093688/,https://api.robinhood.com/accounts/5SE25445/,fa785cc9-e75d-40e1-ad49-9dad4a009457,https://api.robinhood.com/positions/5SE25445/1790dd4f-a7ff-409e-90de-cad5efafde10/,,https://api.robinhood.com/instruments/1790dd4f-a7ff-409e-90de-cad5efafde10/,1790dd4f-a7ff-409e-90de-cad5efafde10,5.70760200,339.17050000,0.01,filled,filled,,market,sell,gfd,immediate,,,5.70760200,,2021-04-23T15:28:25.309864Z,2021-04-23T15:28:26.584107Z,2021-04-23T15:28:26.335014Z,"[{'price': '339.17100000', 'quantity': '5.70760200', 'rounded_notional': None, 'settlement_date': '2021-04-27', 'timestamp': '2021-04-23T15:28:25.653000Z', 'id': '6082e79a-c093-4d73-9992-c7387256a1c5', 'ipo_access_execution_rank': None, 'trade_execution_date': None}]",False,regular_hours,False,False,,,,,,,,,"{'amount': '1935.85', 'currency_code': 'USD', 'currency_id': '1072fc76-1862-41ab-82c2-485837590762'}",,False,,,,,,False,True,False,True,0,,,2.0,user,False,,order_finalized,,
607eebcf-8c6a-48fb-8583-47822cc5f56a,2ACD5857-4157-4922-9121-875A0D8C325C,https://api.robinhood.com/orders/607eebcf-8c6a-48fb-8583-47822cc5f56a/,https://api.robinhood.com/accounts/5SE25445/,fa785cc9-e75d-40e1-ad49-9dad4a009457,https://api.robinhood.com/positions/5SE25445/f3acdd2f-6580-4c75-a69c-81481cc4c235/,,https://api.robinhood.com/instruments/f3acdd2f-6580-4c75-a69c-81481cc4c235/,f3acdd2f-6580-4c75-a69c-81481cc4c235,7.21768200,247.45060000,0.00,filled,filled,,market,buy,gfd,immediate,259.91000000,,7.21768200,,2021-04-20T14:57:19.695023Z,2021-04-20T14:57:20.946121Z,2021-04-20T14:57:20.688349Z,"[{'price': '247.40000000', 'quantity': '0.21915900', 'rounded_notional': None, 'settlement_date': '2021-04-22', 'timestamp': '2021-04-20T14:57:19.879033Z', 'id': '607eebcf-bc2d-47ca-8bb3-32b00590bc73', 'ipo_access_execution_rank': None, 'trade_execution_date': None}, {'price': '247.45220000', 'quantity': '6.99852300', 'rounded_notional': None, 'settlement_date': '2021-04-22', 'timestamp': '2021-04-20T14:57:20.001000Z', 'id': '607eebd0-d41c-4603-a29c-3d66347b85eb', 'ipo_access_execution_rank': None, 'trade_execution_date': None}]",False,regular_hours,False,False,,,,,,"{'amount': '1786.02000000', 'currency_code': 'USD', 'currency_id': '1072fc76-1862-41ab-82c2-485837590762'}",,"{'amount': '1786.02', 'currency_code': 'USD', 'currency_id': '1072fc76-1862-41ab-82c2-485837590762'}","{'amount': '1786.02', 'currency_code': 'USD', 'currency_id': '1072fc76-1862-41ab-82c2-485837590762'}",,False,,,,,,False,True,False,True,0,,,2.0,user,False,,order_finalized,,
607eebb5-2d15-404e-bbf5-88ead7afe424,DDBA5661-A827-4961-B571-5162ED7DC26B,https://api.robinhood.com/orders/607eebb5-2d15-404e-bbf5-88ead7afe424/,https://api.robinhood.com/accounts/5SE25445/,fa785cc9-e75d-40e1-ad49-9dad4a009457,https://api.robinhood.com/positions/5SE25445/ad1edbfb-19c8-4939-be66-1f09bd65b902/,,https://api.robinhood.com/instruments/ad1edbfb-19c8-4939-be66-1f09bd65b902/,ad1edbfb-19c8-4939-be66-1f09bd65b902,12.71482100,140.44080000,0.01,filled,filled,,market,sell,gfd,immediate,,,12.71482100,,2021-04-20T14:56:53.823252Z,2021-04-20T14:56:55.133417Z,2021-04-20T14:56:54.890518Z,"[{'price': '140.44100000', 'quantity': '12.71482100', 'rounded_notional': None, 'settlement_date': '2021-04-22', 'timestamp': '2021-04-20T14:56:54.298000Z', 'id': '607eebb6-3880-4fba-8a38-268e1ed5a572', 'ipo_access_execution_rank': None, 'trade_execution_date': None}]",False,regular_hours,False,False,,,,,,,,,"{'amount': '1785.68', 'currency_code': 'USD', 'currency_id': '1072fc76-1862-41ab-82c2-485837590762'}",,False,,,,,,False,True,False,True,0,,,2.0,user,False,,order_finalized,,
607dd788-2520-4512-8575-0284dd7b45ee,AB55C3D6-CE2C-474F-A670-4ACCB3E025F6,https://api.robinhood.com/orders/607dd788-2520-4512-8575-0284dd7b45ee/,https://api.robinhood.com/accounts/5SE25445/,fa785cc9-e75d-40e1-ad49-9dad4a009457,https://api.robinhood.com/positions/5SE25445/f3acdd2f-6580-4c75-a69c-81481cc4c235/,,https://api.robinhood.com/instruments/f3acdd2f-6580-4c75-a69c-81481cc4c235/,f3acdd2f-6580-4c75-a69c-81481cc4c235,3.24266300,245.78560000,0.00,filled,filled,,market,buy,gfd,immediate,258.14000000,,3.24266300,,2021-04-19T19:18:32.120504Z,2021-04-19T19:18:33.312943Z,2021-04-19T19:18:33.068664Z,"[{'price': '245.76500000', 'quantity': '0.24293500', 'rounded_notional': None, 'settlement_date': '2021-04-21', 'timestamp': '2021-04-19T19:18:32.380466Z', 'id': '607dd788-cc23-4840-81ec-e34b84b3dd50', 'ipo_access_execution_rank': None, 'trade_execution_date': None}, {'price': '245.78890000', 'quantity': '2.99972800', 'rounded_notional': None, 'settlement_date': '2021-04-21', 'timestamp': '2021-04-19T19:18:32.440000Z', 'id': '607dd789-9780-453c-81f6-71cb81550bad', 'ipo_access_execution_rank': None, 'trade_execution_date': None}]",False,regular_hours,False,False,,,,,,"{'amount': '797.00000000', 'currency_code': 'USD', 'currency_id': '1072fc76-1862-41ab-82c2-485837590762'}",,"{'amount': '797.00', 'currency_code': 'USD', 'currency_id': '1072fc76-1862-41ab-82c2-485837590762'}","{'amount': '797.00', 'currency_code': 'USD', 'currency_id': '1072fc76-1862-41ab-82c2-485837590762'}",,False,,,,,,False,True,False,True,0,,,2.0,user,False,,order_finalized,,
607dc0c2-7fb8-4a9a-8dd3-9c250d7d75da,3C5FC0AC-7C39-484B-9428-A100C926BAE8,https://api.robinhood.com/orders/607dc0c2-7fb8-4a9a-8dd3-9c250d7d75da/,https://api.robinhood.com/accounts/5SE25445/,fa785cc9-e75d-40e1-ad49-9dad4a009457,https://api.robinhood.com/positions/5SE25445/f3acdd2f-6580-4c75-a69c-81481cc4c235/,,https://api.robinhood.com/instruments/f3acdd2f-6580-4c75-a69c-81481cc4c235/,f3acdd2f-6580-4c75-a69c-81481cc4c235,1.01653100,245.93450000,0.00,filled,filled,,market,buy,gfd,immediate,258.19000000,,1.01653100,,2021-04-19T17:41:22.734778Z,2021-04-19T17:41:23.914667Z,2021-04-19T17:41:23.672470Z,"[{'price': '245.88500000', 'quantity': '0.01673500', 'rounded_notional': None, 'settlement_date': '2021-04-21', 'timestamp': '2021-04-19T17:41:22.948275Z', 'id': '607dc0c2-905c-44a7-b5fd-7f21461e1d69', 'ipo_access_execution_rank': None, 'trade_execution_date': None}, {'price': '245.94000000', 'quantity': '0.99979600', 'rounded_notional': None, 'settlement_date': '2021-04-21', 'timestamp': '2021-04-19T17:41:23.076000Z', 'id': '607dc0c3-6a0d-47de-87be-7406ee689b99', 'ipo_access_execution_rank': None, 'trade_execution_date': None}]",False,regular_hours,False,False,,,,,,"{'amount': '250.00000000', 'currency_code': 'USD', 'currency_id': '1072fc76-1862-41ab-82c2-485837590762'}",,"{'amount': '250.00', 'currency_code': 'USD', 'currency_id': '1072fc76-1862-41ab-82c2-485837590762'}","{'amount': '250.00', 'currency_code': 'USD', 'currency_id': '1072fc76-1862-41ab-82c2-485837590762'}",,False,,,,,,False,True,False,True,0,,,2.0,user,False,,order_finalized,,
607dc0ab-0f9b-41f7-b877-2c084f50ba3f,70B3E88A-D8E1-4062-A61B-7D76B444CA1D,https://api.robinhood.com/orders/607dc0ab-0f9b-41f7-b877-2c084f50ba3f/,https://api.robinhood.com/accounts/5SE25445/,fa785cc9-e75d-40e1-ad49-9dad4a009457,https://api.robinhood.com/positions/5SE25445/846ae64b-c4dd-432c-9f26-44afd60ed82b/,,https://api.robinhood.com/instruments/846ae64b-c4dd-432c-9f26-44afd60ed82b/,846ae64b-c4dd-432c-9f26-44afd60ed82b,4.99345900,180.84060000,0.01,filled,filled,,market,sell,gfd,immediate,,,4.99345900,,2021-04-19T17:40:59.157858Z,2021-04-19T17:41:00.251010Z,2021-04-19T17:41:00.013817Z,"[{'price': '180.83970000', 'quantity': '4.99345900', 'rounded_notional': None, 'settlement_date': '2021-04-21', 'timestamp': '2021-04-19T17:40:59.485000Z', 'id': '607dc0ac-4931-44c6-be06-9072229656ae', 'ipo_access_execution_rank': None, 'trade_execution_date': None}]",False,regular_hours,False,False,,,,,,,,,"{'amount': '903.02', 'currency_code': 'USD', 'currency_id': '1072fc76-1862-41ab-82c2-485837590762'}",,False,,,,,,False,True,False,True,0,,,2.0,user,False,,order_finalized,,
60770c07-3fe0-4a94-8434-b8aeaedb74aa,B6D8CC76-DED4-4607-AAD7-EFFD38C4632E,https://api.robinhood.com/orders/60770c07-3fe0-4a94-8434-b8aeaedb74aa/,https://api.robinhood.com/accounts/5SE25445/,fa785cc9-e75d-40e1-ad49-9dad4a009457,https://api.robinhood.com/positions/5SE25445/f3acdd2f-6580-4c75-a69c-81481cc4c235/,,https://api.robinhood.com/instruments/f3acdd2f-6580-4c75-a69c-81481cc4c235/,f3acdd2f-6580-4c75-a69c-81481cc4c235,1.40107700,262.65510000,0.00,filled,filled,,market,buy,gfd,immediate,276.04000000,,1.40107700,,2021-04-14T15:36:39.633807Z,2021-04-14T15:36:40.963954Z,2021-04-14T15:36:40.704352Z,"[{'price': '262.65500000', 'quantity': '0.40107700', 'rounded_notional': None, 'settlement_date': '2021-04-16', 'timestamp': '2021-04-14T15:36:39.850348Z', 'id': '60770c07-3f5e-4aa3-b0f1-480e35344650', 'ipo_access_execution_rank': None, 'trade_execution_date': None}, {'price': '262.65970000', 'quantity': '1.00000000', 'rounded_notional': None, 'settlement_date': '2021-04-16', 'timestamp': '2021-04-14T15:36:39.984000Z', 'id': '60770c08-57db-46f3-80b5-f01238513238', 'ipo_access_execution_rank': None, 'trade_execution_date': None}]",False,regular_hours,False,False,,,,,,"{'amount': '368.00000000', 'currency_code': 'USD', 'currency_id': '1072fc76-1862-41ab-82c2-485837590762'}",,"{'amount': '368.00', 'currency_code': 'USD', 'currency_id': '1072fc76-1862-41ab-82c2-485837590762'}","{'amount': '368.00', 'currency_code': 'USD', 'currency_id': '1072fc76-1862-41ab-82c2-485837590762'}",,False,,,,,,False,True,False,True,0,,,2.0,user,False,,order_finalized,,
607701f1-dac9-44ee-a1b2-db8b23244f28,35003894-FAA0-4C0F-A113-4751CB6C5E4A,https://api.robinhood.com/orders/607701f1-dac9-44ee-a1b2-db8b23244f28/,https://api.robinhood.com/accounts/5SE25445/,fa785cc9-e75d-40e1-ad49-9dad4a009457,https://api.robinhood.com/positions/5SE25445/8f92e76f-1e0e-4478-8580-16a6ffcfaef5/,,https://api.robinhood.com/instruments/8f92e76f-1e0e-4478-8580-16a6ffcfaef5/,8f92e76f-1e0e-4478-8580-16a6ffcfaef5,1.81290700,413.70020000,0.00,filled,filled,,market,buy,gfd,immediate,434.37000000,,1.81290700,,2021-04-14T14:53:37.502873Z,2021-04-14T14:53:38.717965Z,2021-04-14T14:53:38.468414Z,"[{'price': '413.70000000', 'quantity': '1.81290700', 'rounded_notional': None, 'settlement_date': '2021-04-16', 'timestamp': '2021-04-14T14:53:37.785000Z', 'id': '607701f2-9a4d-41a9-8d89-680018d79503', 'ipo_access_execution_rank': None, 'trade_execution_date': None}]",False,regular_hours,False,False,,,,,,"{'amount': '750.00000000', 'currency_code': 'USD', 'currency_id': '1072fc76-1862-41ab-82c2-485837590762'}",,"{'amount': '750.00', 'currency_code': 'USD', 'currency_id': '1072fc76-1862-41ab-82c2-485837590762'}","{'amount': '750.00', 'currency_code': 'USD', 'currency_id': '1072fc76-1862-41ab-82c2-485837590762'}",,False,,,,,,False,True,False,True,0,,,2.0,user,False,,order_finalized,,
607701af-1a90-43fc-8472-998908484c8e,627B85A4-6316-494C-B732-53DCC80439DA,https://api.robinhood.com/orders/607701af-1a90-43fc-8472-998908484c8e/,https://api.robinhood.com/accounts/5SE25445/,fa785cc9-e75d-40e1-ad49-9dad4a009457,https://api.robinhood.com/positions/5SE25445/de0e6dc1-ca4d-4df7-a07e-baad8b1fcc11/,,https://api.robinhood.com/instruments/de0e6dc1-ca4d-4df7-a07e-baad8b1fcc11/,de0e6dc1-ca4d-4df7-a07e-baad8b1fcc11,3.29414600,230.10520000,0.00,filled,filled,,market,buy,gfd,immediate,241.62000000,,3.29414600,,2021-04-14T14:52:31.045186Z,2021-04-14T14:52:32.079129Z,2021-04-14T14:52:31.824173Z,"[{'price': '230.09000000', 'quantity': '0.29436300', 'rounded_notional': None, 'settlement_date': '2021-04-16', 'timestamp': '2021-04-14T14:52:31.257145Z', 'id': '607701af-5fdc-4218-b22c-8bfe897ab464', 'ipo_access_execution_rank': None, 'trade_execution_date': None}, {'price': '230.10660000', 'quantity': '2.99978300', 'rounded_notional': None, 'settlement_date': '2021-04-16', 'timestamp': '2021-04-14T14:52:31.331000Z', 'id': '607701af-4ef7-4961-b817-c0cc4f56ab19', 'ipo_access_execution_rank': None, 'trade_execution_date': None}]",False,regular_hours,False,False,,,,,,"{'amount': '758.00000000', 'currency_code': 'USD', 'currency_id': '1072fc76-1862-41ab-82c2-485837590762'}",,"{'amount': '758.00', 'currency_code': 'USD', 'currency_id': '1072fc76-1862-41ab-82c2-485837590762'}","{'amount': '758.00', 'currency_code': 'USD', 'currency_id': '1072fc76-1862-41ab-82c2-485837590762'}",,False,,,,,,False,True,False,True,0,,,2.0,user,False,,order_finalized,,
607701a0-1211-493f-a2e8-f882234cd4ee,386E9C86-4F23-44A5-A189-DBA383CE3AA9,https://api.robinhood.com/orders/607701a0-1211-493f-a2e8-f882234cd4ee/,https://api.robinhood.com/accounts/5SE25445/,fa785cc9-e75d-40e1-ad49-9dad4a009457,https://api.robinhood.com/positions/5SE25445/309344d3-af67-4190-9970-b10618959fe5/,,https://api.robinhood.com/instruments/309344d3-af67-4190-9970-b10618959fe5/,309344d3-af67-4190-9970-b10618959fe5,2.74842100,272.88400000,0.00,filled,filled,,market,buy,gfd,immediate,286.51000000,,2.74842100,,2021-04-14T14:52:16.269167Z,2021-04-14T14:52:17.419225Z,2021-04-14T14:52:17.164872Z,"[{'price': '272.88390000', 'quantity': '2.74842100', 'rounded_notional': None, 'settlement_date': '2021-04-16', 'timestamp': '2021-04-14T14:52:16.594000Z', 'id': '607701a1-6643-41ad-8116-5179ba23667d', 'ipo_access_execution_rank': None, 'trade_execution_date': None}]",False,regular_hours,False,False,,,,,,"{'amount': '750.00000000', 'currency_code': 'USD', 'currency_id': '1072fc76-1862-41ab-82c2-485837590762'}",,"{'amount': '750.00', 'currency_code': 'USD', 'currency_id': '1072fc76-1862-41ab-82c2-485837590762'}","{'amount': '750.00', 'currency_code': 'USD', 'currency_id': '1072fc76-1862-41ab-82c2-485837590762'}",,False,,,,,,False,True,False,True,0,,,2.0,user,False,,order_finalized,,
60770192-7428-4af3-ba54-05742c5d06bd,E51EFB08-BCEF-49FC-88F1-F0F6494A7881,https://api.robinhood.com/orders/60770192-7428-4af3-ba54-05742c5d06bd/,https://api.robinhood.com/accounts/5SE25445/,fa785cc9-e75d-40e1-ad49-9dad4a009457,https://api.robinhood.com/positions/5SE25445/1790dd4f-a7ff-409e-90de-cad5efafde10/,,https://api.robinhood.com/instruments/1790dd4f-a7ff-409e-90de-cad5efafde10/,1790dd4f-a7ff-409e-90de-cad5efafde10,2.20760200,339.73520000,0.00,filled,filled,,market,buy,gfd,immediate,356.76000000,,2.20760200,,2021-04-14T14:52:02.429553Z,2021-04-14T14:52:03.471677Z,2021-04-14T14:52:03.223379Z,"[{'price': '339.73500000', 'quantity': '0.20760200', 'rounded_notional': None, 'settlement_date': '2021-04-16', 'timestamp': '2021-04-14T14:52:02.618297Z', 'id': '60770192-c37b-46ca-8490-46ac7428a775', 'ipo_access_execution_rank': None, 'trade_execution_date': None}, {'price': '339.73500000', 'quantity': '2.00000000', 'rounded_notional': None, 'settlement_date': '2021-04-16', 'timestamp': '2021-04-14T14:52:02.741000Z', 'id': '60770193-9de3-466f-92a6-2df119899fa8', 'ipo_access_execution_rank': None, 'trade_execution_date': None}]",False,regular_hours,False,False,,,,,,"{'amount': '750.00000000', 'currency_code': 'USD', 'currency_id': '1072fc76-1862-41ab-82c2-485837590762'}",,"{'amount': '750.00', 'currency_code': 'USD', 'currency_id': '1072fc76-1862-41ab-82c2-485837590762'}","{'amount': '750.00', 'currency_code': 'USD', 'currency_id': '1072fc76-1862-41ab-82c2-485837590762'}",,False,,,,,,False,True,False,True,0,,,2.0,user,False,,order_finalized,,
60770184-49af-42fb-b352-b41fabf9e6c7,451B0593-609C-4E7B-8B91-C05101A1ED18,https://api.robinhood.com/orders/60770184-49af-42fb-b352-b41fabf9e6c7/,https://api.robinhood.com/accounts/5SE25445/,fa785cc9-e75d-40e1-ad49-9dad4a009457,https://api.robinhood.com/positions/5SE25445/ad1edbfb-19c8-4939-be66-1f09bd65b902/,,https://api.robinhood.com/instruments/ad1edbfb-19c8-4939-be66-1f09bd65b902/,ad1edbfb-19c8-4939-be66-1f09bd65b902,5.41482100,138.50870000,0.00,filled,filled,,market,buy,gfd,immediate,145.43000000,,5.41482100,,2021-04-14T14:51:48.985734Z,2021-04-14T14:51:50.147659Z,2021-04-14T14:51:49.904344Z,"[{'price': '138.50500000', 'quantity': '0.41496600', 'rounded_notional': None, 'settlement_date': '2021-04-16', 'timestamp': '2021-04-14T14:51:49.215870Z', 'id': '60770185-4da8-4f67-8519-301e9a2c5c69', 'ipo_access_execution_rank': None, 'trade_execution_date': None}, {'price': '138.51000000', 'quantity': '4.99985500', 'rounded_notional': None, 'settlement_date': '2021-04-16', 'timestamp': '2021-04-14T14:51:49.280000Z', 'id': '60770185-7576-4312-a6ac-e3351c0a6189', 'ipo_access_execution_rank': None, 'trade_execution_date': None}]",False,regular_hours,False,False,,,,,,"{'amount': '750.00000000', 'currency_code': 'USD', 'currency_id': '1072fc76-1862-41ab-82c2-485837590762'}",,"{'amount': '750.00', 'currency_code': 'USD', 'currency_id': '1072fc76-1862-41ab-82c2-485837590762'}","{'amount': '750.00', 'currency_code': 'USD', 'currency_id': '1072fc76-1862-41ab-82c2-485837590762'}",,False,,,,,,False,True,False,True,0,,,2.0,user,False,,order_finalized,,
60770172-2088-4b2a-8571-ff7f46df2d68,B97733DF-06C3-4854-A95C-80615456A7ED,https://api.robinhood.com/orders/60770172-2088-4b2a-8571-ff7f46df2d68/,https://api.robinhood.com/accounts/5SE25445/,fa785cc9-e75d-40e1-ad49-9dad4a009457,https://api.robinhood.com/positions/5SE25445/1520c0c0-7b1f-4464-9b5e-800a2a3ce29f/,,https://api.robinhood.com/instruments/1520c0c0-7b1f-4464-9b5e-800a2a3ce29f/,1520c0c0-7b1f-4464-9b5e-800a2a3ce29f,5.55761300,134.95000000,0.00,filled,filled,,market,buy,gfd,immediate,141.68000000,,5.55761300,,2021-04-14T14:51:30.814067Z,2021-04-14T14:51:32.127335Z,2021-04-14T14:51:31.877871Z,"[{'price': '134.95000000', 'quantity': '5.55761300', 'rounded_notional': None, 'settlement_date': '2021-04-16', 'timestamp': '2021-04-14T14:51:31.167000Z', 'id': '60770173-b194-43ce-829b-a137596614c0', 'ipo_access_execution_rank': None, 'trade_execution_date': None}]",False,regular_hours,False,False,,,,,,"{'amount': '750.00000000', 'currency_code': 'USD', 'currency_id': '1072fc76-1862-41ab-82c2-485837590762'}",,"{'amount': '750.00', 'currency_code': 'USD', 'currency_id': '1072fc76-1862-41ab-82c2-485837590762'}","{'amount': '750.00', 'currency_code': 'USD', 'currency_id': '1072fc76-1862-41ab-82c2-485837590762'}",,False,,,,,,False,True,False,True,0,,,2.0,user,False,,order_finalized,,
60770164-6d16-4a2b-8615-b7930f8dc1d9,3C188EE8-EA68-45D9-83A4-83A0EFCB2597,https://api.robinhood.com/orders/60770164-6d16-4a2b-8615-b7930f8dc1d9/,https://api.robinhood.com/accounts/5SE25445/,fa785cc9-e75d-40e1-ad49-9dad4a009457,https://api.robinhood.com/positions/5SE25445/50810c35-d215-4866-9758-0ada4ac79ffa/,,https://api.robinhood.com/instruments/50810c35-d215-4866-9758-0ada4ac79ffa/,50810c35-d215-4866-9758-0ada4ac79ffa,2.90787800,257.92000000,0.00,filled,filled,,market,buy,gfd,immediate,270.88000000,,2.90787800,,2021-04-14T14:51:16.634713Z,2021-04-14T14:51:18.194320Z,2021-04-14T14:51:17.942207Z,"[{'price': '257.92000000', 'quantity': '2.90787800', 'rounded_notional': None, 'settlement_date': '2021-04-16', 'timestamp': '2021-04-14T14:51:17.022000Z', 'id': '60770165-6f5e-4fd3-8da9-ca9a4e51716a', 'ipo_access_execution_rank': None, 'trade_execution_date': None}]",False,regular_hours,False,False,,,,,,"{'amount': '750.00000000', 'currency_code': 'USD', 'currency_id': '1072fc76-1862-41ab-82c2-485837590762'}",,"{'amount': '750.00', 'currency_code': 'USD', 'currency_id': '1072fc76-1862-41ab-82c2-485837590762'}","{'amount': '750.00', 'currency_code': 'USD', 'currency_id': '1072fc76-1862-41ab-82c2-485837590762'}",,False,,,,,,False,True,False,True,0,,,2.0,user,False,,order_finalized,,
60770158-a1ec-4c89-8853-16ccf6b550ee,A9C8AA74-ACAB-4179-BBA8-67AB57D5A846,https://api.robinhood.com/orders/60770158-a1ec-4c89-8853-16ccf6b550ee/,https://api.robinhood.com/accounts/5SE25445/,fa785cc9-e75d-40e1-ad49-9dad4a009457,https://api.robinhood.com/positions/5SE25445/450dfc6d-5510-4d40-abfb-f633b7d9be3e/,,https://api.robinhood.com/instruments/450dfc6d-5510-4d40-abfb-f633b7d9be3e/,450dfc6d-5510-4d40-abfb-f633b7d9be3e,5.60936300,133.70500000,0.00,filled,filled,,market,buy,gfd,immediate,140.43000000,,5.60936300,,2021-04-14T14:51:04.312505Z,2021-04-14T14:51:05.534722Z,2021-04-14T14:51:05.279004Z,"[{'price': '133.70500000', 'quantity': '5.60936300', 'rounded_notional': None, 'settlement_date': '2021-04-16', 'timestamp': '2021-04-14T14:51:04.625000Z', 'id': '60770159-b1ef-42f3-a012-7a24ac4e9fa0', 'ipo_access_execution_rank': None, 'trade_execution_date': None}]",False,regular_hours,False,False,,,,,,"{'amount': '750.00000000', 'currency_code': 'USD', 'currency_id': '1072fc76-1862-41ab-82c2-485837590762'}",,"{'amount': '750.00', 'currency_code': 'USD', 'currency_id': '1072fc76-1862-41ab-82c2-485837590762'}","{'amount': '750.00', 'currency_code': 'USD', 'currency_id': '1072fc76-1862-41ab-82c2-485837590762'}",,False,,,,,,False,True,False,True,0,,,2.0,user,False,,order_finalized,,
6077014c-af18-4a0c-baa5-386247afc503,3A456D8F-BB57-4957-9FDF-DDD0F8C430C1,https://api.robinhood.com/orders/6077014c-af18-4a0c-baa5-386247afc503/,https://api.robinhood.com/accounts/5SE25445/,fa785cc9-e75d-40e1-ad49-9dad4a009457,https://api.robinhood.com/positions/5SE25445/c0bb3aec-bd1e-471e-a4f0-ca011cbec711/,,https://api.robinhood.com/instruments/c0bb3aec-bd1e-471e-a4f0-ca011cbec711/,c0bb3aec-bd1e-471e-a4f0-ca011cbec711,0.22255200,3369.99890000,0.00,filled,filled,,market,buy,gfd,immediate,3539.13000000,,0.22255200,,2021-04-14T14:50:52.552485Z,2021-04-14T14:50:52.997670Z,2021-04-14T14:50:52.759694Z,"[{'price': '3369.99500000', 'quantity': '0.22255200', 'rounded_notional': None, 'settlement_date': '2021-04-16', 'timestamp': '2021-04-14T14:50:52.759692Z', 'id': '6077014c-c076-4a11-b015-cd892f3899ce', 'ipo_access_execution_rank': None, 'trade_execution_date': None}]",False,regular_hours,False,False,,,,,,"{'amount': '750.00000000', 'currency_code': 'USD', 'currency_id': '1072fc76-1862-41ab-82c2-485837590762'}",,"{'amount': '750.00', 'currency_code': 'USD', 'currency_id': '1072fc76-1862-41ab-82c2-485837590762'}","{'amount': '750.00', 'currency_code': 'USD', 'currency_id': '1072fc76-1862-41ab-82c2-485837590762'}",,False,,,,,,False,True,False,True,0,,,0.0,user,False,,order_finalized,,
60770141-5eb0-42a3-b85f-b80b51c6f596,C628858C-629D-4F3F-88AF-797A33E3741E,https://api.robinhood.com/orders/60770141-5eb0-42a3-b85f-b80b51c6f596/,https://api.robinhood.com/accounts/5SE25445/,fa785cc9-e75d-40e1-ad49-9dad4a009457,https://api.robinhood.com/positions/5SE25445/599dd133-44d3-4c1e-b992-eb08b7ab7faa/,,https://api.robinhood.com/instruments/599dd133-44d3-4c1e-b992-eb08b7ab7faa/,599dd133-44d3-4c1e-b992-eb08b7ab7faa,2.33780700,320.81350000,0.00,filled,filled,,market,buy,gfd,immediate,336.89000000,,2.33780700,,2021-04-14T14:50:41.062016Z,2021-04-14T14:50:42.163558Z,2021-04-14T14:50:41.913052Z,"[{'price': '320.80500000', 'quantity': '0.33786800', 'rounded_notional': None, 'settlement_date': '2021-04-16', 'timestamp': '2021-04-14T14:50:41.270883Z', 'id': '60770141-f071-4042-a7bb-6b53374fd55a', 'ipo_access_execution_rank': None, 'trade_execution_date': None}, {'price': '320.81470000', 'quantity': '1.99993900', 'rounded_notional': None, 'settlement_date': '2021-04-16', 'timestamp': '2021-04-14T14:50:41.363000Z', 'id': '60770141-dc1f-4258-8fd9-0da59e8b7062', 'ipo_access_execution_rank': None, 'trade_execution_date': None}]",False,regular_hours,False,False,,,,,,"{'amount': '750.00000000', 'currency_code': 'USD', 'currency_id': '1072fc76-1862-41ab-82c2-485837590762'}",,"{'amount': '750.00', 'currency_code': 'USD', 'currency_id': '1072fc76-1862-41ab-82c2-485837590762'}","{'amount': '750.00', 'currency_code': 'USD', 'currency_id': '1072fc76-1862-41ab-82c2-485837590762'}",,False,,,,,,False,True,False,True,0,,,2.0,user,False,,order_finalized,,
60770136-4fd5-470c-a2e1-4f507252a26d,4D97E900-9063-415A-A20F-82D5BF273DB6,https://api.robinhood.com/orders/60770136-4fd5-470c-a2e1-4f507252a26d/,https://api.robinhood.com/accounts/5SE25445/,fa785cc9-e75d-40e1-ad49-9dad4a009457,https://api.robinhood.com/positions/5SE25445/846ae64b-c4dd-432c-9f26-44afd60ed82b/,,https://api.robinhood.com/instruments/846ae64b-c4dd-432c-9f26-44afd60ed82b/,846ae64b-c4dd-432c-9f26-44afd60ed82b,3.94757600,189.99000000,0.00,filled,filled,,market,buy,gfd,immediate,199.48000000,,3.94757600,,2021-04-14T14:50:30.441118Z,2021-04-14T14:50:31.704987Z,2021-04-14T14:50:31.459440Z,"[{'price': '189.99000000', 'quantity': '3.94757600', 'rounded_notional': None, 'settlement_date': '2021-04-16', 'timestamp': '2021-04-14T14:50:30.809000Z', 'id': '60770137-b956-4a09-876f-8912a176dd31', 'ipo_access_execution_rank': None, 'trade_execution_date': None}]",False,regular_hours,False,False,,,,,,"{'amount': '750.00000000', 'currency_code': 'USD', 'currency_id': '1072fc76-1862-41ab-82c2-485837590762'}",,"{'amount': '750.00', 'currency_code': 'USD', 'currency_id': '1072fc76-1862-41ab-82c2-485837590762'}","{'amount': '750.00', 'currency_code': 'USD', 'currency_id': '1072fc76-1862-41ab-82c2-485837590762'}",,False,,,,,,False,True,False,True,0,,,2.0,user,False,,order_finalized,,
60770121-d25b-412d-85eb-6edb84e1353c,644E6285-E58C-4130-9312-2EAC1BC8B068,https://api.robinhood.com/orders/60770121-d25b-412d-85eb-6edb84e1353c/,https://api.robinhood.com/accounts/5SE25445/,fa785cc9-e75d-40e1-ad49-9dad4a009457,https://api.robinhood.com/positions/5SE25445/f3acdd2f-6580-4c75-a69c-81481cc4c235/,,https://api.robinhood.com/instruments/f3acdd2f-6580-4c75-a69c-81481cc4c235/,f3acdd2f-6580-4c75-a69c-81481cc4c235,2.81127600,266.78280000,0.00,filled,filled,,market,buy,gfd,immediate,280.11000000,,2.81127600,,2021-04-14T14:50:09.401313Z,2021-04-14T14:50:10.662808Z,2021-04-14T14:50:10.403483Z,"[{'price': '266.78270000', 'quantity': '2.81127600', 'rounded_notional': None, 'settlement_date': '2021-04-16', 'timestamp': '2021-04-14T14:50:09.744000Z', 'id': '60770122-cfe3-44f5-9a80-75cb063b6d44', 'ipo_access_execution_rank': None, 'trade_execution_date': None}]",False,regular_hours,False,False,,,,,,"{'amount': '750.00000000', 'currency_code': 'USD', 'currency_id': '1072fc76-1862-41ab-82c2-485837590762'}",,"{'amount': '750.00', 'currency_code': 'USD', 'currency_id': '1072fc76-1862-41ab-82c2-485837590762'}","{'amount': '750.00', 'currency_code': 'USD', 'currency_id': '1072fc76-1862-41ab-82c2-485837590762'}",,False,,,,,,False,True,False,True,0,,,2.0,user,False,,order_finalized,,
6076ff90-bf4d-4d23-be5b-deed4eefe5c4,78EF67CB-A1C4-4FC5-84B4-2B82C46C7CD0,https://api.robinhood.com/orders/6076ff90-bf4d-4d23-be5b-deed4eefe5c4/,https://api.robinhood.com/accounts/5SE25445/,fa785cc9-e75d-40e1-ad49-9dad4a009457,https://api.robinhood.com/positions/5SE25445/309344d3-af67-4190-9970-b10618959fe5/,,https://api.robinhood.com/instruments/309344d3-af67-4190-9970-b10618959fe5/,309344d3-af67-4190-9970-b10618959fe5,3.00000000,272.01330000,0.00,filled,filled,,market,buy,gfd,immediate,285.52000000,,3.00000000,,2021-04-14T14:43:28.095818Z,2021-04-14T14:43:28.829073Z,2021-04-14T14:43:28.367000Z,"[{'price': '272.01220000', 'quantity': '3.00000000', 'rounded_notional': None, 'settlement_date': '2021-04-16', 'timestamp': '2021-04-14T14:43:28.362000Z', 'id': '6076ff90-7477-496f-aab2-4c5989ad53db', 'ipo_access_execution_rank': None, 'trade_execution_date': None}]",False,regular_hours,False,False,,,,,,,,"{'amount': '856.56', 'currency_code': 'USD', 'currency_id': '1072fc76-1862-41ab-82c2-485837590762'}","{'amount': '816.04', 'currency_code': 'USD', 'currency_id': '1072fc76-1862-41ab-82c2-485837590762'}",,False,,,,,,False,True,False,True,0,,,2.0,user,False,,order_finalized,,
6076ff73-4ea3-44bf-8cdf-f85a3b092c9f,B85D37ED-60FD-4D2D-B0F6-B553BF073C26,https://api.robinhood.com/orders/6076ff73-4ea3-44bf-8cdf-f85a3b092c9f/,https://api.robinhood.com/accounts/5SE25445/,fa785cc9-e75d-40e1-ad49-9dad4a009457,https://api.robinhood.com/positions/5SE25445/ad1edbfb-19c8-4939-be66-1f09bd65b902/,,https://api.robinhood.com/instruments/ad1edbfb-19c8-4939-be66-1f09bd65b902/,ad1edbfb-19c8-4939-be66-1f09bd65b902,6.30000000,138.64760000,0.00,filled,filled,,market,buy,gfd,immediate,145.57000000,,6.30000000,,2021-04-14T14:42:59.522222Z,2021-04-14T14:43:00.581732Z,2021-04-14T14:43:00.310115Z,"[{'price': '138.64000000', 'quantity': '0.30000000', 'rounded_notional': None, 'settlement_date': '2021-04-16', 'timestamp': '2021-04-14T14:42:59.744495Z', 'id': '6076ff73-12e6-4228-9daf-dd953549ee32', 'ipo_access_execution_rank': None, 'trade_execution_date': None}, {'price': '138.64780000', 'quantity': '6.00000000', 'rounded_notional': None, 'settlement_date': '2021-04-16', 'timestamp': '2021-04-14T14:42:59.832000Z', 'id': '6076ff74-cb04-4b25-9fac-6f0f69652662', 'ipo_access_execution_rank': None, 'trade_execution_date': None}]",False,regular_hours,False,False,,,,,,,,"{'amount': '917.10', 'currency_code': 'USD', 'currency_id': '1072fc76-1862-41ab-82c2-485837590762'}","{'amount': '873.48', 'currency_code': 'USD', 'currency_id': '1072fc76-1862-41ab-82c2-485837590762'}",,False,,,,,,False,True,False,True,0,,,2.0,user,False,,order_finalized,,
6076ff52-f261-425f-99f8-267f3a87963c,EC22630D-FA00-4EAA-8D3C-F107E59A9AAD,https://api.robinhood.com/orders/6076ff52-f261-425f-99f8-267f3a87963c/,https://api.robinhood.com/accounts/5SE25445/,fa785cc9-e75d-40e1-ad49-9dad4a009457,https://api.robinhood.com/positions/5SE25445/450dfc6d-5510-4d40-abfb-f633b7d9be3e/,,https://api.robinhood.com/instruments/450dfc6d-5510-4d40-abfb-f633b7d9be3e/,450dfc6d-5510-4d40-abfb-f633b7d9be3e,10.00000000,133.56500000,0.00,filled,filled,,market,buy,gfd,immediate,140.22000000,,10.00000000,,2021-04-14T14:42:26.398873Z,2021-04-14T14:42:27.096810Z,2021-04-14T14:42:26.658000Z,"[{'price': '133.56500000', 'quantity': '10.00000000', 'rounded_notional': None, 'settlement_date': '2021-04-16', 'timestamp': '2021-04-14T14:42:26.658000Z', 'id': '6076ff52-5607-4b86-ab76-20d18e59c7ea', 'ipo_access_execution_rank': None, 'trade_execution_date': None}]",False,regular_hours,False,False,,,,,,,,"{'amount': '1402.20', 'currency_code': 'USD', 'currency_id': '1072fc76-1862-41ab-82c2-485837590762'}","{'amount': '1335.65', 'currency_code': 'USD', 'currency_id': '1072fc76-1862-41ab-82c2-485837590762'}",,False,,,,,,False,True,False,True,0,,,2.0,user,False,,order_finalized,,
6076ff39-3c7d-48e2-8fd1-6ec91f47b3d3,85E66E6B-0B13-44BC-839E-02690205B812,https://api.robinhood.com/orders/6076ff39-3c7d-48e2-8fd1-6ec91f47b3d3/,https://api.robinhood.com/accounts/5SE25445/,fa785cc9-e75d-40e1-ad49-9dad4a009457,https://api.robinhood.com/positions/5SE25445/1790dd4f-a7ff-409e-90de-cad5efafde10/,,https://api.robinhood.com/instruments/1790dd4f-a7ff-409e-90de-cad5efafde10/,1790dd4f-a7ff-409e-90de-cad5efafde10,2.50000000,339.64800000,0.00,filled,filled,,market,buy,gfd,immediate,356.64000000,,2.50000000,,2021-04-14T14:42:01.885493Z,2021-04-14T14:42:02.960221Z,2021-04-14T14:42:02.707361Z,"[{'price': '339.64720000', 'quantity': '2.50000000', 'rounded_notional': None, 'settlement_date': '2021-04-16', 'timestamp': '2021-04-14T14:42:02.171000Z', 'id': '6076ff3a-7dc3-4991-8522-6daa4b99928f', 'ipo_access_execution_rank': None, 'trade_execution_date': None}]",False,regular_hours,False,False,,,,,,,,"{'amount': '891.60', 'currency_code': 'USD', 'currency_id': '1072fc76-1862-41ab-82c2-485837590762'}","{'amount': '849.12', 'currency_code': 'USD', 'currency_id': '1072fc76-1862-41ab-82c2-485837590762'}",,False,,,,,,False,True,False,True,0,,,2.0,user,False,,order_finalized,,
6076ff15-dbfa-469e-bba3-fbba90de88cf,B7A635D6-4ADE-47E5-87E6-9E3F1EBD1F19,https://api.robinhood.com/orders/6076ff15-dbfa-469e-bba3-fbba90de88cf/,https://api.robinhood.com/accounts/5SE25445/,fa785cc9-e75d-40e1-ad49-9dad4a009457,https://api.robinhood.com/positions/5SE25445/599dd133-44d3-4c1e-b992-eb08b7ab7faa/,,https://api.robinhood.com/instruments/599dd133-44d3-4c1e-b992-eb08b7ab7faa/,599dd133-44d3-4c1e-b992-eb08b7ab7faa,3.00000000,320.03330000,0.00,filled,filled,,market,buy,gfd,immediate,336.08000000,,3.00000000,,2021-04-14T14:41:25.180440Z,2021-04-14T14:41:25.882426Z,2021-04-14T14:41:25.437000Z,"[{'price': '320.03410000', 'quantity': '3.00000000', 'rounded_notional': None, 'settlement_date': '2021-04-16', 'timestamp': '2021-04-14T14:41:25.434000Z', 'id': '6076ff15-99d6-4b19-b524-9bca62fb1384', 'ipo_access_execution_rank': None, 'trade_execution_date': None}]",False,regular_hours,False,False,,,,,,,,"{'amount': '1008.24', 'currency_code': 'USD', 'currency_id': '1072fc76-1862-41ab-82c2-485837590762'}","{'amount': '960.10', 'currency_code': 'USD', 'currency_id': '1072fc76-1862-41ab-82c2-485837590762'}",,False,,,,,,False,True,False,True,0,,,2.0,user,False,,order_finalized,,
6076feee-2325-4545-990c-a7c45e8d4985,90753CE4-3BBB-4CE0-961C-347FCDC12BD3,https://api.robinhood.com/orders/6076feee-2325-4545-990c-a7c45e8d4985/,https://api.robinhood.com/accounts/5SE25445/,fa785cc9-e75d-40e1-ad49-9dad4a009457,https://api.robinhood.com/positions/5SE25445/f3acdd2f-6580-4c75-a69c-81481cc4c235/,,https://api.robinhood.com/instruments/f3acdd2f-6580-4c75-a69c-81481cc4c235/,f3acdd2f-6580-4c75-a69c-81481cc4c235,4.00000000,264.86500000,0.00,filled,filled,,market,buy,gfd,immediate,278.15000000,,4.00000000,,2021-04-14T14:40:46.584119Z,2021-04-14T14:40:47.309475Z,2021-04-14T14:40:46.860000Z,"[{'price': '264.86580000', 'quantity': '4.00000000', 'rounded_notional': None, 'settlement_date': '2021-04-16', 'timestamp': '2021-04-14T14:40:46.860000Z', 'id': '6076feee-d704-4f74-b87f-7d231064eed7', 'ipo_access_execution_rank': None, 'trade_execution_date': None}]",False,regular_hours,False,False,,,,,,,,"{'amount': '1112.60', 'currency_code': 'USD', 'currency_id': '1072fc76-1862-41ab-82c2-485837590762'}","{'amount': '1059.46', 'currency_code': 'USD', 'currency_id': '1072fc76-1862-41ab-82c2-485837590762'}",,False,,,,,,False,True,False,True,0,,,2.0,user,False,,order_finalized,,
6076fed8-9257-47d1-8f73-0c9902bc4a15,94BBDD88-A73D-41E3-AA48-3D0DD0BAF408,https://api.robinhood.com/orders/6076fed8-9257-47d1-8f73-0c9902bc4a15/,https://api.robinhood.com/accounts/5SE25445/,fa785cc9-e75d-40e1-ad49-9dad4a009457,https://api.robinhood.com/positions/5SE25445/50810c35-d215-4866-9758-0ada4ac79ffa/,,https://api.robinhood.com/instruments/50810c35-d215-4866-9758-0ada4ac79ffa/,50810c35-d215-4866-9758-0ada4ac79ffa,2.90866700,257.85010000,0.00,filled,filled,,market,buy,gfd,immediate,270.71000000,,2.90866700,,2021-04-14T14:40:24.783249Z,2021-04-14T14:40:25.858264Z,2021-04-14T14:40:25.609211Z,"[{'price': '257.85000000', 'quantity': '2.90866700', 'rounded_notional': None, 'settlement_date': '2021-04-16', 'timestamp': '2021-04-14T14:40:25.088000Z', 'id': '6076fed9-5a96-41b8-99c6-4227e3a34fba', 'ipo_access_execution_rank': None, 'trade_execution_date': None}]",False,regular_hours,False,False,,,,,,"{'amount': '750.00000000', 'currency_code': 'USD', 'currency_id': '1072fc76-1862-41ab-82c2-485837590762'}",,"{'amount': '750.00', 'currency_code': 'USD', 'currency_id': '1072fc76-1862-41ab-82c2-485837590762'}","{'amount': '750.00', 'currency_code': 'USD', 'currency_id': '1072fc76-1862-41ab-82c2-485837590762'}",,False,,,,,,False,True,False,True,0,,,2.0,user,False,,order_finalized,,
60706369-835e-44e6-a19f-2c18478c1fbc,4A74E699-6654-4705-A389-518495BFA20C,https://api.robinhood.com/orders/60706369-835e-44e6-a19f-2c18478c1fbc/,https://api.robinhood.com/accounts/5SE25445/,fa785cc9-e75d-40e1-ad49-9dad4a009457,https://api.robinhood.com/positions/5SE25445/e988f084-7653-4e65-8768-b3b7d24d6290/,,https://api.robinhood.com/instruments/e988f084-7653-4e65-8768-b3b7d24d6290/,e988f084-7653-4e65-8768-b3b7d24d6290,3.57685500,283.03080000,0.01,filled,filled,,market,sell,gfd,immediate,,,3.57685500,,2021-04-09T14:23:37.732244Z,2021-04-09T14:23:38.895141Z,2021-04-09T14:23:38.648750Z,"[{'price': '283.03000000', 'quantity': '3.57685500', 'rounded_notional': None, 'settlement_date': '2021-04-13', 'timestamp': '2021-04-09T14:23:38.079000Z', 'id': '9254f82a-fc33-4870-8335-c2aeb170abba', 'ipo_access_execution_rank': None, 'trade_execution_date': None}]",False,regular_hours,False,False,,,,,,,,,"{'amount': '1012.36', 'currency_code': 'USD', 'currency_id': '1072fc76-1862-41ab-82c2-485837590762'}",,False,,,,,,False,True,False,True,0,,,2.0,user,False,,order_finalized,,
6070605b-ca85-4d13-be13-87eef845352b,0F5C4F53-93B0-4D53-B5DD-DD606EE7D4E4,https://api.robinhood.com/orders/6070605b-ca85-4d13-be13-87eef845352b/,https://api.robinhood.com/accounts/5SE25445/,fa785cc9-e75d-40e1-ad49-9dad4a009457,https://api.robinhood.com/positions/5SE25445/943c5009-a0bb-4665-8cf4-a95dab5874e4/,,https://api.robinhood.com/instruments/943c5009-a0bb-4665-8cf4-a95dab5874e4/,943c5009-a0bb-4665-8cf4-a95dab5874e4,0.47705400,2270.45580000,0.01,filled,filled,,market,sell,gfd,immediate,,,0.47705400,,2021-04-09T14:10:35.338659Z,2021-04-09T14:10:36.648639Z,2021-04-09T14:10:36.388673Z,"[{'price': '2270.46170000', 'quantity': '0.47705400', 'rounded_notional': None, 'settlement_date': '2021-04-13', 'timestamp': '2021-04-09T14:10:35.703000Z', 'id': '1155873b-ab4d-45e9-b54d-b165218743c7', 'ipo_access_execution_rank': None, 'trade_execution_date': None}]",False,regular_hours,False,False,,,,,,,,,"{'amount': '1083.13', 'currency_code': 'USD', 'currency_id': '1072fc76-1862-41ab-82c2-485837590762'}",,False,,,,,,False,True,False,True,0,,,2.0,user,False,,order_finalized,,
6070604d-b90c-444b-9e5b-e85f94f23118,F997ED30-BE6A-46D1-B8C7-132A7AA42945,https://api.robinhood.com/orders/6070604d-b90c-444b-9e5b-e85f94f23118/,https://api.robinhood.com/accounts/5SE25445/,fa785cc9-e75d-40e1-ad49-9dad4a009457,https://api.robinhood.com/positions/5SE25445/450dfc6d-5510-4d40-abfb-f633b7d9be3e/,,https://api.robinhood.com/instruments/450dfc6d-5510-4d40-abfb-f633b7d9be3e/,450dfc6d-5510-4d40-abfb-f633b7d9be3e,7.86844900,130.84150000,0.01,filled,filled,,market,sell,gfd,immediate,,,7.86844900,,2021-04-09T14:10:21.366931Z,2021-04-09T14:10:22.551494Z,2021-04-09T14:10:22.296241Z,"[{'price': '130.85500000', 'quantity': '0.86844900', 'rounded_notional': None, 'settlement_date': '2021-04-13', 'timestamp': '2021-04-09T14:10:21.704563Z', 'id': '723aad30-7b99-4fa0-a781-821a18ff686b', 'ipo_access_execution_rank': None, 'trade_execution_date': None}, {'price': '130.84000000', 'quantity': '7.00000000', 'rounded_notional': None, 'settlement_date': '2021-04-13', 'timestamp': '2021-04-09T14:10:21.822000Z', 'id': '09669b33-6413-4f48-8ea6-4871a5276650', 'ipo_access_execution_rank': None, 'trade_execution_date': None}]",False,regular_hours,False,False,,,,,,,,,"{'amount': '1029.52', 'currency_code': 'USD', 'currency_id': '1072fc76-1862-41ab-82c2-485837590762'}",,False,,,,,,False,True,False,True,0,,,2.0,user,False,,order_finalized,,
60706011-dbd2-4f73-8bee-9beebafa6489,8078ED6F-8B97-48DD-A033-766D1BA4D6D0,https://api.robinhood.com/orders/60706011-dbd2-4f73-8bee-9beebafa6489/,https://api.robinhood.com/accounts/5SE25445/,fa785cc9-e75d-40e1-ad49-9dad4a009457,https://api.robinhood.com/positions/5SE25445/44a11079-4699-4442-84f8-f8cdf2c1a3c8/,,https://api.robinhood.com/instruments/44a11079-4699-4442-84f8-f8cdf2c1a3c8/,44a11079-4699-4442-84f8-f8cdf2c1a3c8,7.40236400,128.84940000,0.01,filled,filled,,market,sell,gfd,immediate,,,7.40236400,,2021-04-09T14:09:21.369486Z,2021-04-09T14:09:22.889118Z,2021-04-09T14:09:22.635878Z,"[{'price': '128.86000000', 'quantity': '0.40236400', 'rounded_notional': None, 'settlement_date': '2021-04-13', 'timestamp': '2021-04-09T14:09:21.901642Z', 'id': '6b538bd3-f84b-41fd-8139-1181cdf549ee', 'ipo_access_execution_rank': None, 'trade_execution_date': None}, {'price': '128.84920000', 'quantity': '7.00000000', 'rounded_notional': None, 'settlement_date': '2021-04-13', 'timestamp': '2021-04-09T14:09:22.045000Z', 'id': '7fa6539a-cce0-404d-904e-74ea88eb7763', 'ipo_access_execution_rank': None, 'trade_execution_date': None}]",False,regular_hours,False,False,,,,,,,,,"{'amount': '953.79', 'currency_code': 'USD', 'currency_id': '1072fc76-1862-41ab-82c2-485837590762'}",,False,,,,,,False,True,False,True,0,,,2.0,user,False,,order_finalized,,
60705f9c-c53a-4550-875c-390145a7dc6f,CB9AA966-6BE0-4699-AC02-9C28D80772FE,https://api.robinhood.com/orders/60705f9c-c53a-4550-875c-390145a7dc6f/,https://api.robinhood.com/accounts/5SE25445/,fa785cc9-e75d-40e1-ad49-9dad4a009457,https://api.robinhood.com/positions/5SE25445/f3acdd2f-6580-4c75-a69c-81481cc4c235/,,https://api.robinhood.com/instruments/f3acdd2f-6580-4c75-a69c-81481cc4c235/,f3acdd2f-6580-4c75-a69c-81481cc4c235,44.46179400,264.00060000,0.06,filled,filled,,market,sell,gfd,immediate,,,44.46179400,,2021-04-09T14:07:24.233241Z,2021-04-09T14:07:25.428637Z,2021-04-09T14:07:25.174929Z,"[{'price': '264.06500000', 'quantity': '0.46179400', 'rounded_notional': None, 'settlement_date': '2021-04-13', 'timestamp': '2021-04-09T14:07:24.549615Z', 'id': '4ba5119b-f74a-48f9-b651-c325bbf927d5', 'ipo_access_execution_rank': None, 'trade_execution_date': None}, {'price': '264.00000000', 'quantity': '44.00000000', 'rounded_notional': None, 'settlement_date': '2021-04-13', 'timestamp': '2021-04-09T14:07:24.623000Z', 'id': '558c1de9-2583-4441-9468-52387a785925', 'ipo_access_execution_rank': None, 'trade_execution_date': None}]",False,regular_hours,False,False,,,,,,,,,"{'amount': '11737.94', 'currency_code': 'USD', 'currency_id': '1072fc76-1862-41ab-82c2-485837590762'}",,False,,,,,,False,True,False,True,0,,,2.0,user,False,,order_finalized,,
60705eab-ac7b-401d-b775-349bc3b672ab,216DBAB6-F3BA-48D4-A48C-0D3C912042F0,https://api.robinhood.com/orders/60705eab-ac7b-401d-b775-349bc3b672ab/,https://api.robinhood.com/accounts/5SE25445/,fa785cc9-e75d-40e1-ad49-9dad4a009457,https://api.robinhood.com/positions/5SE25445/f3acdd2f-6580-4c75-a69c-81481cc4c235/,,https://api.robinhood.com/instruments/f3acdd2f-6580-4c75-a69c-81481cc4c235/,f3acdd2f-6580-4c75-a69c-81481cc4c235,44.46179400,264.10000000,0.00,filled,filled,,market,buy,gfd,immediate,277.32000000,,44.46179400,,2021-04-09T14:03:23.449601Z,2021-04-09T14:03:24.714149Z,2021-04-09T14:03:24.457175Z,"[{'price': '264.10000000', 'quantity': '13.00000000', 'rounded_notional': None, 'settlement_date': '2021-04-13', 'timestamp': '2021-04-09T14:03:23.778000Z', 'id': 'd9561146-9bf9-4990-b8bd-7f68bd8319ff', 'ipo_access_execution_rank': None, 'trade_execution_date': None}, {'price': '264.10000000', 'quantity': '31.46179400', 'rounded_notional': None, 'settlement_date': '2021-04-13', 'timestamp': '2021-04-09T14:03:23.780000Z', 'id': '0949a207-7e76-45d9-ad96-93568ece0b7a', 'ipo_access_execution_rank': None, 'trade_execution_date': None}]",False,regular_hours,False,False,,,,,,"{'amount': '11742.36000000', 'currency_code': 'USD', 'currency_id': '1072fc76-1862-41ab-82c2-485837590762'}",,"{'amount': '11742.36', 'currency_code': 'USD', 'currency_id': '1072fc76-1862-41ab-82c2-485837590762'}","{'amount': '11742.36', 'currency_code': 'USD', 'currency_id': '1072fc76-1862-41ab-82c2-485837590762'}",,False,,,,,,False,True,False,True,0,,,2.0,user,False,,order_finalized,,
60705e99-1dc7-4c90-bfe5-88b46fd66fd0,A16E1AA9-1298-4E37-9286-4C00E1D681B1,https://api.robinhood.com/orders/60705e99-1dc7-4c90-bfe5-88b46fd66fd0/,https://api.robinhood.com/accounts/5SE25445/,fa785cc9-e75d-40e1-ad49-9dad4a009457,https://api.robinhood.com/positions/5SE25445/5fa37e46-cb10-4823-a22d-5d6746a8a768/,,https://api.robinhood.com/instruments/5fa37e46-cb10-4823-a22d-5d6746a8a768/,5fa37e46-cb10-4823-a22d-5d6746a8a768,49.62924600,191.97010000,0.05,filled,filled,,market,sell,gfd,immediate,,,49.62924600,,2021-04-09T14:03:05.417564Z,2021-04-09T14:03:06.655685Z,2021-04-09T14:03:06.396774Z,"[{'price': '191.97000000', 'quantity': '49.62924600', 'rounded_notional': None, 'settlement_date': '2021-04-13', 'timestamp': '2021-04-09T14:03:05.763000Z', 'id': 'd07947ae-7090-458c-a82a-cf41ee283439', 'ipo_access_execution_rank': None, 'trade_execution_date': None}]",False,regular_hours,False,False,,,,,,,,,"{'amount': '9527.33', 'currency_code': 'USD', 'currency_id': '1072fc76-1862-41ab-82c2-485837590762'}",,False,,,,,,False,True,False,True,0,,,2.0,user,False,,order_finalized,,
606f4bfd-923b-4048-aaa6-f1491e9d619b,570C465E-0A25-40D5-8BC3-4EF843498086,https://api.robinhood.com/orders/606f4bfd-923b-4048-aaa6-f1491e9d619b/,https://api.robinhood.com/accounts/5SE25445/,fa785cc9-e75d-40e1-ad49-9dad4a009457,https://api.robinhood.com/positions/5SE25445/45ccb9d7-b9f0-40aa-833f-8381a4e5c3e5/,,https://api.robinhood.com/instruments/45ccb9d7-b9f0-40aa-833f-8381a4e5c3e5/,45ccb9d7-b9f0-40aa-833f-8381a4e5c3e5,41.39101700,23.45320000,0.01,filled,filled,,market,sell,gfd,immediate,,,41.39101700,,2021-04-08T18:31:25.598147Z,2021-04-08T18:31:26.794825Z,2021-04-08T18:31:26.547458Z,"[{'price': '23.45500000', 'quantity': '0.39101700', 'rounded_notional': None, 'settlement_date': '2021-04-12', 'timestamp': '2021-04-08T18:31:25.817531Z', 'id': 'bbdda19b-c981-46ab-b360-a9ab63af4d4d', 'ipo_access_execution_rank': None, 'trade_execution_date': None}, {'price': '23.45310000', 'quantity': '41.00000000', 'rounded_notional': None, 'settlement_date': '2021-04-12', 'timestamp': '2021-04-08T18:31:25.914000Z', 'id': 'bee63b63-32b1-436e-a0fc-228fec7bebf7', 'ipo_access_execution_rank': None, 'trade_execution_date': None}]",False,regular_hours,False,False,,,,,,,,,"{'amount': '970.75', 'currency_code': 'USD', 'currency_id': '1072fc76-1862-41ab-82c2-485837590762'}",,False,,,,,,False,True,False,True,0,,,2.0,user,False,,order_finalized,,
606f28f8-7987-4958-98c1-702d216cee00,DBF8C29F-A836-42AC-A1A4-D666A5E825F8,https://api.robinhood.com/orders/606f28f8-7987-4958-98c1-702d216cee00/,https://api.robinhood.com/accounts/5SE25445/,fa785cc9-e75d-40e1-ad49-9dad4a009457,https://api.robinhood.com/positions/5SE25445/5fa37e46-cb10-4823-a22d-5d6746a8a768/,,https://api.robinhood.com/instruments/5fa37e46-cb10-4823-a22d-5d6746a8a768/,5fa37e46-cb10-4823-a22d-5d6746a8a768,48.62924600,192.23000000,0.00,filled,filled,,market,buy,gfd,immediate,201.90000000,,48.62924600,,2021-04-08T16:02:00.829392Z,2021-04-08T16:02:02.026340Z,2021-04-08T16:02:01.778528Z,"[{'price': '192.23000000', 'quantity': '0.62924600', 'rounded_notional': None, 'settlement_date': '2021-04-12', 'timestamp': '2021-04-08T16:02:01.068825Z', 'id': 'b2ea2587-3228-4cb1-bbc9-aee03bf176d0', 'ipo_access_execution_rank': None, 'trade_execution_date': None}, {'price': '192.23000000', 'quantity': '48.00000000', 'rounded_notional': None, 'settlement_date': '2021-04-12', 'timestamp': '2021-04-08T16:02:01.130000Z', 'id': '25df4e91-33bd-45af-a654-236b8edf395c', 'ipo_access_execution_rank': None, 'trade_execution_date': None}]",False,regular_hours,False,False,,,,,,"{'amount': '9348.00000000', 'currency_code': 'USD', 'currency_id': '1072fc76-1862-41ab-82c2-485837590762'}",,"{'amount': '9348.00', 'currency_code': 'USD', 'currency_id': '1072fc76-1862-41ab-82c2-485837590762'}","{'amount': '9348.00', 'currency_code': 'USD', 'currency_id': '1072fc76-1862-41ab-82c2-485837590762'}",,False,,,,,,False,True,False,True,0,,,2.0,user,False,,order_finalized,,
606f12b4-e20d-4998-a6c6-84f8c18bac02,2A918F0C-A789-4269-9BF7-57E53F800129,https://api.robinhood.com/orders/606f12b4-e20d-4998-a6c6-84f8c18bac02/,https://api.robinhood.com/accounts/5SE25445/,fa785cc9-e75d-40e1-ad49-9dad4a009457,https://api.robinhood.com/positions/5SE25445/599dd133-44d3-4c1e-b992-eb08b7ab7faa/,,https://api.robinhood.com/instruments/599dd133-44d3-4c1e-b992-eb08b7ab7faa/,599dd133-44d3-4c1e-b992-eb08b7ab7faa,30.00000000,312.18000000,0.05,filled,filled,,market,sell,gfd,stop,,311.90000000,30.00000000,,2021-04-08T14:27:00.784858Z,2021-04-08T14:31:25.248090Z,2021-04-08T14:31:24.831000Z,"[{'price': '312.18000000', 'quantity': '30.00000000', 'rounded_notional': None, 'settlement_date': '2021-04-12', 'timestamp': '2021-04-08T14:31:24.831000Z', 'id': '606f13bc-5b03-405b-8345-6cc4f139122c', 'ipo_access_execution_rank': None, 'trade_execution_date': None}]",False,regular_hours,False,False,,2021-04-08T14:31:24.828000Z,"{'amount': '312.27000000', 'currency_code': 'USD', 'currency_id': '1072fc76-1862-41ab-82c2-485837590762'}",2021-04-08T14:31:24.831000Z,,,,,"{'amount': '9365.40', 'currency_code': 'USD', 'currency_id': '1072fc76-1862-41ab-82c2-485837590762'}",,False,,,,,,False,True,False,True,0,,,3.0,user,False,,order_finalized,,"{'type': 'price', 'price': {'currency_id': '1072fc76-1862-41ab-82c2-485837590762', 'currency_code': 'USD', 'amount': '0.30000000'}}"
606f0ad5-4c25-44e9-ae57-9c585570a6ed,80E70DF8-BCD0-4552-B942-8789349A4C37,https://api.robinhood.com/orders/606f0ad5-4c25-44e9-ae57-9c585570a6ed/,https://api.robinhood.com/accounts/5SE25445/,fa785cc9-e75d-40e1-ad49-9dad4a009457,https://api.robinhood.com/positions/5SE25445/599dd133-44d3-4c1e-b992-eb08b7ab7faa/,,https://api.robinhood.com/instruments/599dd133-44d3-4c1e-b992-eb08b7ab7faa/,599dd133-44d3-4c1e-b992-eb08b7ab7faa,29.62613000,311.60500000,0.00,filled,filled,,market,buy,gfd,immediate,327.43000000,,29.62613000,,2021-04-08T13:53:25.023068Z,2021-04-08T13:53:26.262075Z,2021-04-08T13:53:26.002877Z,"[{'price': '311.60500000', 'quantity': '29.62090000', 'rounded_notional': None, 'settlement_date': '2021-04-12', 'timestamp': '2021-04-08T13:53:25.343000Z', 'id': '19c69358-5c96-468c-9b7d-ae30ba7f052d', 'ipo_access_execution_rank': None, 'trade_execution_date': None}, {'price': '311.60500000', 'quantity': '0.00523000', 'rounded_notional': None, 'settlement_date': '2021-04-12', 'timestamp': '2021-04-08T13:53:25.343000Z', 'id': '59fa709c-c308-4974-a788-fe08c9d82ac5', 'ipo_access_execution_rank': None, 'trade_execution_date': None}]",False,regular_hours,False,False,,,,,,"{'amount': '9231.65000000', 'currency_code': 'USD', 'currency_id': '1072fc76-1862-41ab-82c2-485837590762'}",,"{'amount': '9231.65', 'currency_code': 'USD', 'currency_id': '1072fc76-1862-41ab-82c2-485837590762'}","{'amount': '9231.65', 'currency_code': 'USD', 'currency_id': '1072fc76-1862-41ab-82c2-485837590762'}",,False,,,,,,False,True,False,True,0,,,2.0,user,False,,order_finalized,,
606f09d1-c5bc-4f20-a51c-baaf0eb3af58,8F5367DC-B8F8-4647-A89F-1D640E9AA334,https://api.robinhood.com/orders/606f09d1-c5bc-4f20-a51c-baaf0eb3af58/,https://api.robinhood.com/accounts/5SE25445/,fa785cc9-e75d-40e1-ad49-9dad4a009457,https://api.robinhood.com/positions/5SE25445/45ccb9d7-b9f0-40aa-833f-8381a4e5c3e5/,,https://api.robinhood.com/instruments/45ccb9d7-b9f0-40aa-833f-8381a4e5c3e5/,45ccb9d7-b9f0-40aa-833f-8381a4e5c3e5,0.00000000,,0.00,cancelled,cancelled,,limit,buy,gfd,immediate,23.22000000,,197.00000000,,2021-04-08T13:49:05.042011Z,2021-04-08T13:52:23.577530Z,2021-04-08T13:52:23.141000Z,[],False,regular_hours,False,False,,,,,,,,"{'amount': '4574.34', 'currency_code': 'USD', 'currency_id': '1072fc76-1862-41ab-82c2-485837590762'}",,,False,user,,,,,False,True,False,True,0,,,3.0,user,False,,order_finalized,,
606f094e-a521-4c2f-af66-6fb12a7d73b2,E8C79AD8-74FC-4278-9B55-ABA683D86806,https://api.robinhood.com/orders/606f094e-a521-4c2f-af66-6fb12a7d73b2/,https://api.robinhood.com/accounts/5SE25445/,fa785cc9-e75d-40e1-ad49-9dad4a009457,https://api.robinhood.com/positions/5SE25445/f3acdd2f-6580-4c75-a69c-81481cc4c235/,,https://api.robinhood.com/instruments/f3acdd2f-6580-4c75-a69c-81481cc4c235/,f3acdd2f-6580-4c75-a69c-81481cc4c235,1.00000000,252.24000000,0.00,filled,filled,,market,sell,gfd,immediate,,,1.00000000,,2021-04-08T13:46:54.872915Z,2021-04-08T13:46:55.782681Z,2021-04-08T13:46:55.058000Z,"[{'price': '252.24000000', 'quantity': '1.00000000', 'rounded_notional': None, 'settlement_date': '2021-04-12', 'timestamp': '2021-04-08T13:46:55.058000Z', 'id': '606f094f-40b9-4301-9e65-bb39591b75e3', 'ipo_access_execution_rank': None, 'trade_execution_date': None}]",False,regular_hours,False,False,,,,,,,,,"{'amount': '252.24', 'currency_code': 'USD', 'currency_id': '1072fc76-1862-41ab-82c2-485837590762'}",,False,,,,,,False,True,False,True,0,,,2.0,user,False,,order_finalized,,
606f0860-0617-4961-8edd-646ce979062c,54F4D126-2844-47B1-84C3-00DEFF453D55,https://api.robinhood.com/orders/606f0860-0617-4961-8edd-646ce979062c/,https://api.robinhood.com/accounts/5SE25445/,fa785cc9-e75d-40e1-ad49-9dad4a009457,https://api.robinhood.com/positions/5SE25445/de0e6dc1-ca4d-4df7-a07e-baad8b1fcc11/,,https://api.robinhood.com/instruments/de0e6dc1-ca4d-4df7-a07e-baad8b1fcc11/,de0e6dc1-ca4d-4df7-a07e-baad8b1fcc11,1.00000000,217.32000000,0.00,filled,filled,,market,buy,gfd,immediate,228.34000000,,1.00000000,,2021-04-08T13:42:56.924233Z,2021-04-08T13:42:57.621520Z,2021-04-08T13:42:57.174000Z,"[{'price': '217.31500000', 'quantity': '1.00000000', 'rounded_notional': None, 'settlement_date': '2021-04-12', 'timestamp': '2021-04-08T13:42:57.174000Z', 'id': '606f0861-207b-4922-bfe0-596b2be4ebdd', 'ipo_access_execution_rank': None, 'trade_execution_date': None}]",False,regular_hours,False,False,,,,,,,,"{'amount': '228.34', 'currency_code': 'USD', 'currency_id': '1072fc76-1862-41ab-82c2-485837590762'}","{'amount': '217.32', 'currency_code': 'USD', 'currency_id': '1072fc76-1862-41ab-82c2-485837590762'}",,False,,,,,,False,True,False,True,0,,,2.0,user,False,,order_finalized,,
606e02b5-9607-4a01-b525-2f843d3e3bc5,F724C8B9-88E3-4F32-A1CD-690569E8B48D,https://api.robinhood.com/orders/606e02b5-9607-4a01-b525-2f843d3e3bc5/,https://api.robinhood.com/accounts/5SE25445/,fa785cc9-e75d-40e1-ad49-9dad4a009457,https://api.robinhood.com/positions/5SE25445/f3acdd2f-6580-4c75-a69c-81481cc4c235/,,https://api.robinhood.com/instruments/f3acdd2f-6580-4c75-a69c-81481cc4c235/,f3acdd2f-6580-4c75-a69c-81481cc4c235,1.00000000,248.69000000,0.00,filled,filled,,market,buy,gfd,immediate,261.06000000,,1.00000000,,2021-04-07T19:06:29.614268Z,2021-04-07T19:06:30.337270Z,2021-04-07T19:06:29.844000Z,"[{'price': '248.68560000', 'quantity': '1.00000000', 'rounded_notional': None, 'settlement_date': '2021-04-09', 'timestamp': '2021-04-07T19:06:29.844000Z', 'id': '606e02b5-8f80-456a-b9d0-e46fb0a328f8', 'ipo_access_execution_rank': None, 'trade_execution_date': None}]",False,regular_hours,False,False,,,,,,,,"{'amount': '261.06', 'currency_code': 'USD', 'currency_id': '1072fc76-1862-41ab-82c2-485837590762'}","{'amount': '248.69', 'currency_code': 'USD', 'currency_id': '1072fc76-1862-41ab-82c2-485837590762'}",,False,,,,,,False,True,False,True,0,,,2.0,user,False,,order_finalized,,
606e02a0-32b6-4029-9639-70b844775d79,8808A2C7-F8C2-4BA1-AE49-BE16C92C715E,https://api.robinhood.com/orders/606e02a0-32b6-4029-9639-70b844775d79/,https://api.robinhood.com/accounts/5SE25445/,fa785cc9-e75d-40e1-ad49-9dad4a009457,https://api.robinhood.com/positions/5SE25445/309344d3-af67-4190-9970-b10618959fe5/,,https://api.robinhood.com/instruments/309344d3-af67-4190-9970-b10618959fe5/,309344d3-af67-4190-9970-b10618959fe5,1.00000000,256.42000000,0.00,filled,filled,,market,buy,gfd,immediate,269.20000000,,1.00000000,,2021-04-07T19:06:08.844740Z,2021-04-07T19:06:09.535840Z,2021-04-07T19:06:09.072000Z,"[{'price': '256.41890000', 'quantity': '1.00000000', 'rounded_notional': None, 'settlement_date': '2021-04-09', 'timestamp': '2021-04-07T19:06:09.072000Z', 'id': '606e02a1-b031-44cf-ac78-1fac7933291f', 'ipo_access_execution_rank': None, 'trade_execution_date': None}]",False,regular_hours,False,False,,,,,,,,"{'amount': '269.20', 'currency_code': 'USD', 'currency_id': '1072fc76-1862-41ab-82c2-485837590762'}","{'amount': '256.42', 'currency_code': 'USD', 'currency_id': '1072fc76-1862-41ab-82c2-485837590762'}",,False,,,,,,False,True,False,True,0,,,2.0,user,False,,order_finalized,,
606e0195-b22a-4731-a8f0-7ce34ca8a145,65A2873E-1CBE-4000-B873-E2F2045E79D2,https://api.robinhood.com/orders/606e0195-b22a-4731-a8f0-7ce34ca8a145/,https://api.robinhood.com/accounts/5SE25445/,fa785cc9-e75d-40e1-ad49-9dad4a009457,https://api.robinhood.com/positions/5SE25445/1790dd4f-a7ff-409e-90de-cad5efafde10/,,https://api.robinhood.com/instruments/1790dd4f-a7ff-409e-90de-cad5efafde10/,1790dd4f-a7ff-409e-90de-cad5efafde10,1.00000000,332.10000000,0.00,filled,filled,,market,buy,gfd,immediate,348.69000000,,1.00000000,,2021-04-07T19:01:41.226319Z,2021-04-07T19:01:41.902653Z,2021-04-07T19:01:41.444000Z,"[{'price': '332.10000000', 'quantity': '1.00000000', 'rounded_notional': None, 'settlement_date': '2021-04-09', 'timestamp': '2021-04-07T19:01:41.444000Z', 'id': '606e0195-04a6-4752-91cf-cc79a8b7a4ca', 'ipo_access_execution_rank': None, 'trade_execution_date': None}]",False,regular_hours,False,False,,,,,,,,"{'amount': '348.69', 'currency_code': 'USD', 'currency_id': '1072fc76-1862-41ab-82c2-485837590762'}","{'amount': '332.10', 'currency_code': 'USD', 'currency_id': '1072fc76-1862-41ab-82c2-485837590762'}",,False,,,,,,False,True,False,True,0,,,2.0,user,False,,order_finalized,,
606e0173-3a8f-4bc0-9e14-bfedfe1003b6,53208729-FFB2-4B02-8ED4-DEE5A25494DB,https://api.robinhood.com/orders/606e0173-3a8f-4bc0-9e14-bfedfe1003b6/,https://api.robinhood.com/accounts/5SE25445/,fa785cc9-e75d-40e1-ad49-9dad4a009457,https://api.robinhood.com/positions/5SE25445/8f92e76f-1e0e-4478-8580-16a6ffcfaef5/,,https://api.robinhood.com/instruments/8f92e76f-1e0e-4478-8580-16a6ffcfaef5/,8f92e76f-1e0e-4478-8580-16a6ffcfaef5,1.00000000,406.63000000,0.00,filled,filled,,market,buy,gfd,immediate,426.87000000,,1.00000000,,2021-04-07T19:01:07.267799Z,2021-04-07T19:01:08.167382Z,2021-04-07T19:01:07.497000Z,"[{'price': '406.62900000', 'quantity': '1.00000000', 'rounded_notional': None, 'settlement_date': '2021-04-09', 'timestamp': '2021-04-07T19:01:07.497000Z', 'id': '606e0173-0f73-40aa-8148-98a152d00197', 'ipo_access_execution_rank': None, 'trade_execution_date': None}]",False,regular_hours,False,False,,,,,,,,"{'amount': '426.87', 'currency_code': 'USD', 'currency_id': '1072fc76-1862-41ab-82c2-485837590762'}","{'amount': '406.63', 'currency_code': 'USD', 'currency_id': '1072fc76-1862-41ab-82c2-485837590762'}",,False,,,,,,False,True,False,True,0,,,2.0,user,False,,order_finalized,,
606e012f-ec53-4c29-b784-eba9ae23043c,359BB042-DB18-44F2-9BC8-B3AD8D49C22F,https://api.robinhood.com/orders/606e012f-ec53-4c29-b784-eba9ae23043c/,https://api.robinhood.com/accounts/5SE25445/,fa785cc9-e75d-40e1-ad49-9dad4a009457,https://api.robinhood.com/positions/5SE25445/de0e6dc1-ca4d-4df7-a07e-baad8b1fcc11/,,https://api.robinhood.com/instruments/de0e6dc1-ca4d-4df7-a07e-baad8b1fcc11/,de0e6dc1-ca4d-4df7-a07e-baad8b1fcc11,1.00000000,218.28000000,0.00,filled,filled,,market,buy,gfd,immediate,229.15000000,,1.00000000,,2021-04-07T18:59:59.503188Z,2021-04-07T19:00:00.212585Z,2021-04-07T18:59:59.794000Z,"[{'price': '218.28000000', 'quantity': '1.00000000', 'rounded_notional': None, 'settlement_date': '2021-04-09', 'timestamp': '2021-04-07T18:59:59.794000Z', 'id': '606e012f-b06c-432a-bf65-188ff9d85118', 'ipo_access_execution_rank': None, 'trade_execution_date': None}]",False,regular_hours,False,False,,,,,,,,"{'amount': '229.15', 'currency_code': 'USD', 'currency_id': '1072fc76-1862-41ab-82c2-485837590762'}","{'amount': '218.28', 'currency_code': 'USD', 'currency_id': '1072fc76-1862-41ab-82c2-485837590762'}",,False,,,,,,False,True,False,True,0,,,2.0,user,False,,order_finalized,,
606e0106-75eb-47de-a015-4b262761aa44,07E75EC7-330E-4934-A8EC-52F3727EA270,https://api.robinhood.com/orders/606e0106-75eb-47de-a015-4b262761aa44/,https://api.robinhood.com/accounts/5SE25445/,fa785cc9-e75d-40e1-ad49-9dad4a009457,https://api.robinhood.com/positions/5SE25445/5fa37e46-cb10-4823-a22d-5d6746a8a768/,,https://api.robinhood.com/instruments/5fa37e46-cb10-4823-a22d-5d6746a8a768/,5fa37e46-cb10-4823-a22d-5d6746a8a768,1.00000000,193.87000000,0.00,filled,filled,,market,buy,gfd,immediate,203.53000000,,1.00000000,,2021-04-07T18:59:18.909207Z,2021-04-07T18:59:19.575154Z,2021-04-07T18:59:19.134000Z,"[{'price': '193.86600000', 'quantity': '1.00000000', 'rounded_notional': None, 'settlement_date': '2021-04-09', 'timestamp': '2021-04-07T18:59:19.134000Z', 'id': '606e0107-187f-44c1-8f45-17d835dc60c0', 'ipo_access_execution_rank': None, 'trade_execution_date': None}]",False,regular_hours,False,False,,,,,,,,"{'amount': '203.53', 'currency_code': 'USD', 'currency_id': '1072fc76-1862-41ab-82c2-485837590762'}","{'amount': '193.87', 'currency_code': 'USD', 'currency_id': '1072fc76-1862-41ab-82c2-485837590762'}",,False,,,,,,False,True,False,True,0,,,2.0,user,False,,order_finalized,,
606df9a2-3c66-4d6e-8fa0-3ebd408b35fb,CE7273D8-3D1D-4C2D-8034-0ECF3AEA9739,https://api.robinhood.com/orders/606df9a2-3c66-4d6e-8fa0-3ebd408b35fb/,https://api.robinhood.com/accounts/5SE25445/,fa785cc9-e75d-40e1-ad49-9dad4a009457,https://api.robinhood.com/positions/5SE25445/50810c35-d215-4866-9758-0ada4ac79ffa/,,https://api.robinhood.com/instruments/50810c35-d215-4866-9758-0ada4ac79ffa/,50810c35-d215-4866-9758-0ada4ac79ffa,1.00000000,250.33000000,0.00,filled,filled,,market,buy,gfd,immediate,262.82000000,,1.00000000,,2021-04-07T18:27:46.892318Z,2021-04-07T18:27:47.635052Z,2021-04-07T18:27:47.155000Z,"[{'price': '250.32500000', 'quantity': '1.00000000', 'rounded_notional': None, 'settlement_date': '2021-04-09', 'timestamp': '2021-04-07T18:27:47.155000Z', 'id': '606df9a3-3370-4a8b-99a2-5260a08caec5', 'ipo_access_execution_rank': None, 'trade_execution_date': None}]",False,regular_hours,False,False,,,,,,,,"{'amount': '262.82', 'currency_code': 'USD', 'currency_id': '1072fc76-1862-41ab-82c2-485837590762'}","{'amount': '250.33', 'currency_code': 'USD', 'currency_id': '1072fc76-1862-41ab-82c2-485837590762'}",,False,,,,,,False,True,False,True,0,,,2.0,user,False,,order_finalized,,
606df937-369a-4cf8-b723-dee3cbb336a4,6BE65BDC-297F-4058-98DD-D9FC6FB617A2,https://api.robinhood.com/orders/606df937-369a-4cf8-b723-dee3cbb336a4/,https://api.robinhood.com/accounts/5SE25445/,fa785cc9-e75d-40e1-ad49-9dad4a009457,https://api.robinhood.com/positions/5SE25445/ebab2398-028d-4939-9f1d-13bf38f81c50/,,https://api.robinhood.com/instruments/ebab2398-028d-4939-9f1d-13bf38f81c50/,ebab2398-028d-4939-9f1d-13bf38f81c50,0.92643800,312.43320000,0.00,filled,filled,,market,sell,gfd,immediate,,,0.92643800,,2021-04-07T18:25:59.068093Z,2021-04-07T18:26:00.117915Z,2021-04-07T18:25:59.857504Z,"[{'price': '312.43790000', 'quantity': '0.92643800', 'rounded_notional': None, 'settlement_date': '2021-04-09', 'timestamp': '2021-04-07T18:25:59.384000Z', 'id': 'e3de0aba-941f-4597-83cd-7a05b85e1744', 'ipo_access_execution_rank': None, 'trade_execution_date': None}]",False,regular_hours,False,False,,,,,,,,,"{'amount': '289.45', 'currency_code': 'USD', 'currency_id': '1072fc76-1862-41ab-82c2-485837590762'}",,False,,,,,,False,True,False,True,0,,,2.0,user,False,,order_finalized,,
606df655-b2c7-4388-a96f-4d21ce24b072,99409763-9F2D-4606-9FB7-00F51FB29428,https://api.robinhood.com/orders/606df655-b2c7-4388-a96f-4d21ce24b072/,https://api.robinhood.com/accounts/5SE25445/,fa785cc9-e75d-40e1-ad49-9dad4a009457,https://api.robinhood.com/positions/5SE25445/1520c0c0-7b1f-4464-9b5e-800a2a3ce29f/,,https://api.robinhood.com/instruments/1520c0c0-7b1f-4464-9b5e-800a2a3ce29f/,1520c0c0-7b1f-4464-9b5e-800a2a3ce29f,1.00000000,136.69000000,0.00,filled,filled,,market,buy,gfd,immediate,143.52000000,,1.00000000,,2021-04-07T18:13:41.609261Z,2021-04-07T18:13:42.263987Z,2021-04-07T18:13:41.835000Z,"[{'price': '136.69000000', 'quantity': '1.00000000', 'rounded_notional': None, 'settlement_date': '2021-04-09', 'timestamp': '2021-04-07T18:13:41.835000Z', 'id': '606df655-f826-44bc-8805-1f414b87e5be', 'ipo_access_execution_rank': None, 'trade_execution_date': None}]",False,regular_hours,False,False,,,,,,,,"{'amount': '143.52', 'currency_code': 'USD', 'currency_id': '1072fc76-1862-41ab-82c2-485837590762'}","{'amount': '136.69', 'currency_code': 'USD', 'currency_id': '1072fc76-1862-41ab-82c2-485837590762'}",,False,,,,,,False,True,False,True,0,,,2.0,user,False,,order_finalized,,
606df5fc-46d5-41f2-8ddd-dd915bce84df,3CB3A49F-9C42-4FF3-B676-CC91909881D9,https://api.robinhood.com/orders/606df5fc-46d5-41f2-8ddd-dd915bce84df/,https://api.robinhood.com/accounts/5SE25445/,fa785cc9-e75d-40e1-ad49-9dad4a009457,https://api.robinhood.com/positions/5SE25445/ad1edbfb-19c8-4939-be66-1f09bd65b902/,,https://api.robinhood.com/instruments/ad1edbfb-19c8-4939-be66-1f09bd65b902/,ad1edbfb-19c8-4939-be66-1f09bd65b902,1.00000000,139.74000000,0.00,filled,filled,,market,buy,gfd,immediate,146.72000000,,1.00000000,,2021-04-07T18:12:12.892185Z,2021-04-07T18:12:13.528462Z,2021-04-07T18:12:13.093000Z,"[{'price': '139.73890000', 'quantity': '1.00000000', 'rounded_notional': None, 'settlement_date': '2021-04-09', 'timestamp': '2021-04-07T18:12:13.093000Z', 'id': '606df5fd-36da-4e83-a769-2ff8b4db8e97', 'ipo_access_execution_rank': None, 'trade_execution_date': None}]",False,regular_hours,False,False,,,,,,,,"{'amount': '146.72', 'currency_code': 'USD', 'currency_id': '1072fc76-1862-41ab-82c2-485837590762'}","{'amount': '139.74', 'currency_code': 'USD', 'currency_id': '1072fc76-1862-41ab-82c2-485837590762'}",,False,,,,,,False,True,False,True,0,,,2.0,user,False,,order_finalized,,
606de7d8-4854-4543-9526-d634a3d3f8e8,37E5B4D3-D2CB-4F4D-A573-53A5B7664736,https://api.robinhood.com/orders/606de7d8-4854-4543-9526-d634a3d3f8e8/,https://api.robinhood.com/accounts/5SE25445/,fa785cc9-e75d-40e1-ad49-9dad4a009457,https://api.robinhood.com/positions/5SE25445/599dd133-44d3-4c1e-b992-eb08b7ab7faa/,,https://api.robinhood.com/instruments/599dd133-44d3-4c1e-b992-eb08b7ab7faa/,599dd133-44d3-4c1e-b992-eb08b7ab7faa,1.00000000,311.07000000,0.00,filled,filled,,market,buy,gfd,immediate,326.57000000,,1.00000000,,2021-04-07T17:11:52.851959Z,2021-04-07T17:11:53.515550Z,2021-04-07T17:11:53.126000Z,"[{'price': '311.07430000', 'quantity': '1.00000000', 'rounded_notional': None, 'settlement_date': '2021-04-09', 'timestamp': '2021-04-07T17:11:53.123000Z', 'id': '606de7d9-e5a9-4701-bd31-aa6a59c37b4d', 'ipo_access_execution_rank': None, 'trade_execution_date': None}]",False,regular_hours,False,False,,,,,,,,"{'amount': '326.57', 'currency_code': 'USD', 'currency_id': '1072fc76-1862-41ab-82c2-485837590762'}","{'amount': '311.07', 'currency_code': 'USD', 'currency_id': '1072fc76-1862-41ab-82c2-485837590762'}",,False,,,,,,False,True,False,True,0,,,2.0,user,False,,order_finalized,,
606de799-e0a0-4163-82b4-163d1bd47451,DB2F186E-9C34-4036-923C-9635BFE3854D,https://api.robinhood.com/orders/606de799-e0a0-4163-82b4-163d1bd47451/,https://api.robinhood.com/accounts/5SE25445/,fa785cc9-e75d-40e1-ad49-9dad4a009457,https://api.robinhood.com/positions/5SE25445/846ae64b-c4dd-432c-9f26-44afd60ed82b/,,https://api.robinhood.com/instruments/846ae64b-c4dd-432c-9f26-44afd60ed82b/,846ae64b-c4dd-432c-9f26-44afd60ed82b,1.04588300,191.22600000,0.00,filled,filled,,market,buy,gfd,immediate,200.80000000,,1.04588300,,2021-04-07T17:10:49.803913Z,2021-04-07T17:10:50.920255Z,2021-04-07T17:10:50.677700Z,"[{'price': '190.93000000', 'quantity': '0.04750400', 'rounded_notional': None, 'settlement_date': '2021-04-09', 'timestamp': '2021-04-07T17:10:50.023036Z', 'id': '810845d8-449e-4c91-9b4b-53f54a1290be', 'ipo_access_execution_rank': None, 'trade_execution_date': None}, {'price': '191.24000000', 'quantity': '0.99837900', 'rounded_notional': None, 'settlement_date': '2021-04-09', 'timestamp': '2021-04-07T17:10:50.133000Z', 'id': 'd48e1455-22d4-4141-b90f-ff0b7801aa78', 'ipo_access_execution_rank': None, 'trade_execution_date': None}]",False,regular_hours,False,False,,,,,,"{'amount': '200.00000000', 'currency_code': 'USD', 'currency_id': '1072fc76-1862-41ab-82c2-485837590762'}",,"{'amount': '200.00', 'currency_code': 'USD', 'currency_id': '1072fc76-1862-41ab-82c2-485837590762'}","{'amount': '200.00', 'currency_code': 'USD', 'currency_id': '1072fc76-1862-41ab-82c2-485837590762'}",,False,,,,,,False,True,False,True,0,,,2.0,user,False,,order_finalized,,
606dcb03-4d43-4eff-ad19-8a1cf734d003,21D3933A-72D7-42E4-9012-4D269813EFA7,https://api.robinhood.com/orders/606dcb03-4d43-4eff-ad19-8a1cf734d003/,https://api.robinhood.com/accounts/5SE25445/,fa785cc9-e75d-40e1-ad49-9dad4a009457,https://api.robinhood.com/positions/5SE25445/45ccb9d7-b9f0-40aa-833f-8381a4e5c3e5/,,https://api.robinhood.com/instruments/45ccb9d7-b9f0-40aa-833f-8381a4e5c3e5/,45ccb9d7-b9f0-40aa-833f-8381a4e5c3e5,41.39101700,24.15980000,0.00,filled,filled,,market,buy,gfd,immediate,25.37000000,,41.39101700,,2021-04-07T15:08:51.129074Z,2021-04-07T15:08:52.319086Z,2021-04-07T15:08:52.075163Z,"[{'price': '24.15500000', 'quantity': '0.39929600', 'rounded_notional': None, 'settlement_date': '2021-04-09', 'timestamp': '2021-04-07T15:08:51.301965Z', 'id': '7ac4b96e-b9cd-4844-b961-3bbeead67c67', 'ipo_access_execution_rank': None, 'trade_execution_date': None}, {'price': '24.16000000', 'quantity': '40.99172100', 'rounded_notional': None, 'settlement_date': '2021-04-09', 'timestamp': '2021-04-07T15:08:51.361000Z', 'id': 'a87c4154-8edd-4ffd-bcd6-736de6b5bf58', 'ipo_access_execution_rank': None, 'trade_execution_date': None}]",False,regular_hours,False,False,,,,,,"{'amount': '1000.00000000', 'currency_code': 'USD', 'currency_id': '1072fc76-1862-41ab-82c2-485837590762'}",,"{'amount': '1000.00', 'currency_code': 'USD', 'currency_id': '1072fc76-1862-41ab-82c2-485837590762'}","{'amount': '1000.00', 'currency_code': 'USD', 'currency_id': '1072fc76-1862-41ab-82c2-485837590762'}",,False,,,,,,False,True,False,True,0,,,2.0,user,False,,order_finalized,,
606dc355-93ba-4de3-b50e-07d1bad6d8e8,F38E665E-D3C4-4075-BA0B-394297716B2F,https://api.robinhood.com/orders/606dc355-93ba-4de3-b50e-07d1bad6d8e8/,https://api.robinhood.com/accounts/5SE25445/,fa785cc9-e75d-40e1-ad49-9dad4a009457,https://api.robinhood.com/positions/5SE25445/e988f084-7653-4e65-8768-b3b7d24d6290/,,https://api.robinhood.com/instruments/e988f084-7653-4e65-8768-b3b7d24d6290/,e988f084-7653-4e65-8768-b3b7d24d6290,3.57685500,279.57520000,0.00,filled,filled,,market,buy,gfd,immediate,293.58000000,,3.57685500,,2021-04-07T14:36:05.995476Z,2021-04-07T14:36:07.023878Z,2021-04-07T14:36:06.764641Z,"[{'price': '279.57520000', 'quantity': '3.57685500', 'rounded_notional': None, 'settlement_date': '2021-04-09', 'timestamp': '2021-04-07T14:36:06.310000Z', 'id': '5c9cb680-cf26-44b7-833f-8d8330bc3f6f', 'ipo_access_execution_rank': None, 'trade_execution_date': None}]",False,regular_hours,False,False,,,,,,"{'amount': '1000.00000000', 'currency_code': 'USD', 'currency_id': '1072fc76-1862-41ab-82c2-485837590762'}",,"{'amount': '1000.00', 'currency_code': 'USD', 'currency_id': '1072fc76-1862-41ab-82c2-485837590762'}","{'amount': '1000.00', 'currency_code': 'USD', 'currency_id': '1072fc76-1862-41ab-82c2-485837590762'}",,False,,,,,,False,True,False,True,0,,,2.0,user,False,,order_finalized,,
606dbe4e-4b2c-4625-b004-85b6eb06c4f2,0E845907-AC40-43BE-849B-10D20CA72EB8,https://api.robinhood.com/orders/606dbe4e-4b2c-4625-b004-85b6eb06c4f2/,https://api.robinhood.com/accounts/5SE25445/,fa785cc9-e75d-40e1-ad49-9dad4a009457,https://api.robinhood.com/positions/5SE25445/44a11079-4699-4442-84f8-f8cdf2c1a3c8/,,https://api.robinhood.com/instruments/44a11079-4699-4442-84f8-f8cdf2c1a3c8/,44a11079-4699-4442-84f8-f8cdf2c1a3c8,5.37098100,130.33000000,0.00,filled,filled,,market,buy,gfd,immediate,136.84000000,,5.37098100,,2021-04-07T14:14:38.772073Z,2021-04-07T14:14:39.953550Z,2021-04-07T14:14:39.712027Z,"[{'price': '130.33000000', 'quantity': '5.37098100', 'rounded_notional': None, 'settlement_date': '2021-04-09', 'timestamp': '2021-04-07T14:14:39.035000Z', 'id': '5638e322-47de-4772-b310-135b764ce9a7', 'ipo_access_execution_rank': None, 'trade_execution_date': None}]",False,regular_hours,False,False,,,,,,"{'amount': '700.00000000', 'currency_code': 'USD', 'currency_id': '1072fc76-1862-41ab-82c2-485837590762'}",,"{'amount': '700.00', 'currency_code': 'USD', 'currency_id': '1072fc76-1862-41ab-82c2-485837590762'}","{'amount': '700.00', 'currency_code': 'USD', 'currency_id': '1072fc76-1862-41ab-82c2-485837590762'}",,False,,,,,,False,True,False,True,0,,,2.0,user,False,,order_finalized,,
606dbe28-bdb2-40e5-9651-384ed44c2f7d,00ED1187-AEE1-44ED-AD20-2D23B21B8622,https://api.robinhood.com/orders/606dbe28-bdb2-40e5-9651-384ed44c2f7d/,https://api.robinhood.com/accounts/5SE25445/,fa785cc9-e75d-40e1-ad49-9dad4a009457,https://api.robinhood.com/positions/5SE25445/450dfc6d-5510-4d40-abfb-f633b7d9be3e/,,https://api.robinhood.com/instruments/450dfc6d-5510-4d40-abfb-f633b7d9be3e/,450dfc6d-5510-4d40-abfb-f633b7d9be3e,3.15636200,126.72820000,0.00,filled,filled,,market,buy,gfd,immediate,133.02000000,,3.15636200,,2021-04-07T14:14:00.102157Z,2021-04-07T14:14:01.331407Z,2021-04-07T14:14:01.090869Z,"[{'price': '126.72500000', 'quantity': '0.15644100', 'rounded_notional': None, 'settlement_date': '2021-04-09', 'timestamp': '2021-04-07T14:14:00.309204Z', 'id': 'dc79fa9a-b19c-457b-9b69-05d7eef15df8', 'ipo_access_execution_rank': None, 'trade_execution_date': None}, {'price': '126.73000000', 'quantity': '2.99992100', 'rounded_notional': None, 'settlement_date': '2021-04-09', 'timestamp': '2021-04-07T14:14:00.402000Z', 'id': '39b06ff7-b4a4-4b2e-9784-4b0a6d6af404', 'ipo_access_execution_rank': None, 'trade_execution_date': None}]",False,regular_hours,False,False,,,,,,"{'amount': '400.00000000', 'currency_code': 'USD', 'currency_id': '1072fc76-1862-41ab-82c2-485837590762'}",,"{'amount': '400.00', 'currency_code': 'USD', 'currency_id': '1072fc76-1862-41ab-82c2-485837590762'}","{'amount': '400.00', 'currency_code': 'USD', 'currency_id': '1072fc76-1862-41ab-82c2-485837590762'}",,False,,,,,,False,True,False,True,0,,,2.0,user,False,,order_finalized,,
606dbc09-3afc-40eb-902d-a465e1194bd7,E23841B1-8A09-4079-804B-8086DF334ED1,https://api.robinhood.com/orders/606dbc09-3afc-40eb-902d-a465e1194bd7/,https://api.robinhood.com/accounts/5SE25445/,fa785cc9-e75d-40e1-ad49-9dad4a009457,https://api.robinhood.com/positions/5SE25445/f3acdd2f-6580-4c75-a69c-81481cc4c235/,,https://api.robinhood.com/instruments/f3acdd2f-6580-4c75-a69c-81481cc4c235/,f3acdd2f-6580-4c75-a69c-81481cc4c235,64.96619000,245.52020000,0.10,filled,filled,,market,sell,gfd,immediate,,,64.96619000,,2021-04-07T14:04:57.054183Z,2021-04-07T14:04:58.739820Z,2021-04-07T14:04:58.487368Z,"[{'price': '245.52010000', 'quantity': '64.96619000', 'rounded_notional': None, 'settlement_date': '2021-04-09', 'timestamp': '2021-04-07T14:04:57.420000Z', 'id': 'e058f900-2ed1-4395-8baa-0bcc4a2debed', 'ipo_access_execution_rank': None, 'trade_execution_date': None}]",False,regular_hours,False,False,,,,,,,,,"{'amount': '15950.51', 'currency_code': 'USD', 'currency_id': '1072fc76-1862-41ab-82c2-485837590762'}",,False,,,,,,False,True,False,True,0,,,2.0,user,False,,order_finalized,,
606cbb89-2b6a-473a-9d25-cae2c7953ae9,DCF323A3-D76C-41CB-AF28-3529E4FFE7CD,https://api.robinhood.com/orders/606cbb89-2b6a-473a-9d25-cae2c7953ae9/,https://api.robinhood.com/accounts/5SE25445/,fa785cc9-e75d-40e1-ad49-9dad4a009457,https://api.robinhood.com/positions/5SE25445/f3acdd2f-6580-4c75-a69c-81481cc4c235/,,https://api.robinhood.com/instruments/f3acdd2f-6580-4c75-a69c-81481cc4c235/,f3acdd2f-6580-4c75-a69c-81481cc4c235,64.20841700,236.41990000,0.00,filled,filled,,market,buy,gfd,immediate,248.27000000,,64.20841700,,2021-04-06T19:50:33.921000Z,2021-04-06T19:50:35.228345Z,2021-04-06T19:50:34.978022Z,"[{'price': '236.40000000', 'quantity': '0.21383200', 'rounded_notional': None, 'settlement_date': '2021-04-08', 'timestamp': '2021-04-06T19:50:34.114815Z', 'id': 'c998e2a4-6b9b-4275-ae65-6971c825c907', 'ipo_access_execution_rank': None, 'trade_execution_date': None}, {'price': '236.42000000', 'quantity': '63.99458500', 'rounded_notional': None, 'settlement_date': '2021-04-08', 'timestamp': '2021-04-06T19:50:34.266000Z', 'id': '6a96c2ab-addd-4388-ab5f-3ccccd764981', 'ipo_access_execution_rank': None, 'trade_execution_date': None}]",False,regular_hours,False,False,,,,,,"{'amount': '15180.15000000', 'currency_code': 'USD', 'currency_id': '1072fc76-1862-41ab-82c2-485837590762'}",,"{'amount': '15180.15', 'currency_code': 'USD', 'currency_id': '1072fc76-1862-41ab-82c2-485837590762'}","{'amount': '15180.15', 'currency_code': 'USD', 'currency_id': '1072fc76-1862-41ab-82c2-485837590762'}",,False,,,,,,False,True,False,True,0,,,2.0,user,False,,order_finalized,,
606cb438-38e7-4024-8d52-a9ed9b7c908c,FC839CC0-1C5D-4845-8AD8-571A6C334880,https://api.robinhood.com/orders/606cb438-38e7-4024-8d52-a9ed9b7c908c/,https://api.robinhood.com/accounts/5SE25445/,fa785cc9-e75d-40e1-ad49-9dad4a009457,https://api.robinhood.com/positions/5SE25445/f3acdd2f-6580-4c75-a69c-81481cc4c235/,,https://api.robinhood.com/instruments/f3acdd2f-6580-4c75-a69c-81481cc4c235/,f3acdd2f-6580-4c75-a69c-81481cc4c235,63.00000000,238.00000000,0.09,filled,filled,,limit,sell,gfd,immediate,238.00000000,,63.00000000,,2021-04-06T19:19:20.128068Z,2021-04-06T19:19:28.279418Z,2021-04-06T19:19:27.880000Z,"[{'price': '238.00000000', 'quantity': '63.00000000', 'rounded_notional': None, 'settlement_date': '2021-04-08', 'timestamp': '2021-04-06T19:19:27.880000Z', 'id': '606cb43f-6773-422c-845a-15b10a76b358', 'ipo_access_execution_rank': None, 'trade_execution_date': None}]",False,regular_hours,False,False,,,,,,,,"{'amount': '14994.00', 'currency_code': 'USD', 'currency_id': '1072fc76-1862-41ab-82c2-485837590762'}","{'amount': '14994.00', 'currency_code': 'USD', 'currency_id': '1072fc76-1862-41ab-82c2-485837590762'}",,False,,,,,,False,True,False,True,0,,,2.0,user,False,,order_finalized,,
606cabe9-fce1-4e6f-b968-8790a019043f,32FA509F-512F-41CB-9994-43DA4A4D6B50,https://api.robinhood.com/orders/606cabe9-fce1-4e6f-b968-8790a019043f/,https://api.robinhood.com/accounts/5SE25445/,fa785cc9-e75d-40e1-ad49-9dad4a009457,https://api.robinhood.com/positions/5SE25445/f3acdd2f-6580-4c75-a69c-81481cc4c235/,,https://api.robinhood.com/instruments/f3acdd2f-6580-4c75-a69c-81481cc4c235/,f3acdd2f-6580-4c75-a69c-81481cc4c235,0.00000000,,0.00,cancelled,cancelled,,limit,sell,gfd,immediate,238.00000000,,63.00000000,,2021-04-06T18:43:53.531229Z,2021-04-06T18:44:50.548453Z,2021-04-06T18:44:50.079000Z,[],True,extended_hours,False,False,,,,,,,,"{'amount': '14994.00', 'currency_code': 'USD', 'currency_id': '1072fc76-1862-41ab-82c2-485837590762'}",,,False,user,,,,,False,True,False,True,0,,,3.0,user,False,,order_finalized,,
6054bd27-5e45-43b7-8543-92ef1f8af99d,46EF37D6-CDB8-41B1-925E-A040046BDB59,https://api.robinhood.com/orders/6054bd27-5e45-43b7-8543-92ef1f8af99d/,https://api.robinhood.com/accounts/5SE25445/,fa785cc9-e75d-40e1-ad49-9dad4a009457,https://api.robinhood.com/positions/5SE25445/f3acdd2f-6580-4c75-a69c-81481cc4c235/,,https://api.robinhood.com/instruments/f3acdd2f-6580-4c75-a69c-81481cc4c235/,f3acdd2f-6580-4c75-a69c-81481cc4c235,0.00000000,,0.00,cancelled,cancelled,,limit,sell,gtc,immediate,245.00000000,,63.00000000,,2021-03-19T15:03:03.627305Z,2021-03-31T13:35:13.924685Z,2021-03-31T13:35:13.504000Z,[],True,extended_hours,False,False,,,,,,,,"{'amount': '15435.00', 'currency_code': 'USD', 'currency_id': '1072fc76-1862-41ab-82c2-485837590762'}",,,False,user,,,,,False,True,False,True,0,,,27.0,user,False,,order_finalized,,
605380cc-8526-427d-a252-ea90bdee4131,26D3DAE3-9630-4353-899D-96CFAF9CEF35,https://api.robinhood.com/orders/605380cc-8526-427d-a252-ea90bdee4131/,https://api.robinhood.com/accounts/5SE25445/,fa785cc9-e75d-40e1-ad49-9dad4a009457,https://api.robinhood.com/positions/5SE25445/f3acdd2f-6580-4c75-a69c-81481cc4c235/,,https://api.robinhood.com/instruments/f3acdd2f-6580-4c75-a69c-81481cc4c235/,f3acdd2f-6580-4c75-a69c-81481cc4c235,60.67633300,236.20000000,0.00,filled,filled,,market,buy,gfd,immediate,248.07000000,,60.67633300,,2021-03-18T16:33:16.840872Z,2021-03-18T16:33:18.140177Z,2021-03-18T16:33:17.893244Z,"[{'price': '236.20000000', 'quantity': '0.67633300', 'rounded_notional': None, 'settlement_date': '2021-03-22', 'timestamp': '2021-03-18T16:33:17.096815Z', 'id': '91e55dde-62bf-42a0-ab98-d133ef4c9e36', 'ipo_access_execution_rank': None, 'trade_execution_date': None}, {'price': '236.20000000', 'quantity': '60.00000000', 'rounded_notional': None, 'settlement_date': '2021-03-22', 'timestamp': '2021-03-18T16:33:17.187000Z', 'id': '4451bea6-fc34-4100-a778-9f2255b3570f', 'ipo_access_execution_rank': None, 'trade_execution_date': None}]",False,regular_hours,False,False,,,,,,"{'amount': '14331.75000000', 'currency_code': 'USD', 'currency_id': '1072fc76-1862-41ab-82c2-485837590762'}",,"{'amount': '14331.75', 'currency_code': 'USD', 'currency_id': '1072fc76-1862-41ab-82c2-485837590762'}","{'amount': '14331.75', 'currency_code': 'USD', 'currency_id': '1072fc76-1862-41ab-82c2-485837590762'}",,False,,,,,,False,True,False,True,0,,,2.0,user,False,,order_finalized,,
0b89d99b-7806-49b4-853b-08c3b7afaaa1,BC9F31C3-58F7-45E1-86B8-0DF524CE751F,https://api.robinhood.com/orders/0b89d99b-7806-49b4-853b-08c3b7afaaa1/,https://api.robinhood.com/accounts/5SE25445/,fa785cc9-e75d-40e1-ad49-9dad4a009457,https://api.robinhood.com/positions/5SE25445/f3acdd2f-6580-4c75-a69c-81481cc4c235/,,https://api.robinhood.com/instruments/f3acdd2f-6580-4c75-a69c-81481cc4c235/,f3acdd2f-6580-4c75-a69c-81481cc4c235,0.59846700,250.64040000,0.00,filled,filled,,market,sell,gfd,immediate,,,0.59846700,,2021-02-23T19:31:14.004282Z,2021-02-23T19:31:15.147454Z,2021-02-23T19:31:14.911680Z,"[{'price': '250.64000000', 'quantity': '0.59846700', 'rounded_notional': None, 'settlement_date': '2021-02-25', 'timestamp': '2021-02-23T19:31:14.324000Z', 'id': '3190f00f-880e-4800-bda9-64e03554d026', 'ipo_access_execution_rank': None, 'trade_execution_date': None}]",False,regular_hours,False,False,,,,,,"{'amount': '150.00000000', 'currency_code': 'USD', 'currency_id': '1072fc76-1862-41ab-82c2-485837590762'}",,,"{'amount': '150.00', 'currency_code': 'USD', 'currency_id': '1072fc76-1862-41ab-82c2-485837590762'}",,False,,,,,,False,True,False,True,0,,,2.0,user,False,,order_finalized,,
678be330-23bc-455e-aab5-d9507049b9fc,433FB21D-15C2-4077-8FC4-30B7C5A00C08,https://api.robinhood.com/orders/678be330-23bc-455e-aab5-d9507049b9fc/,https://api.robinhood.com/accounts/5SE25445/,fa785cc9-e75d-40e1-ad49-9dad4a009457,https://api.robinhood.com/positions/5SE25445/61fec2c4-2c8e-470d-88b1-6e211f004d1e/,,https://api.robinhood.com/instruments/61fec2c4-2c8e-470d-88b1-6e211f004d1e/,61fec2c4-2c8e-470d-88b1-6e211f004d1e,21.51198300,3.17500000,0.00,filled,filled,,market,sell,gfd,immediate,,,21.51198300,,2021-02-23T19:30:26.316642Z,2021-02-23T19:30:27.328412Z,2021-02-23T19:30:27.076175Z,"[{'price': '3.17500000', 'quantity': '21.51198300', 'rounded_notional': None, 'settlement_date': '2021-02-25', 'timestamp': '2021-02-23T19:30:26.608000Z', 'id': '943ee893-b16d-4360-a3cf-8bb1297061f4', 'ipo_access_execution_rank': None, 'trade_execution_date': None}]",False,regular_hours,False,False,,,,,,,,,"{'amount': '68.30', 'currency_code': 'USD', 'currency_id': '1072fc76-1862-41ab-82c2-485837590762'}",,False,,,,,,False,True,False,True,0,,,2.0,user,False,,order_finalized,,
ef5999d3-7167-42c1-be8b-7b52f96ba59a,B7AEE0A4-5482-4E4C-AC49-2AD4FE4B1565,https://api.robinhood.com/orders/ef5999d3-7167-42c1-be8b-7b52f96ba59a/,https://api.robinhood.com/accounts/5SE25445/,fa785cc9-e75d-40e1-ad49-9dad4a009457,https://api.robinhood.com/positions/5SE25445/a43b7864-c100-4a80-ada7-f34b5db2c105/,,https://api.robinhood.com/instruments/a43b7864-c100-4a80-ada7-f34b5db2c105/,a43b7864-c100-4a80-ada7-f34b5db2c105,8.70473500,219.73330000,0.04,filled,filled,,market,sell,gfd,immediate,,,8.70473500,,2021-02-23T19:29:54.139206Z,2021-02-23T19:29:55.243590Z,2021-02-23T19:29:54.987721Z,"[{'price': '219.88500000', 'quantity': '0.70473500', 'rounded_notional': None, 'settlement_date': '2021-02-25', 'timestamp': '2021-02-23T19:29:54.263895Z', 'id': '7c4b75d8-3531-4361-84f3-bdd0b3251b47', 'ipo_access_execution_rank': None, 'trade_execution_date': None}, {'price': '219.72010000', 'quantity': '8.00000000', 'rounded_notional': None, 'settlement_date': '2021-02-25', 'timestamp': '2021-02-23T19:29:54.325000Z', 'id': 'e5defed5-a7bb-4922-9e71-1ce87b768429', 'ipo_access_execution_rank': None, 'trade_execution_date': None}]",False,regular_hours,False,False,,,,,,,,,"{'amount': '1912.72', 'currency_code': 'USD', 'currency_id': '1072fc76-1862-41ab-82c2-485837590762'}",,False,,,,,,False,True,False,True,0,,,2.0,user,False,,order_finalized,,
c8b3d171-1c0f-4be4-bd63-7dc4b13888a5,BA809343-293D-4079-A0C1-8BC04CD6FC29,https://api.robinhood.com/orders/c8b3d171-1c0f-4be4-bd63-7dc4b13888a5/,https://api.robinhood.com/accounts/5SE25445/,fa785cc9-e75d-40e1-ad49-9dad4a009457,https://api.robinhood.com/positions/5SE25445/8e3cf424-da55-48cd-a287-018c0c27cb18/,,https://api.robinhood.com/instruments/8e3cf424-da55-48cd-a287-018c0c27cb18/,8e3cf424-da55-48cd-a287-018c0c27cb18,8.28470200,231.98060000,0.05,filled,filled,,market,sell,gfd,immediate,,,8.28470200,,2021-02-23T19:29:41.661377Z,2021-02-23T19:29:42.975597Z,2021-02-23T19:29:42.709784Z,"[{'price': '231.98000000', 'quantity': '8.28470200', 'rounded_notional': None, 'settlement_date': '2021-02-25', 'timestamp': '2021-02-23T19:29:42.044000Z', 'id': 'ae9c9b21-b9ec-4a21-9706-6b73bbfc4fc9', 'ipo_access_execution_rank': None, 'trade_execution_date': None}]",False,regular_hours,False,False,,,,,,,,,"{'amount': '1921.89', 'currency_code': 'USD', 'currency_id': '1072fc76-1862-41ab-82c2-485837590762'}",,False,,,,,,False,True,False,True,0,,,2.0,user,False,,order_finalized,,
922bc94b-9a01-461e-8cd9-cbfe8eacdefe,0CA90EDC-06AE-4D1C-A8DA-A233F28D4C5B,https://api.robinhood.com/orders/922bc94b-9a01-461e-8cd9-cbfe8eacdefe/,https://api.robinhood.com/accounts/5SE25445/,fa785cc9-e75d-40e1-ad49-9dad4a009457,https://api.robinhood.com/positions/5SE25445/45ccb9d7-b9f0-40aa-833f-8381a4e5c3e5/,,https://api.robinhood.com/instruments/45ccb9d7-b9f0-40aa-833f-8381a4e5c3e5/,45ccb9d7-b9f0-40aa-833f-8381a4e5c3e5,14.52643800,20.87230000,0.00,filled,filled,,market,sell,gfd,immediate,,,14.52643800,,2021-02-23T19:28:54.391373Z,2021-02-23T19:28:55.556081Z,2021-02-23T19:28:55.233840Z,"[{'price': '20.87240000', 'quantity': '14.52643800', 'rounded_notional': None, 'settlement_date': '2021-02-25', 'timestamp': '2021-02-23T19:28:54.661000Z', 'id': 'bcdbedba-d051-442e-b625-b92a9414f338', 'ipo_access_execution_rank': None, 'trade_execution_date': None}]",False,regular_hours,False,False,,,,,,,,,"{'amount': '303.20', 'currency_code': 'USD', 'currency_id': '1072fc76-1862-41ab-82c2-485837590762'}",,False,,,,,,False,True,False,True,0,,,2.0,user,False,,order_finalized,,
f505a380-f45d-4eae-8a11-2aab952e8eb9,EF9EE34F-7984-4CF4-AAE3-718B212FE383,https://api.robinhood.com/orders/f505a380-f45d-4eae-8a11-2aab952e8eb9/,https://api.robinhood.com/accounts/5SE25445/,fa785cc9-e75d-40e1-ad49-9dad4a009457,https://api.robinhood.com/positions/5SE25445/a43b7864-c100-4a80-ada7-f34b5db2c105/,,https://api.robinhood.com/instruments/a43b7864-c100-4a80-ada7-f34b5db2c105/,a43b7864-c100-4a80-ada7-f34b5db2c105,8.70473500,229.76000000,0.00,filled,filled,,market,buy,gfd,immediate,241.27000000,,8.70473500,,2021-02-12T18:46:27.361977Z,2021-02-12T18:46:28.533394Z,2021-02-12T18:46:28.285152Z,"[{'price': '229.76000000', 'quantity': '8.70473500', 'rounded_notional': None, 'settlement_date': '2021-02-17', 'timestamp': '2021-02-12T18:46:27.695000Z', 'id': '9712b0f5-062b-46b7-b927-18a9e0a9fde5', 'ipo_access_execution_rank': None, 'trade_execution_date': None}]",False,regular_hours,False,False,,,,,,"{'amount': '2000.00000000', 'currency_code': 'USD', 'currency_id': '1072fc76-1862-41ab-82c2-485837590762'}",,"{'amount': '2000.00', 'currency_code': 'USD', 'currency_id': '1072fc76-1862-41ab-82c2-485837590762'}","{'amount': '2000.00', 'currency_code': 'USD', 'currency_id': '1072fc76-1862-41ab-82c2-485837590762'}",,False,,,,,,False,True,False,True,0,,,2.0,user,False,,order_finalized,,
3d86f0f6-562a-49b1-a8dd-e9addfc7fd0b,4D56D9EE-7567-475C-A68B-EB18DBA1DB42,https://api.robinhood.com/orders/3d86f0f6-562a-49b1-a8dd-e9addfc7fd0b/,https://api.robinhood.com/accounts/5SE25445/,fa785cc9-e75d-40e1-ad49-9dad4a009457,https://api.robinhood.com/positions/5SE25445/8e3cf424-da55-48cd-a287-018c0c27cb18/,,https://api.robinhood.com/instruments/8e3cf424-da55-48cd-a287-018c0c27cb18/,8e3cf424-da55-48cd-a287-018c0c27cb18,8.28470200,241.40880000,0.00,filled,filled,,market,buy,gfd,immediate,253.49000000,,8.28470200,,2021-02-12T18:45:55.369872Z,2021-02-12T18:45:56.599048Z,2021-02-12T18:45:56.362328Z,"[{'price': '241.37500000', 'quantity': '0.28586200', 'rounded_notional': None, 'settlement_date': '2021-02-17', 'timestamp': '2021-02-12T18:45:55.609636Z', 'id': 'e25743d3-df51-4511-b784-4e8ee473c272', 'ipo_access_execution_rank': None, 'trade_execution_date': None}, {'price': '241.41000000', 'quantity': '7.99884000', 'rounded_notional': None, 'settlement_date': '2021-02-17', 'timestamp': '2021-02-12T18:45:55.746000Z', 'id': '6fe1f4f2-df97-4a73-bcd0-6840cf7cb22b', 'ipo_access_execution_rank': None, 'trade_execution_date': None}]",False,regular_hours,False,False,,,,,,"{'amount': '2000.00000000', 'currency_code': 'USD', 'currency_id': '1072fc76-1862-41ab-82c2-485837590762'}",,"{'amount': '2000.00', 'currency_code': 'USD', 'currency_id': '1072fc76-1862-41ab-82c2-485837590762'}","{'amount': '2000.00', 'currency_code': 'USD', 'currency_id': '1072fc76-1862-41ab-82c2-485837590762'}",,False,,,,,,False,True,False,True,0,,,2.0,user,False,,order_finalized,,
c60fa6b8-48e8-4a68-bc41-25b5e7c0d16e,0E5C2150-C7B8-4986-9450-75008BFBDC5F,https://api.robinhood.com/orders/c60fa6b8-48e8-4a68-bc41-25b5e7c0d16e/,https://api.robinhood.com/accounts/5SE25445/,fa785cc9-e75d-40e1-ad49-9dad4a009457,https://api.robinhood.com/positions/5SE25445/ebab2398-028d-4939-9f1d-13bf38f81c50/,,https://api.robinhood.com/instruments/ebab2398-028d-4939-9f1d-13bf38f81c50/,ebab2398-028d-4939-9f1d-13bf38f81c50,0.55580700,269.87790000,0.00,filled,filled,,market,buy,gfd,immediate,283.39000000,,0.55580700,,2021-02-12T18:34:16.181661Z,2021-02-12T18:34:17.405250Z,2021-02-12T18:34:17.145029Z,"[{'price': '269.87750000', 'quantity': '0.55580700', 'rounded_notional': None, 'settlement_date': '2021-02-17', 'timestamp': '2021-02-12T18:34:16.500000Z', 'id': '5d164000-4359-4f43-8e17-60cf04116d58', 'ipo_access_execution_rank': None, 'trade_execution_date': None}]",False,regular_hours,False,False,,,,,,"{'amount': '150.00000000', 'currency_code': 'USD', 'currency_id': '1072fc76-1862-41ab-82c2-485837590762'}",,"{'amount': '150.00', 'currency_code': 'USD', 'currency_id': '1072fc76-1862-41ab-82c2-485837590762'}","{'amount': '150.00', 'currency_code': 'USD', 'currency_id': '1072fc76-1862-41ab-82c2-485837590762'}",,False,,,,,,False,True,False,True,0,,,2.0,user,False,,order_finalized,,
509ffc58-bf56-45c4-8997-380fbafc9c74,ED759168-BD53-4B93-BF1F-157772A67BB3,https://api.robinhood.com/orders/509ffc58-bf56-45c4-8997-380fbafc9c74/,https://api.robinhood.com/accounts/5SE25445/,fa785cc9-e75d-40e1-ad49-9dad4a009457,https://api.robinhood.com/positions/5SE25445/ebab2398-028d-4939-9f1d-13bf38f81c50/,,https://api.robinhood.com/instruments/ebab2398-028d-4939-9f1d-13bf38f81c50/,ebab2398-028d-4939-9f1d-13bf38f81c50,0.37063100,269.81010000,0.00,filled,filled,,market,buy,gfd,immediate,283.31000000,,0.37063100,,2021-02-12T18:33:15.761031Z,2021-02-12T18:33:16.236151Z,2021-02-12T18:33:16.006794Z,"[{'price': '269.81000000', 'quantity': '0.37063100', 'rounded_notional': None, 'settlement_date': '2021-02-17', 'timestamp': '2021-02-12T18:33:16.006790Z', 'id': '521aebbe-4981-4427-a1d4-eef490c94dc0', 'ipo_access_execution_rank': None, 'trade_execution_date': None}]",False,regular_hours,False,False,,,,,,"{'amount': '100.00000000', 'currency_code': 'USD', 'currency_id': '1072fc76-1862-41ab-82c2-485837590762'}",,"{'amount': '100.00', 'currency_code': 'USD', 'currency_id': '1072fc76-1862-41ab-82c2-485837590762'}","{'amount': '100.00', 'currency_code': 'USD', 'currency_id': '1072fc76-1862-41ab-82c2-485837590762'}",,False,,,,,,False,True,False,True,0,,,0.0,user,False,,order_finalized,,
0f4ba19b-bbad-49d9-8725-02845ad0b749,0420F5DC-5C5E-426E-9982-753BDCC19E9C,https://api.robinhood.com/orders/0f4ba19b-bbad-49d9-8725-02845ad0b749/,https://api.robinhood.com/accounts/5SE25445/,fa785cc9-e75d-40e1-ad49-9dad4a009457,https://api.robinhood.com/positions/5SE25445/61fec2c4-2c8e-470d-88b1-6e211f004d1e/,,https://api.robinhood.com/instruments/61fec2c4-2c8e-470d-88b1-6e211f004d1e/,61fec2c4-2c8e-470d-88b1-6e211f004d1e,21.51198300,4.64860000,0.00,filled,filled,,market,buy,gfd,immediate,4.88000000,,21.51198300,,2021-02-12T18:32:51.504997Z,2021-02-12T18:32:52.731736Z,2021-02-12T18:32:52.483604Z,"[{'price': '4.64500000', 'quantity': '0.52852500', 'rounded_notional': None, 'settlement_date': '2021-02-17', 'timestamp': '2021-02-12T18:32:51.708600Z', 'id': '7ae78a4f-21ee-4735-88f1-1b128ff6bafc', 'ipo_access_execution_rank': None, 'trade_execution_date': None}, {'price': '4.64890000', 'quantity': '20.98345800', 'rounded_notional': None, 'settlement_date': '2021-02-17', 'timestamp': '2021-02-12T18:32:51.839000Z', 'id': 'fe74cc5e-1d1f-4394-8618-267146093a58', 'ipo_access_execution_rank': None, 'trade_execution_date': None}]",False,regular_hours,False,False,,,,,,"{'amount': '100.00000000', 'currency_code': 'USD', 'currency_id': '1072fc76-1862-41ab-82c2-485837590762'}",,"{'amount': '100.00', 'currency_code': 'USD', 'currency_id': '1072fc76-1862-41ab-82c2-485837590762'}","{'amount': '100.00', 'currency_code': 'USD', 'currency_id': '1072fc76-1862-41ab-82c2-485837590762'}",,False,,,,,,False,True,False,True,0,,,2.0,user,False,,order_finalized,,
b398ea0b-20af-487b-84ef-9846b2cf946b,16C212B1-F551-43E8-8E00-F4A48EDAF9E6,https://api.robinhood.com/orders/b398ea0b-20af-487b-84ef-9846b2cf946b/,https://api.robinhood.com/accounts/5SE25445/,fa785cc9-e75d-40e1-ad49-9dad4a009457,https://api.robinhood.com/positions/5SE25445/45ccb9d7-b9f0-40aa-833f-8381a4e5c3e5/,,https://api.robinhood.com/instruments/45ccb9d7-b9f0-40aa-833f-8381a4e5c3e5/,45ccb9d7-b9f0-40aa-833f-8381a4e5c3e5,14.52643800,17.21000000,0.00,filled,filled,,market,buy,gfd,immediate,18.08000000,,14.52643800,,2021-02-12T18:32:34.325305Z,2021-02-12T18:32:35.601445Z,2021-02-12T18:32:35.348457Z,"[{'price': '17.21000000', 'quantity': '14.52643800', 'rounded_notional': None, 'settlement_date': '2021-02-17', 'timestamp': '2021-02-12T18:32:34.647000Z', 'id': 'd6093fcd-ade7-444c-a6d3-210404732c75', 'ipo_access_execution_rank': None, 'trade_execution_date': None}]",False,regular_hours,False,False,,,,,,"{'amount': '250.00000000', 'currency_code': 'USD', 'currency_id': '1072fc76-1862-41ab-82c2-485837590762'}",,"{'amount': '250.00', 'currency_code': 'USD', 'currency_id': '1072fc76-1862-41ab-82c2-485837590762'}","{'amount': '250.00', 'currency_code': 'USD', 'currency_id': '1072fc76-1862-41ab-82c2-485837590762'}",,False,,,,,,False,True,False,True,0,,,2.0,user,False,,order_finalized,,
3f4d9708-5c06-414b-b12c-b002edc1c6fc,4D100828-5773-4E63-9B48-821ABA1DA43C,https://api.robinhood.com/orders/3f4d9708-5c06-414b-b12c-b002edc1c6fc/,https://api.robinhood.com/accounts/5SE25445/,fa785cc9-e75d-40e1-ad49-9dad4a009457,https://api.robinhood.com/positions/5SE25445/44a11079-4699-4442-84f8-f8cdf2c1a3c8/,,https://api.robinhood.com/instruments/44a11079-4699-4442-84f8-f8cdf2c1a3c8/,44a11079-4699-4442-84f8-f8cdf2c1a3c8,2.03138300,123.06890000,0.00,filled,filled,,market,buy,gfd,immediate,129.22000000,,2.03138300,,2021-02-12T18:31:51.275594Z,2021-02-12T18:31:52.545014Z,2021-02-12T18:31:52.296415Z,"[{'price': '123.05500000', 'quantity': '0.03161100', 'rounded_notional': None, 'settlement_date': '2021-02-17', 'timestamp': '2021-02-12T18:31:51.534714Z', 'id': 'dbfe2084-494a-43a0-adc7-f9d971c57927', 'ipo_access_execution_rank': None, 'trade_execution_date': None}, {'price': '123.06900000', 'quantity': '1.99977200', 'rounded_notional': None, 'settlement_date': '2021-02-17', 'timestamp': '2021-02-12T18:31:51.701000Z', 'id': 'b347aa1d-702c-4697-a470-44068d2414a5', 'ipo_access_execution_rank': None, 'trade_execution_date': None}]",False,regular_hours,False,False,,,,,,"{'amount': '250.00000000', 'currency_code': 'USD', 'currency_id': '1072fc76-1862-41ab-82c2-485837590762'}",,"{'amount': '250.00', 'currency_code': 'USD', 'currency_id': '1072fc76-1862-41ab-82c2-485837590762'}","{'amount': '250.00', 'currency_code': 'USD', 'currency_id': '1072fc76-1862-41ab-82c2-485837590762'}",,False,,,,,,False,True,False,True,0,,,2.0,user,False,,order_finalized,,
7faec944-ce1d-4234-a317-8ff9c5f5c077,3CBC6B3B-C359-46CF-8E07-30560C6B5242,https://api.robinhood.com/orders/7faec944-ce1d-4234-a317-8ff9c5f5c077/,https://api.robinhood.com/accounts/5SE25445/,fa785cc9-e75d-40e1-ad49-9dad4a009457,https://api.robinhood.com/positions/5SE25445/450dfc6d-5510-4d40-abfb-f633b7d9be3e/,,https://api.robinhood.com/instruments/450dfc6d-5510-4d40-abfb-f633b7d9be3e/,450dfc6d-5510-4d40-abfb-f633b7d9be3e,4.71208700,134.19960000,0.00,filled,filled,,market,buy,gfd,immediate,140.94000000,,4.71208700,,2021-02-12T18:30:57.302359Z,2021-11-18T21:09:15.201136Z,2021-02-12T18:30:58.580142Z,"[{'price': '134.19500000', 'quantity': '0.71134200', 'rounded_notional': '95.46000000', 'settlement_date': '2021-02-17', 'timestamp': '2021-02-12T18:30:57.820921Z', 'id': '9db99854-3209-4a75-a5b5-36f542a17ea7', 'ipo_access_execution_rank': None, 'trade_execution_date': None}, {'price': '134.20000000', 'quantity': '4.00000000', 'rounded_notional': None, 'settlement_date': '2021-02-17', 'timestamp': '2021-02-12T18:30:57.888000Z', 'id': 'f8893fbe-25d4-49b1-a6ec-2673ba0db00a', 'ipo_access_execution_rank': None, 'trade_execution_date': None}, {'price': '134.20000000', 'quantity': '0.00074500', 'rounded_notional': None, 'settlement_date': '2021-02-17', 'timestamp': '2021-02-12T18:30:57.888000Z', 'id': 'fc7223ea-9f9b-49a8-99e1-60454c95b744', 'ipo_access_execution_rank': None, 'trade_execution_date': None}]",False,regular_hours,False,False,,,,,,"{'amount': '632.38000000', 'currency_code': 'USD', 'currency_id': '1072fc76-1862-41ab-82c2-485837590762'}",,"{'amount': '632.38', 'currency_code': 'USD', 'currency_id': '1072fc76-1862-41ab-82c2-485837590762'}","{'amount': '632.36', 'currency_code': 'USD', 'currency_id': '1072fc76-1862-41ab-82c2-485837590762'}",,False,,,,,,False,True,False,True,0,,,2.0,user,False,,order_finalized,,
cc7dfd2c-7bb0-4e44-8623-c369f8476248,58B7BAFA-E111-4097-BB28-9BB4B86E7D33,https://api.robinhood.com/orders/cc7dfd2c-7bb0-4e44-8623-c369f8476248/,https://api.robinhood.com/accounts/5SE25445/,fa785cc9-e75d-40e1-ad49-9dad4a009457,https://api.robinhood.com/positions/5SE25445/f3acdd2f-6580-4c75-a69c-81481cc4c235/,,https://api.robinhood.com/instruments/f3acdd2f-6580-4c75-a69c-81481cc4c235/,f3acdd2f-6580-4c75-a69c-81481cc4c235,3.67990700,271.74600000,0.00,filled,filled,,market,buy,gfd,immediate,285.43000000,,3.67990700,,2021-02-12T18:30:22.338634Z,2021-02-12T18:30:23.592802Z,2021-02-12T18:30:23.346175Z,"[{'price': '271.73500000', 'quantity': '0.68005500', 'rounded_notional': None, 'settlement_date': '2021-02-17', 'timestamp': '2021-02-12T18:30:22.559727Z', 'id': '89f7f63f-c767-4f0d-aff9-53803dd9c211', 'ipo_access_execution_rank': None, 'trade_execution_date': None}, {'price': '271.75000000', 'quantity': '2.99985200', 'rounded_notional': None, 'settlement_date': '2021-02-17', 'timestamp': '2021-02-12T18:30:22.656000Z', 'id': '61b891a8-459a-4f0c-b4b2-383392edd056', 'ipo_access_execution_rank': None, 'trade_execution_date': None}]",False,regular_hours,False,False,,,,,,"{'amount': '1000.00000000', 'currency_code': 'USD', 'currency_id': '1072fc76-1862-41ab-82c2-485837590762'}",,"{'amount': '1000.00', 'currency_code': 'USD', 'currency_id': '1072fc76-1862-41ab-82c2-485837590762'}","{'amount': '1000.00', 'currency_code': 'USD', 'currency_id': '1072fc76-1862-41ab-82c2-485837590762'}",,False,,,,,,False,True,False,True,0,,,2.0,user,False,,order_finalized,,
1211ff1f-b3bd-401c-82e7-5590193e7a7c,62A7DB07-49A7-49B2-A960-83C1C1DB9776,https://api.robinhood.com/orders/1211ff1f-b3bd-401c-82e7-5590193e7a7c/,https://api.robinhood.com/accounts/5SE25445/,fa785cc9-e75d-40e1-ad49-9dad4a009457,https://api.robinhood.com/positions/5SE25445/c0bb3aec-bd1e-471e-a4f0-ca011cbec711/,,https://api.robinhood.com/instruments/c0bb3aec-bd1e-471e-a4f0-ca011cbec711/,c0bb3aec-bd1e-471e-a4f0-ca011cbec711,0.30771400,3249.77090000,0.00,filled,filled,,market,buy,gfd,immediate,3413.55000000,,0.30771400,,2021-02-12T18:25:46.914095Z,2021-02-12T18:25:47.436179Z,2021-02-12T18:25:47.204976Z,"[{'price': '3249.77000000', 'quantity': '0.30771400', 'rounded_notional': None, 'settlement_date': '2021-02-17', 'timestamp': '2021-02-12T18:25:47.204974Z', 'id': 'a557b14d-5f84-475c-a02b-0f013d2500b8', 'ipo_access_execution_rank': None, 'trade_execution_date': None}]",False,regular_hours,False,False,,,,,,"{'amount': '1000.00000000', 'currency_code': 'USD', 'currency_id': '1072fc76-1862-41ab-82c2-485837590762'}",,"{'amount': '1000.00', 'currency_code': 'USD', 'currency_id': '1072fc76-1862-41ab-82c2-485837590762'}","{'amount': '1000.00', 'currency_code': 'USD', 'currency_id': '1072fc76-1862-41ab-82c2-485837590762'}",,False,,,,,,False,True,False,True,0,,,0.0,user,False,,order_finalized,,
acba18fd-3ad9-4683-b64f-83986661aaa5,7F23BE96-E35F-4A48-9061-D5CE6AFD8955,https://api.robinhood.com/orders/acba18fd-3ad9-4683-b64f-83986661aaa5/,https://api.robinhood.com/accounts/5SE25445/,fa785cc9-e75d-40e1-ad49-9dad4a009457,https://api.robinhood.com/positions/5SE25445/943c5009-a0bb-4665-8cf4-a95dab5874e4/,,https://api.robinhood.com/instruments/943c5009-a0bb-4665-8cf4-a95dab5874e4/,943c5009-a0bb-4665-8cf4-a95dab5874e4,0.47705400,2096.19880000,0.00,filled,filled,,market,buy,gfd,immediate,2202.43000000,,0.47705400,,2021-02-12T18:25:20.366215Z,2021-02-12T18:25:20.788995Z,2021-02-12T18:25:20.558891Z,"[{'price': '2096.19500000', 'quantity': '0.47705400', 'rounded_notional': None, 'settlement_date': '2021-02-17', 'timestamp': '2021-02-12T18:25:20.558889Z', 'id': '4acaf570-151f-4135-a416-a54a8defa6c6', 'ipo_access_execution_rank': None, 'trade_execution_date': None}]",False,regular_hours,False,False,,,,,,"{'amount': '1000.00000000', 'currency_code': 'USD', 'currency_id': '1072fc76-1862-41ab-82c2-485837590762'}",,"{'amount': '1000.00', 'currency_code': 'USD', 'currency_id': '1072fc76-1862-41ab-82c2-485837590762'}","{'amount': '1000.00', 'currency_code': 'USD', 'currency_id': '1072fc76-1862-41ab-82c2-485837590762'}",,False,,,,,,False,True,False,True,0,,,0.0,user,False,,order_finalized,,
179d83bc-c09b-4016-bfa8-e7e0fdf471cc,B68DAFEA-DFD2-4F20-883C-2E911D98F425,https://api.robinhood.com/orders/179d83bc-c09b-4016-bfa8-e7e0fdf471cc/,https://api.robinhood.com/accounts/5SE25445/,fa785cc9-e75d-40e1-ad49-9dad4a009457,https://api.robinhood.com/positions/5SE25445/ad059c69-0c1c-4c6b-8322-f53f1bbd69d4/,,https://api.robinhood.com/instruments/ad059c69-0c1c-4c6b-8322-f53f1bbd69d4/,ad059c69-0c1c-4c6b-8322-f53f1bbd69d4,1.00000000,60.34000000,0.00,filled,filled,,market,sell,gfd,immediate,,,1.00000000,,2021-02-11T18:25:43.778940Z,2021-02-11T18:25:44.557066Z,2021-02-11T18:25:44.134000Z,"[{'price': '60.33500000', 'quantity': '1.00000000', 'rounded_notional': None, 'settlement_date': '2021-02-16', 'timestamp': '2021-02-11T18:25:44.134000Z', 'id': '9e9dd954-f791-4cf0-8214-30ec2f566e41', 'ipo_access_execution_rank': None, 'trade_execution_date': None}]",False,regular_hours,False,False,,,,,,,,,"{'amount': '60.34', 'currency_code': 'USD', 'currency_id': '1072fc76-1862-41ab-82c2-485837590762'}",,False,,,,,,False,True,False,True,0,,,2.0,user,False,,order_finalized,,
1c2b5834-d760-4fba-a26f-ec6b4cbe8a43,3D419ADE-6E57-42AD-B6BE-3C458B8794F7,https://api.robinhood.com/orders/1c2b5834-d760-4fba-a26f-ec6b4cbe8a43/,https://api.robinhood.com/accounts/5SE25445/,fa785cc9-e75d-40e1-ad49-9dad4a009457,https://api.robinhood.com/positions/5SE25445/92e85187-3829-472a-a60b-d81d8cd5b8b3/,,https://api.robinhood.com/instruments/92e85187-3829-472a-a60b-d81d8cd5b8b3/,92e85187-3829-472a-a60b-d81d8cd5b8b3,1.39314200,11.96580000,0.00,filled,filled,,market,sell,gfd,immediate,,,1.39314200,,2021-02-11T18:25:32.288246Z,2021-02-11T18:25:33.286440Z,2021-02-11T18:25:33.039541Z,"[{'price': '11.96500000', 'quantity': '0.39314200', 'rounded_notional': None, 'settlement_date': '2021-02-16', 'timestamp': '2021-02-11T18:25:32.482060Z', 'id': 'f779a873-ce3f-4284-9e9a-c38a304b36e5', 'ipo_access_execution_rank': None, 'trade_execution_date': None}, {'price': '11.96500000', 'quantity': '1.00000000', 'rounded_notional': None, 'settlement_date': '2021-02-16', 'timestamp': '2021-02-11T18:25:32.566000Z', 'id': '3e7d0bf4-b44e-4ad2-92be-626156c995f4', 'ipo_access_execution_rank': None, 'trade_execution_date': None}]",False,regular_hours,False,False,,,,,,,,,"{'amount': '16.67', 'currency_code': 'USD', 'currency_id': '1072fc76-1862-41ab-82c2-485837590762'}",,False,,,,,,False,True,False,True,0,,,2.0,user,False,,order_finalized,,
df2d4c27-e41c-45f2-8c23-876fb16318c3,1736B0C4-BD42-4721-83B1-A8629CABB60E,https://api.robinhood.com/orders/df2d4c27-e41c-45f2-8c23-876fb16318c3/,https://api.robinhood.com/accounts/5SE25445/,fa785cc9-e75d-40e1-ad49-9dad4a009457,https://api.robinhood.com/positions/5SE25445/846ae64b-c4dd-432c-9f26-44afd60ed82b/,,https://api.robinhood.com/instruments/846ae64b-c4dd-432c-9f26-44afd60ed82b/,846ae64b-c4dd-432c-9f26-44afd60ed82b,0.45489200,207.69770000,0.00,filled,filled,,market,sell,gfd,immediate,,,0.45489200,,2021-02-11T18:25:20.688750Z,2021-02-11T18:25:21.884197Z,2021-02-11T18:25:21.643245Z,"[{'price': '207.70730000', 'quantity': '0.45489200', 'rounded_notional': None, 'settlement_date': '2021-02-16', 'timestamp': '2021-02-11T18:25:21.029000Z', 'id': 'dfef1921-47e5-4c6c-a85c-78fba74a90bd', 'ipo_access_execution_rank': None, 'trade_execution_date': None}]",False,regular_hours,False,False,,,,,,,,,"{'amount': '94.48', 'currency_code': 'USD', 'currency_id': '1072fc76-1862-41ab-82c2-485837590762'}",,False,,,,,,False,True,False,True,0,,,2.0,user,False,,order_finalized,,
69a9343f-9a95-483e-af6d-65b0b6642019,FF8F6282-3238-4D47-87BB-EF3CC51B814D,https://api.robinhood.com/orders/69a9343f-9a95-483e-af6d-65b0b6642019/,https://api.robinhood.com/accounts/5SE25445/,fa785cc9-e75d-40e1-ad49-9dad4a009457,https://api.robinhood.com/positions/5SE25445/ae2e4ada-197d-42a4-825c-aff01cc3a8dd/,,https://api.robinhood.com/instruments/ae2e4ada-197d-42a4-825c-aff01cc3a8dd/,ae2e4ada-197d-42a4-825c-aff01cc3a8dd,1.25946400,120.98000000,0.00,filled,filled,,market,sell,gfd,immediate,,,1.25946400,,2021-02-11T18:25:07.311185Z,2021-02-11T18:25:08.513176Z,2021-02-11T18:25:08.268524Z,"[{'price': '121.02000000', 'quantity': '0.25946400', 'rounded_notional': None, 'settlement_date': '2021-02-16', 'timestamp': '2021-02-11T18:25:07.592476Z', 'id': 'f9e442c0-0d54-4819-abcc-697155ddb55f', 'ipo_access_execution_rank': None, 'trade_execution_date': None}, {'price': '120.97000000', 'quantity': '1.00000000', 'rounded_notional': None, 'settlement_date': '2021-02-16', 'timestamp': '2021-02-11T18:25:07.657000Z', 'id': 'd97ad537-9cdd-4df9-a084-61348f087cb1', 'ipo_access_execution_rank': None, 'trade_execution_date': None}]",False,regular_hours,False,False,,,,,,,,,"{'amount': '152.37', 'currency_code': 'USD', 'currency_id': '1072fc76-1862-41ab-82c2-485837590762'}",,False,,,,,,False,True,False,True,0,,,2.0,user,False,,order_finalized,,
2af21c08-db57-42c5-bd14-49d549e1b491,EB8AC231-BCDB-46D0-BBED-A595249E6B1F,https://api.robinhood.com/orders/2af21c08-db57-42c5-bd14-49d549e1b491/,https://api.robinhood.com/accounts/5SE25445/,fa785cc9-e75d-40e1-ad49-9dad4a009457,https://api.robinhood.com/positions/5SE25445/943c5009-a0bb-4665-8cf4-a95dab5874e4/,,https://api.robinhood.com/instruments/943c5009-a0bb-4665-8cf4-a95dab5874e4/,943c5009-a0bb-4665-8cf4-a95dab5874e4,0.04600400,2090.47040000,0.00,filled,filled,,market,sell,gfd,immediate,,,0.04600400,,2021-02-11T18:24:54.024325Z,2021-02-11T18:24:54.544163Z,2021-02-11T18:24:54.310880Z,"[{'price': '2090.39000000', 'quantity': '0.04600400', 'rounded_notional': None, 'settlement_date': '2021-02-16', 'timestamp': '2021-02-11T18:24:54.310878Z', 'id': 'aec078d7-0ae8-489b-952a-5378b2b01e5e', 'ipo_access_execution_rank': None, 'trade_execution_date': None}]",False,regular_hours,False,False,,,,,,,,,"{'amount': '96.17', 'currency_code': 'USD', 'currency_id': '1072fc76-1862-41ab-82c2-485837590762'}",,False,,,,,,False,True,False,True,0,,,0.0,user,False,,order_finalized,,
73bd899f-9fe3-4b61-81d0-1023a83691fd,A1375985-FC39-45D0-98FE-68B10BF4DEA5,https://api.robinhood.com/orders/73bd899f-9fe3-4b61-81d0-1023a83691fd/,https://api.robinhood.com/accounts/5SE25445/,fa785cc9-e75d-40e1-ad49-9dad4a009457,https://api.robinhood.com/positions/5SE25445/b003dff4-7071-46ae-9a8d-6e4b4222edf0/,,https://api.robinhood.com/instruments/b003dff4-7071-46ae-9a8d-6e4b4222edf0/,b003dff4-7071-46ae-9a8d-6e4b4222edf0,1.03599100,5.56950000,0.00,filled,filled,,market,sell,gfd,immediate,,,1.03599100,,2021-02-11T18:24:37.932110Z,2021-02-11T18:24:39.161973Z,2021-02-11T18:24:38.919627Z,"[{'price': '5.57500000', 'quantity': '0.03599100', 'rounded_notional': None, 'settlement_date': '2021-02-16', 'timestamp': '2021-02-11T18:24:38.115891Z', 'id': 'c0753107-570e-4c0d-b87f-97cc72d7d317', 'ipo_access_execution_rank': None, 'trade_execution_date': None}, {'price': '5.57210000', 'quantity': '1.00000000', 'rounded_notional': None, 'settlement_date': '2021-02-16', 'timestamp': '2021-02-11T18:24:38.213000Z', 'id': '97b44cb3-989e-4af9-ad35-927aa574d851', 'ipo_access_execution_rank': None, 'trade_execution_date': None}]",False,regular_hours,False,False,,,,,,,,,"{'amount': '5.77', 'currency_code': 'USD', 'currency_id': '1072fc76-1862-41ab-82c2-485837590762'}",,False,,,,,,False,True,False,True,0,,,2.0,user,False,,order_finalized,,
6ed308bd-d4c9-4bfe-b52b-539ecc0ee132,D406913E-40BA-4096-9CF5-34F5BC291947,https://api.robinhood.com/orders/6ed308bd-d4c9-4bfe-b52b-539ecc0ee132/,https://api.robinhood.com/accounts/5SE25445/,fa785cc9-e75d-40e1-ad49-9dad4a009457,https://api.robinhood.com/positions/5SE25445/0dd811b3-7047-448d-96e0-7bf6ee4cfe45/,,https://api.robinhood.com/instruments/0dd811b3-7047-448d-96e0-7bf6ee4cfe45/,0dd811b3-7047-448d-96e0-7bf6ee4cfe45,0.88328600,32.82060000,0.00,filled,filled,,market,sell,gfd,immediate,,,0.88328600,,2021-02-11T18:24:21.118199Z,2021-02-11T18:24:22.472619Z,2021-02-11T18:24:22.214580Z,"[{'price': '32.82500000', 'quantity': '0.88328600', 'rounded_notional': None, 'settlement_date': '2021-02-16', 'timestamp': '2021-02-11T18:24:21.540000Z', 'id': '59e1dd03-96bc-45a7-84d7-7d5a8849e1aa', 'ipo_access_execution_rank': None, 'trade_execution_date': None}]",False,regular_hours,False,False,,,,,,,,,"{'amount': '28.99', 'currency_code': 'USD', 'currency_id': '1072fc76-1862-41ab-82c2-485837590762'}",,False,,,,,,False,True,False,True,0,,,2.0,user,False,,order_finalized,,
031999ec-ccfb-4516-8037-3b476035a130,958F7447-B6A4-406B-8617-EDEC156CE0E6,https://api.robinhood.com/orders/031999ec-ccfb-4516-8037-3b476035a130/,https://api.robinhood.com/accounts/5SE25445/,fa785cc9-e75d-40e1-ad49-9dad4a009457,https://api.robinhood.com/positions/5SE25445/940fc3f5-1db5-4fed-b452-f3a2e4562b5f/,,https://api.robinhood.com/instruments/940fc3f5-1db5-4fed-b452-f3a2e4562b5f/,940fc3f5-1db5-4fed-b452-f3a2e4562b5f,2.76031900,92.32990000,0.00,filled,filled,,market,sell,gfd,immediate,,,2.76031900,,2021-02-11T16:22:05.511028Z,2021-02-11T16:22:06.630076Z,2021-02-11T16:22:06.381121Z,"[{'price': '92.33000000', 'quantity': '2.76031900', 'rounded_notional': None, 'settlement_date': '2021-02-16', 'timestamp': '2021-02-11T16:22:05.822000Z', 'id': '42adcbfd-5893-4fe8-b9e1-51987e6f1191', 'ipo_access_execution_rank': None, 'trade_execution_date': None}]",False,regular_hours,False,False,,,,,,,,,"{'amount': '254.86', 'currency_code': 'USD', 'currency_id': '1072fc76-1862-41ab-82c2-485837590762'}",,False,,,,,,False,True,False,True,0,,,2.0,user,False,,order_finalized,,
78db54b7-9135-45ad-bf6a-5e2bc3fe0aaf,A0D62B8E-4D49-43BF-BEE3-0AA43EB6C579,https://api.robinhood.com/orders/78db54b7-9135-45ad-bf6a-5e2bc3fe0aaf/,https://api.robinhood.com/accounts/5SE25445/,fa785cc9-e75d-40e1-ad49-9dad4a009457,https://api.robinhood.com/positions/5SE25445/450dfc6d-5510-4d40-abfb-f633b7d9be3e/,,https://api.robinhood.com/instruments/450dfc6d-5510-4d40-abfb-f633b7d9be3e/,450dfc6d-5510-4d40-abfb-f633b7d9be3e,3.03544800,135.04100000,0.00,filled,filled,,market,sell,gfd,immediate,,,3.03544800,,2021-02-11T16:21:49.485216Z,2021-02-11T16:21:50.860692Z,2021-02-11T16:21:50.614762Z,"[{'price': '135.03500000', 'quantity': '0.03544800', 'rounded_notional': None, 'settlement_date': '2021-02-16', 'timestamp': '2021-02-11T16:21:49.878727Z', 'id': 'd5bf0f4d-367c-4b0d-84d9-1228ad399018', 'ipo_access_execution_rank': None, 'trade_execution_date': None}, {'price': '135.04000000', 'quantity': '3.00000000', 'rounded_notional': None, 'settlement_date': '2021-02-16', 'timestamp': '2021-02-11T16:21:49.993000Z', 'id': '6e6a1770-84b1-4aac-86a9-2294c93152a1', 'ipo_access_execution_rank': None, 'trade_execution_date': None}]",False,regular_hours,False,False,,,,,,,,,"{'amount': '409.91', 'currency_code': 'USD', 'currency_id': '1072fc76-1862-41ab-82c2-485837590762'}",,False,,,,,,False,True,False,True,0,,,2.0,user,False,,order_finalized,,
aab01d08-4eed-4565-a8da-182e4ac45194,CD3B2055-3202-449A-A362-8721C3159AB6,https://api.robinhood.com/orders/aab01d08-4eed-4565-a8da-182e4ac45194/,https://api.robinhood.com/accounts/5SE25445/,fa785cc9-e75d-40e1-ad49-9dad4a009457,https://api.robinhood.com/positions/5SE25445/c0bb3aec-bd1e-471e-a4f0-ca011cbec711/,,https://api.robinhood.com/instruments/c0bb3aec-bd1e-471e-a4f0-ca011cbec711/,c0bb3aec-bd1e-471e-a4f0-ca011cbec711,0.31425200,3278.10170000,0.03,filled,filled,,market,sell,gfd,immediate,,,0.31425200,,2021-02-11T16:21:12.388712Z,2021-02-11T16:21:12.988316Z,2021-02-11T16:21:12.747686Z,"[{'price': '3278.09500000', 'quantity': '0.31425200', 'rounded_notional': None, 'settlement_date': '2021-02-16', 'timestamp': '2021-02-11T16:21:12.747684Z', 'id': '16596166-e7ea-44d8-a3f6-728a01ea2724', 'ipo_access_execution_rank': None, 'trade_execution_date': None}]",False,regular_hours,False,False,,,,,,,,,"{'amount': '1030.15', 'currency_code': 'USD', 'currency_id': '1072fc76-1862-41ab-82c2-485837590762'}",,False,,,,,,False,True,False,True,0,,,0.0,user,False,,order_finalized,,
7eb53f14-581d-4e5c-8312-d8f1598a484c,243FDEB3-3546-4BA2-A9BA-7AA046608071,https://api.robinhood.com/orders/7eb53f14-581d-4e5c-8312-d8f1598a484c/,https://api.robinhood.com/accounts/5SE25445/,fa785cc9-e75d-40e1-ad49-9dad4a009457,https://api.robinhood.com/positions/5SE25445/24d7c10d-ae7d-4f7c-b031-12b2cfb53424/,,https://api.robinhood.com/instruments/24d7c10d-ae7d-4f7c-b031-12b2cfb53424/,24d7c10d-ae7d-4f7c-b031-12b2cfb53424,11.33990400,90.60130000,0.03,filled,filled,,market,sell,gfd,immediate,,,11.33990400,,2021-02-11T16:20:49.670971Z,2021-02-11T16:20:50.914821Z,2021-02-11T16:20:50.668479Z,"[{'price': '90.60500000', 'quantity': '0.33990400', 'rounded_notional': None, 'settlement_date': '2021-02-16', 'timestamp': '2021-02-11T16:20:49.895553Z', 'id': 'c6f07065-a27c-4639-8b4d-a19b4392b6be', 'ipo_access_execution_rank': None, 'trade_execution_date': None}, {'price': '90.60080000', 'quantity': '11.00000000', 'rounded_notional': None, 'settlement_date': '2021-02-16', 'timestamp': '2021-02-11T16:20:49.961000Z', 'id': '47f2dc71-8094-43d9-ac82-d1a59254899d', 'ipo_access_execution_rank': None, 'trade_execution_date': None}]",False,regular_hours,False,False,,,,,,,,,"{'amount': '1027.41', 'currency_code': 'USD', 'currency_id': '1072fc76-1862-41ab-82c2-485837590762'}",,False,,,,,,False,True,False,True,0,,,2.0,user,False,,order_finalized,,
e6dd94f5-9baa-4326-b0f4-e386da355613,9C001219-65DA-450C-879D-2539699410AC,https://api.robinhood.com/orders/e6dd94f5-9baa-4326-b0f4-e386da355613/,https://api.robinhood.com/accounts/5SE25445/,fa785cc9-e75d-40e1-ad49-9dad4a009457,https://api.robinhood.com/positions/5SE25445/c0bb3aec-bd1e-471e-a4f0-ca011cbec711/,,https://api.robinhood.com/instruments/c0bb3aec-bd1e-471e-a4f0-ca011cbec711/,c0bb3aec-bd1e-471e-a4f0-ca011cbec711,0.30216000,3308.14800000,0.00,filled,filled,,market,buy,gfd,immediate,3474.92000000,,0.30216000,,2021-02-08T19:43:28.238118Z,2021-02-08T19:43:29.606974Z,2021-02-08T19:43:28.481794Z,"[{'price': '3308.13500000', 'quantity': '0.30216000', 'rounded_notional': '999.59000000', 'settlement_date': '2021-02-10', 'timestamp': '2021-02-08T19:43:28.481789Z', 'id': 'eecab27a-04ac-4539-a66c-a7b44d22e0d7', 'ipo_access_execution_rank': None, 'trade_execution_date': None}]",False,regular_hours,False,False,,,,,,"{'amount': '1000.00000000', 'currency_code': 'USD', 'currency_id': '1072fc76-1862-41ab-82c2-485837590762'}",,"{'amount': '1000.00', 'currency_code': 'USD', 'currency_id': '1072fc76-1862-41ab-82c2-485837590762'}","{'amount': '999.59', 'currency_code': 'USD', 'currency_id': '1072fc76-1862-41ab-82c2-485837590762'}",,False,,,,,,False,True,False,True,0,,,1.0,user,False,,order_finalized,,
d479a52d-30ed-4e3c-983a-e3820f235cc7,7F40D9FE-2ADE-41AE-993D-62432D491A0B,https://api.robinhood.com/orders/d479a52d-30ed-4e3c-983a-e3820f235cc7/,https://api.robinhood.com/accounts/5SE25445/,fa785cc9-e75d-40e1-ad49-9dad4a009457,https://api.robinhood.com/positions/5SE25445/29d287a3-771b-4414-95ed-8669423303bf/,,https://api.robinhood.com/instruments/29d287a3-771b-4414-95ed-8669423303bf/,29d287a3-771b-4414-95ed-8669423303bf,1.00000000,59.06000000,0.00,filled,filled,,market,sell,gfd,immediate,,,1.00000000,,2021-02-08T18:55:56.700362Z,2021-02-08T18:55:57.429519Z,2021-02-08T18:55:56.963000Z,"[{'price': '59.06180000', 'quantity': '1.00000000', 'rounded_notional': None, 'settlement_date': '2021-02-10', 'timestamp': '2021-02-08T18:55:56.963000Z', 'id': '32dfeaab-bd8b-4eb6-b453-04291e447243', 'ipo_access_execution_rank': None, 'trade_execution_date': None}]",False,regular_hours,False,False,,,,,,,,,"{'amount': '59.06', 'currency_code': 'USD', 'currency_id': '1072fc76-1862-41ab-82c2-485837590762'}",,False,,,,,,False,True,False,True,0,,,2.0,user,False,,order_finalized,,
d154c3a1-acfb-480e-aca1-49b6e39b5f76,FEA63981-D1F5-4CC2-A421-8860818D30AB,https://api.robinhood.com/orders/d154c3a1-acfb-480e-aca1-49b6e39b5f76/,https://api.robinhood.com/accounts/5SE25445/,fa785cc9-e75d-40e1-ad49-9dad4a009457,https://api.robinhood.com/positions/5SE25445/9a5095d4-628d-4edf-a803-389731e35fb8/,,https://api.robinhood.com/instruments/9a5095d4-628d-4edf-a803-389731e35fb8/,9a5095d4-628d-4edf-a803-389731e35fb8,6.00000000,14.13170000,0.00,filled,filled,,market,sell,gfd,immediate,,,6.00000000,,2021-02-08T18:55:29.034697Z,2021-02-08T18:55:29.761355Z,2021-02-08T18:55:29.284000Z,"[{'price': '14.13140000', 'quantity': '6.00000000', 'rounded_notional': None, 'settlement_date': '2021-02-10', 'timestamp': '2021-02-08T18:55:29.284000Z', 'id': 'fb24287b-2aee-4a6c-b379-a1616cdd7ec7', 'ipo_access_execution_rank': None, 'trade_execution_date': None}]",False,regular_hours,False,False,,,,,,,,,"{'amount': '84.79', 'currency_code': 'USD', 'currency_id': '1072fc76-1862-41ab-82c2-485837590762'}",,False,,,,,,False,True,False,True,0,,,2.0,user,False,,order_finalized,,
ea39c879-4d1c-4941-a6b6-5b3f99938dc0,6A5066C8-8BE5-43A1-B101-829BEC3F4571,https://api.robinhood.com/orders/ea39c879-4d1c-4941-a6b6-5b3f99938dc0/,https://api.robinhood.com/accounts/5SE25445/,fa785cc9-e75d-40e1-ad49-9dad4a009457,https://api.robinhood.com/positions/5SE25445/6df56bd0-0bf2-44ab-8875-f94fd8526942/,,https://api.robinhood.com/instruments/6df56bd0-0bf2-44ab-8875-f94fd8526942/,6df56bd0-0bf2-44ab-8875-f94fd8526942,2.00000000,11.40500000,0.00,filled,filled,,market,sell,gfd,immediate,,,2.00000000,,2021-02-08T18:53:59.201507Z,2021-02-08T18:54:00.045853Z,2021-02-08T18:53:59.522000Z,"[{'price': '11.40280000', 'quantity': '2.00000000', 'rounded_notional': None, 'settlement_date': '2021-02-10', 'timestamp': '2021-02-08T18:53:59.522000Z', 'id': '684c4fc3-b4e4-4313-9653-f44dea05ce72', 'ipo_access_execution_rank': None, 'trade_execution_date': None}]",False,regular_hours,False,False,,,,,,,,,"{'amount': '22.81', 'currency_code': 'USD', 'currency_id': '1072fc76-1862-41ab-82c2-485837590762'}",,False,,,,,,False,True,False,True,0,,,2.0,user,False,,order_finalized,,
d80adfd2-409f-4526-975c-ca23896d58fd,94818AF6-C381-47BB-9121-423D1C9082B5,https://api.robinhood.com/orders/d80adfd2-409f-4526-975c-ca23896d58fd/,https://api.robinhood.com/accounts/5SE25445/,fa785cc9-e75d-40e1-ad49-9dad4a009457,https://api.robinhood.com/positions/5SE25445/6ec6c70e-d686-4d73-b5a8-74fec96aca0e/,,https://api.robinhood.com/instruments/6ec6c70e-d686-4d73-b5a8-74fec96aca0e/,6ec6c70e-d686-4d73-b5a8-74fec96aca0e,4.50687700,34.76240000,0.00,filled,filled,,market,sell,gfd,immediate,,,4.50687700,,2021-02-08T18:52:18.727985Z,2021-02-08T18:52:21.112810Z,2021-02-08T18:52:19.958186Z,"[{'price': '34.76210000', 'quantity': '4.50687700', 'rounded_notional': None, 'settlement_date': '2021-02-10', 'timestamp': '2021-02-08T18:52:19.330000Z', 'id': '8a07854d-849b-405a-a9c0-c6e93130c0e6', 'ipo_access_execution_rank': None, 'trade_execution_date': None}]",False,regular_hours,False,False,,,,,,,,,"{'amount': '156.67', 'currency_code': 'USD', 'currency_id': '1072fc76-1862-41ab-82c2-485837590762'}",,False,,,,,,False,True,False,True,0,,,2.0,user,False,,order_finalized,,
f994b1ca-7bb4-4d9e-9b47-0a0c6d41113d,12AE9C1C-A894-42E2-A82C-8AC30BDB1ED5,https://api.robinhood.com/orders/f994b1ca-7bb4-4d9e-9b47-0a0c6d41113d/,https://api.robinhood.com/accounts/5SE25445/,fa785cc9-e75d-40e1-ad49-9dad4a009457,https://api.robinhood.com/positions/5SE25445/b70b8c5f-34c7-4f2b-b13f-f9a957869995/,,https://api.robinhood.com/instruments/b70b8c5f-34c7-4f2b-b13f-f9a957869995/,b70b8c5f-34c7-4f2b-b13f-f9a957869995,1.00000000,44.82000000,0.00,filled,filled,,market,sell,gfd,immediate,,,1.00000000,,2021-02-08T18:49:39.050976Z,2021-02-08T18:49:39.758293Z,2021-02-08T18:49:39.318000Z,"[{'price': '44.82220000', 'quantity': '1.00000000', 'rounded_notional': None, 'settlement_date': '2021-02-10', 'timestamp': '2021-02-08T18:49:39.318000Z', 'id': 'deed344f-f7f0-4e95-889b-1f55795fac98', 'ipo_access_execution_rank': None, 'trade_execution_date': None}]",False,regular_hours,False,False,,,,,,,,,"{'amount': '44.82', 'currency_code': 'USD', 'currency_id': '1072fc76-1862-41ab-82c2-485837590762'}",,False,,,,,,False,True,False,True,0,,,2.0,user,False,,order_finalized,,
1c4c85ea-7906-48e3-8fa5-878d803225cf,0F58D807-22C1-4928-B2CD-4C258AF5B365,https://api.robinhood.com/orders/1c4c85ea-7906-48e3-8fa5-878d803225cf/,https://api.robinhood.com/accounts/5SE25445/,fa785cc9-e75d-40e1-ad49-9dad4a009457,https://api.robinhood.com/positions/5SE25445/24d7c10d-ae7d-4f7c-b031-12b2cfb53424/,,https://api.robinhood.com/instruments/24d7c10d-ae7d-4f7c-b031-12b2cfb53424/,24d7c10d-ae7d-4f7c-b031-12b2cfb53424,10.65757200,93.83000000,0.00,filled,filled,,market,buy,gfd,immediate,98.47000000,,10.65757200,,2021-02-08T18:48:40.035920Z,2021-02-08T18:48:42.299653Z,2021-02-08T18:48:41.148004Z,"[{'price': '93.83000000', 'quantity': '10.65757200', 'rounded_notional': None, 'settlement_date': '2021-02-10', 'timestamp': '2021-02-08T18:48:40.485000Z', 'id': '32a19660-89b9-41d9-9efe-33ac8aba416d', 'ipo_access_execution_rank': None, 'trade_execution_date': None}]",False,regular_hours,False,False,,,,,,"{'amount': '1000.00000000', 'currency_code': 'USD', 'currency_id': '1072fc76-1862-41ab-82c2-485837590762'}",,"{'amount': '1000.00', 'currency_code': 'USD', 'currency_id': '1072fc76-1862-41ab-82c2-485837590762'}","{'amount': '1000.00', 'currency_code': 'USD', 'currency_id': '1072fc76-1862-41ab-82c2-485837590762'}",,False,,,,,,False,True,False,True,0,,,2.0,user,False,,order_finalized,,
8164fd9a-35de-4f72-af60-f1caabd0909c,401040CE-D1FD-4443-969F-FB673872AF8C,https://api.robinhood.com/orders/8164fd9a-35de-4f72-af60-f1caabd0909c/,https://api.robinhood.com/accounts/5SE25445/,fa785cc9-e75d-40e1-ad49-9dad4a009457,https://api.robinhood.com/positions/5SE25445/c72ebbdf-47f8-4088-92a2-e1d1f6092966/,,https://api.robinhood.com/instruments/c72ebbdf-47f8-4088-92a2-e1d1f6092966/,c72ebbdf-47f8-4088-92a2-e1d1f6092966,0.41254400,174.50260000,0.00,filled,filled,,market,sell,gfd,immediate,,,0.41254400,,2021-02-08T18:45:21.419826Z,2021-02-08T18:45:23.602514Z,2021-02-08T18:45:22.442763Z,"[{'price': '174.51000000', 'quantity': '0.41254400', 'rounded_notional': None, 'settlement_date': '2021-02-10', 'timestamp': '2021-02-08T18:45:21.775000Z', 'id': '8b26fc76-1437-4e39-b002-340ce817e3e7', 'ipo_access_execution_rank': None, 'trade_execution_date': None}]",False,regular_hours,False,False,,,,,,,,,"{'amount': '71.99', 'currency_code': 'USD', 'currency_id': '1072fc76-1862-41ab-82c2-485837590762'}",,False,,,,,,False,True,False,True,0,,,2.0,user,False,,order_finalized,,
27167124-8a29-4777-8700-eef1221b1886,E7BC8033-F4FE-4BB4-AC1A-C709CC388C3B,https://api.robinhood.com/orders/27167124-8a29-4777-8700-eef1221b1886/,https://api.robinhood.com/accounts/5SE25445/,fa785cc9-e75d-40e1-ad49-9dad4a009457,https://api.robinhood.com/positions/5SE25445/45ccb9d7-b9f0-40aa-833f-8381a4e5c3e5/,,https://api.robinhood.com/instruments/45ccb9d7-b9f0-40aa-833f-8381a4e5c3e5/,45ccb9d7-b9f0-40aa-833f-8381a4e5c3e5,29.10393100,17.79000000,0.02,filled,filled,,market,sell,gfd,immediate,,,29.10393100,,2021-02-08T18:44:51.365520Z,2021-02-08T18:44:53.472456Z,2021-02-08T18:44:52.315091Z,"[{'price': '17.79500000', 'quantity': '0.10393100', 'rounded_notional': None, 'settlement_date': '2021-02-10', 'timestamp': '2021-02-08T18:44:51.588749Z', 'id': '649e0b01-97c5-4411-837f-15cb704edf1b', 'ipo_access_execution_rank': None, 'trade_execution_date': None}, {'price': '17.79000000', 'quantity': '29.00000000', 'rounded_notional': None, 'settlement_date': '2021-02-10', 'timestamp': '2021-02-08T18:44:51.658000Z', 'id': '6b71ad80-875f-4424-878f-5c8d6923094b', 'ipo_access_execution_rank': None, 'trade_execution_date': None}]",False,regular_hours,False,False,,,,,,,,,"{'amount': '517.76', 'currency_code': 'USD', 'currency_id': '1072fc76-1862-41ab-82c2-485837590762'}",,False,,,,,,False,True,False,True,0,,,2.0,user,False,,order_finalized,,
16ad7bc8-664f-41fa-9281-286836099577,EC7E33B6-49CE-4445-BFBA-32393AD5DE71,https://api.robinhood.com/orders/16ad7bc8-664f-41fa-9281-286836099577/,https://api.robinhood.com/accounts/5SE25445/,fa785cc9-e75d-40e1-ad49-9dad4a009457,https://api.robinhood.com/positions/5SE25445/45ccb9d7-b9f0-40aa-833f-8381a4e5c3e5/,,https://api.robinhood.com/instruments/45ccb9d7-b9f0-40aa-833f-8381a4e5c3e5/,45ccb9d7-b9f0-40aa-833f-8381a4e5c3e5,29.10393100,17.17980000,0.00,filled,filled,,market,buy,gfd,immediate,18.03000000,,29.10393100,,2021-02-05T20:36:29.788028Z,2021-02-05T20:36:32.019129Z,2021-02-05T20:36:30.871456Z,"[{'price': '17.17500000', 'quantity': '0.11208100', 'rounded_notional': None, 'settlement_date': '2021-02-09', 'timestamp': '2021-02-05T20:36:30.036190Z', 'id': '888fefc9-47ef-4ffa-af27-954bf80ac544', 'ipo_access_execution_rank': None, 'trade_execution_date': None}, {'price': '17.18000000', 'quantity': '28.99185000', 'rounded_notional': None, 'settlement_date': '2021-02-09', 'timestamp': '2021-02-05T20:36:30.107000Z', 'id': '60a58821-2afc-416f-b033-79851ccda67b', 'ipo_access_execution_rank': None, 'trade_execution_date': None}]",False,regular_hours,False,False,,,,,,"{'amount': '500.00000000', 'currency_code': 'USD', 'currency_id': '1072fc76-1862-41ab-82c2-485837590762'}",,"{'amount': '500.00', 'currency_code': 'USD', 'currency_id': '1072fc76-1862-41ab-82c2-485837590762'}","{'amount': '500.00', 'currency_code': 'USD', 'currency_id': '1072fc76-1862-41ab-82c2-485837590762'}",,False,,,,,,False,True,False,True,0,,,2.0,user,False,,order_finalized,,
7ba6875e-a86d-49fe-af95-c3d298096cf6,A7DEDD9A-62A8-4899-85C1-B50AE146B86B,https://api.robinhood.com/orders/7ba6875e-a86d-49fe-af95-c3d298096cf6/,https://api.robinhood.com/accounts/5SE25445/,fa785cc9-e75d-40e1-ad49-9dad4a009457,https://api.robinhood.com/positions/5SE25445/f3acdd2f-6580-4c75-a69c-81481cc4c235/,,https://api.robinhood.com/instruments/f3acdd2f-6580-4c75-a69c-81481cc4c235/,f3acdd2f-6580-4c75-a69c-81481cc4c235,12.54977500,238.80190000,0.07,filled,filled,,market,sell,gfd,immediate,,,12.54977500,,2021-02-05T20:09:45.980761Z,2021-02-05T20:09:47.927104Z,2021-02-05T20:09:46.787798Z,"[{'price': '238.85000000', 'quantity': '0.54977500', 'rounded_notional': None, 'settlement_date': '2021-02-09', 'timestamp': '2021-02-05T20:09:46.169162Z', 'id': 'ad6c22fb-d313-4e5c-9147-560f08c274da', 'ipo_access_execution_rank': None, 'trade_execution_date': None}, {'price': '238.80000000', 'quantity': '12.00000000', 'rounded_notional': None, 'settlement_date': '2021-02-09', 'timestamp': '2021-02-05T20:09:46.261000Z', 'id': '497545d2-4129-41b1-8874-e82a02b28850', 'ipo_access_execution_rank': None, 'trade_execution_date': None}]",False,regular_hours,False,False,,,,,,,,,"{'amount': '2996.91', 'currency_code': 'USD', 'currency_id': '1072fc76-1862-41ab-82c2-485837590762'}",,False,,,,,,False,True,False,True,0,,,2.0,user,False,,order_finalized,,
a3e6a795-62a9-4c79-a873-370ed43057cf,58000E5C-D7EB-44F2-AF60-AAE301FA10F3,https://api.robinhood.com/orders/a3e6a795-62a9-4c79-a873-370ed43057cf/,https://api.robinhood.com/accounts/5SE25445/,fa785cc9-e75d-40e1-ad49-9dad4a009457,https://api.robinhood.com/positions/5SE25445/f3acdd2f-6580-4c75-a69c-81481cc4c235/,,https://api.robinhood.com/instruments/f3acdd2f-6580-4c75-a69c-81481cc4c235/,f3acdd2f-6580-4c75-a69c-81481cc4c235,4.65425500,239.84500000,0.00,filled,filled,,market,buy,gfd,immediate,251.89000000,,4.65425500,,2021-02-05T19:45:36.945995Z,2021-02-05T19:45:39.156056Z,2021-02-05T19:45:38.003918Z,"[{'price': '239.84500000', 'quantity': '4.65425500', 'rounded_notional': None, 'settlement_date': '2021-02-09', 'timestamp': '2021-02-05T19:45:37.312000Z', 'id': 'ecefa85f-0700-49fe-8adb-27d2ec4364fe', 'ipo_access_execution_rank': None, 'trade_execution_date': None}]",False,regular_hours,False,False,,,,,,"{'amount': '1116.30000000', 'currency_code': 'USD', 'currency_id': '1072fc76-1862-41ab-82c2-485837590762'}",,"{'amount': '1116.30', 'currency_code': 'USD', 'currency_id': '1072fc76-1862-41ab-82c2-485837590762'}","{'amount': '1116.30', 'currency_code': 'USD', 'currency_id': '1072fc76-1862-41ab-82c2-485837590762'}",,False,,,,,,False,True,False,True,0,,,2.0,user,False,,order_finalized,,
fcb43b8d-b9e8-456b-adf2-869a8c1f7c2a,6DF576ED-B8B4-4BE6-8AB6-5C0F902912E2,https://api.robinhood.com/orders/fcb43b8d-b9e8-456b-adf2-869a8c1f7c2a/,https://api.robinhood.com/accounts/5SE25445/,fa785cc9-e75d-40e1-ad49-9dad4a009457,https://api.robinhood.com/positions/5SE25445/6df56bd0-0bf2-44ab-8875-f94fd8526942/,,https://api.robinhood.com/instruments/6df56bd0-0bf2-44ab-8875-f94fd8526942/,6df56bd0-0bf2-44ab-8875-f94fd8526942,1.00000000,11.44000000,0.00,filled,filled,,market,buy,gfd,immediate,12.00000000,,1.00000000,,2021-02-04T19:39:22.393903Z,2021-02-04T19:39:23.101074Z,2021-02-04T19:39:22.651000Z,"[{'price': '11.43720000', 'quantity': '1.00000000', 'rounded_notional': None, 'settlement_date': '2021-02-08', 'timestamp': '2021-02-04T19:39:22.651000Z', 'id': '82886a78-da57-477f-9529-ac6d78d2a7cb', 'ipo_access_execution_rank': None, 'trade_execution_date': None}]",False,regular_hours,False,False,,,,,,,,"{'amount': '12.00', 'currency_code': 'USD', 'currency_id': '1072fc76-1862-41ab-82c2-485837590762'}","{'amount': '11.44', 'currency_code': 'USD', 'currency_id': '1072fc76-1862-41ab-82c2-485837590762'}",,False,,,,,,False,True,False,True,0,,,2.0,user,False,,order_finalized,,
1ac907a2-c7c7-4808-946d-2e19c92b499f,23647402-77CE-460C-A9E7-C5EFA5E9C1C8,https://api.robinhood.com/orders/1ac907a2-c7c7-4808-946d-2e19c92b499f/,https://api.robinhood.com/accounts/5SE25445/,fa785cc9-e75d-40e1-ad49-9dad4a009457,https://api.robinhood.com/positions/5SE25445/ad059c69-0c1c-4c6b-8322-f53f1bbd69d4/,,https://api.robinhood.com/instruments/ad059c69-0c1c-4c6b-8322-f53f1bbd69d4/,ad059c69-0c1c-4c6b-8322-f53f1bbd69d4,19.00000000,58.34210000,0.03,filled,filled,,market,sell,gfd,immediate,,,19.00000000,,2021-02-04T19:37:59.987188Z,2021-02-04T19:38:00.795682Z,2021-02-04T19:38:00.367000Z,"[{'price': '58.34230000', 'quantity': '19.00000000', 'rounded_notional': None, 'settlement_date': '2021-02-08', 'timestamp': '2021-02-04T19:38:00.367000Z', 'id': 'd4b3579a-3d44-49f5-857a-e4a6f493c642', 'ipo_access_execution_rank': None, 'trade_execution_date': None}]",False,regular_hours,False,False,,,,,,,,,"{'amount': '1108.50', 'currency_code': 'USD', 'currency_id': '1072fc76-1862-41ab-82c2-485837590762'}",,False,,,,,,False,True,False,True,0,,,2.0,user,False,,order_finalized,,
372f1ade-7411-40c8-9c3d-0beddb7ac571,DFD86903-C46D-4FAB-BD94-280EDCEAFF22,https://api.robinhood.com/orders/372f1ade-7411-40c8-9c3d-0beddb7ac571/,https://api.robinhood.com/accounts/5SE25445/,fa785cc9-e75d-40e1-ad49-9dad4a009457,https://api.robinhood.com/positions/5SE25445/6ec6c70e-d686-4d73-b5a8-74fec96aca0e/,,https://api.robinhood.com/instruments/6ec6c70e-d686-4d73-b5a8-74fec96aca0e/,6ec6c70e-d686-4d73-b5a8-74fec96aca0e,3.00000000,34.52670000,0.00,filled,filled,,market,buy,gfd,immediate,36.27000000,,3.00000000,,2021-02-02T15:25:21.737610Z,2021-02-02T15:25:22.428881Z,2021-02-02T15:25:21.965000Z,"[{'price': '34.52790000', 'quantity': '3.00000000', 'rounded_notional': None, 'settlement_date': '2021-02-04', 'timestamp': '2021-02-02T15:25:21.965000Z', 'id': '8e8fc0a1-ee74-4415-b7f0-b29dcb642723', 'ipo_access_execution_rank': None, 'trade_execution_date': None}]",False,regular_hours,False,False,,,,,,,,"{'amount': '108.81', 'currency_code': 'USD', 'currency_id': '1072fc76-1862-41ab-82c2-485837590762'}","{'amount': '103.58', 'currency_code': 'USD', 'currency_id': '1072fc76-1862-41ab-82c2-485837590762'}",,False,,,,,,False,True,False,True,0,,,2.0,user,False,,order_finalized,,
c6e8882d-9512-4616-b153-e6f28e04f5f6,,https://api.robinhood.com/orders/c6e8882d-9512-4616-b153-e6f28e04f5f6/,https://api.robinhood.com/accounts/5SE25445/,fa785cc9-e75d-40e1-ad49-9dad4a009457,https://api.robinhood.com/positions/5SE25445/92e85187-3829-472a-a60b-d81d8cd5b8b3/,,https://api.robinhood.com/instruments/92e85187-3829-472a-a60b-d81d8cd5b8b3/,92e85187-3829-472a-a60b-d81d8cd5b8b3,0.00970900,10.29970000,0.00,filled,filled,,market,buy,gtc,immediate,10.42000000,,0.00970900,,2021-01-30T10:13:31.273692Z,2021-02-01T16:32:58.789570Z,2021-02-01T14:30:02.369000Z,"[{'price': '10.30000000', 'quantity': '0.00970900', 'rounded_notional': None, 'settlement_date': '2021-02-03', 'timestamp': '2021-02-01T16:32:58.764375Z', 'id': 'f0e8bb88-7c46-4b71-9000-ea4ec77b011b', 'ipo_access_execution_rank': None, 'trade_execution_date': None}]",False,regular_hours,False,True,,,,,,"{'amount': '0.10000000', 'currency_code': 'USD', 'currency_id': '1072fc76-1862-41ab-82c2-485837590762'}",b8efceb5-c645-4a78-87a5-101538c1fdf1,"{'amount': '0.10', 'currency_code': 'USD', 'currency_id': '1072fc76-1862-41ab-82c2-485837590762'}","{'amount': '0.10', 'currency_code': 'USD', 'currency_id': '1072fc76-1862-41ab-82c2-485837590762'}",,False,,,,,,False,True,False,True,0,,,1.0,drip,False,,order_finalized,,
93ae680d-a9b4-488e-825f-b06dadf0b61b,,https://api.robinhood.com/orders/93ae680d-a9b4-488e-825f-b06dadf0b61b/,https://api.robinhood.com/accounts/5SE25445/,fa785cc9-e75d-40e1-ad49-9dad4a009457,https://api.robinhood.com/positions/5SE25445/b003dff4-7071-46ae-9a8d-6e4b4222edf0/,,https://api.robinhood.com/instruments/b003dff4-7071-46ae-9a8d-6e4b4222edf0/,b003dff4-7071-46ae-9a8d-6e4b4222edf0,0.34508300,5.39000000,0.00,filled,filled,,market,buy,gtc,immediate,5.44000000,,0.34508300,,2021-01-28T10:10:10.924056Z,2021-01-28T23:54:02.441437Z,2021-01-28T14:30:00.728000Z,"[{'price': '5.39000000', 'quantity': '0.34508300', 'rounded_notional': None, 'settlement_date': '2021-02-01', 'timestamp': '2021-01-28T23:54:02.411379Z', 'id': 'e3c099ec-ee4e-4c02-92ca-b12bf2315fc4', 'ipo_access_execution_rank': None, 'trade_execution_date': None}]",False,regular_hours,False,True,,,,,,"{'amount': '1.86000000', 'currency_code': 'USD', 'currency_id': '1072fc76-1862-41ab-82c2-485837590762'}",917bf147-d91f-4e3c-9dcd-d1e267c2ce98,"{'amount': '1.86', 'currency_code': 'USD', 'currency_id': '1072fc76-1862-41ab-82c2-485837590762'}","{'amount': '1.86', 'currency_code': 'USD', 'currency_id': '1072fc76-1862-41ab-82c2-485837590762'}",,False,,,,,,False,True,False,True,0,,,1.0,drip,False,,order_finalized,,
3260f063-e8a5-4b33-9926-f1160d85092a,A6CB0042-FF7D-4CB4-9BBA-439F251685FB,https://api.robinhood.com/orders/3260f063-e8a5-4b33-9926-f1160d85092a/,https://api.robinhood.com/accounts/5SE25445/,fa785cc9-e75d-40e1-ad49-9dad4a009457,https://api.robinhood.com/positions/5SE25445/450dfc6d-5510-4d40-abfb-f633b7d9be3e/,,https://api.robinhood.com/instruments/450dfc6d-5510-4d40-abfb-f633b7d9be3e/,450dfc6d-5510-4d40-abfb-f633b7d9be3e,1.00000000,142.45000000,0.00,filled,filled,,market,buy,gfd,immediate,149.53000000,,1.00000000,,2021-01-26T14:47:15.386262Z,2021-01-26T14:47:16.204758Z,2021-01-26T14:47:15.736000Z,"[{'price': '142.45000000', 'quantity': '1.00000000', 'rounded_notional': None, 'settlement_date': '2021-01-28', 'timestamp': '2021-01-26T14:47:15.736000Z', 'id': '549b2d63-e2be-4653-870f-9959ef252220', 'ipo_access_execution_rank': None, 'trade_execution_date': None}]",False,regular_hours,False,False,,,,,,,,"{'amount': '149.53', 'currency_code': 'USD', 'currency_id': '1072fc76-1862-41ab-82c2-485837590762'}","{'amount': '142.45', 'currency_code': 'USD', 'currency_id': '1072fc76-1862-41ab-82c2-485837590762'}",,False,,,,,,False,True,False,True,0,,,2.0,user,False,,order_finalized,,
d4502ba2-77ab-4bec-b3e0-a8b7cae35231,AC5FAA8A-2A29-48AD-AADB-4B352367B4F7,https://api.robinhood.com/orders/d4502ba2-77ab-4bec-b3e0-a8b7cae35231/,https://api.robinhood.com/accounts/5SE25445/,fa785cc9-e75d-40e1-ad49-9dad4a009457,https://api.robinhood.com/positions/5SE25445/f3acdd2f-6580-4c75-a69c-81481cc4c235/,,https://api.robinhood.com/instruments/f3acdd2f-6580-4c75-a69c-81481cc4c235/,f3acdd2f-6580-4c75-a69c-81481cc4c235,4.00000000,216.22000000,0.00,filled,filled,,market,buy,gfd,immediate,227.47000000,,4.00000000,,2021-01-25T21:14:20.518986Z,2021-01-25T21:14:21.297807Z,2021-01-25T21:14:20.836000Z,"[{'price': '216.22000000', 'quantity': '4.00000000', 'rounded_notional': None, 'settlement_date': '2021-01-27', 'timestamp': '2021-01-25T21:14:20.836000Z', 'id': '0f48e063-74cb-417c-a7c8-045ea35cd420', 'ipo_access_execution_rank': None, 'trade_execution_date': None}]",True,extended_hours,False,False,,,,,,,,"{'amount': '909.88', 'currency_code': 'USD', 'currency_id': '1072fc76-1862-41ab-82c2-485837590762'}","{'amount': '864.88', 'currency_code': 'USD', 'currency_id': '1072fc76-1862-41ab-82c2-485837590762'}",,False,,,,,,False,True,False,True,0,,,2.0,user,False,,order_finalized,,
44f76689-344a-44d5-8252-65c81e3d3aad,4811A31E-BE78-4B76-9854-91AC68905B6B,https://api.robinhood.com/orders/44f76689-344a-44d5-8252-65c81e3d3aad/,https://api.robinhood.com/accounts/5SE25445/,fa785cc9-e75d-40e1-ad49-9dad4a009457,https://api.robinhood.com/positions/5SE25445/ae2e4ada-197d-42a4-825c-aff01cc3a8dd/,,https://api.robinhood.com/instruments/ae2e4ada-197d-42a4-825c-aff01cc3a8dd/,ae2e4ada-197d-42a4-825c-aff01cc3a8dd,1.25946400,118.70130000,0.00,filled,filled,,market,buy,gfd,immediate,124.63000000,,1.25946400,,2021-01-22T20:27:14.767948Z,2021-01-22T20:27:17.009045Z,2021-01-22T20:27:15.862920Z,"[{'price': '118.72500000', 'quantity': '0.25921200', 'rounded_notional': None, 'settlement_date': '2021-01-26', 'timestamp': '2021-01-22T20:27:15.102525Z', 'id': '78243000-c29e-4df6-87da-8ffad778286b', 'ipo_access_execution_rank': None, 'trade_execution_date': None}, {'price': '118.69890000', 'quantity': '1.00000000', 'rounded_notional': None, 'settlement_date': '2021-01-26', 'timestamp': '2021-01-22T20:27:15.221000Z', 'id': '6136fd0f-699e-4287-975c-7b3d426100a5', 'ipo_access_execution_rank': None, 'trade_execution_date': None}, {'price': '118.69890000', 'quantity': '0.00025200', 'rounded_notional': None, 'settlement_date': '2021-01-26', 'timestamp': '2021-01-22T20:27:15.221000Z', 'id': '90578ad6-b5d6-454b-87f5-ef42c389aac8', 'ipo_access_execution_rank': None, 'trade_execution_date': None}]",False,regular_hours,False,False,,,,,,"{'amount': '149.50000000', 'currency_code': 'USD', 'currency_id': '1072fc76-1862-41ab-82c2-485837590762'}",,"{'amount': '149.50', 'currency_code': 'USD', 'currency_id': '1072fc76-1862-41ab-82c2-485837590762'}","{'amount': '149.50', 'currency_code': 'USD', 'currency_id': '1072fc76-1862-41ab-82c2-485837590762'}",,False,,,,,,False,True,False,True,0,,,2.0,user,False,,order_finalized,,
09687c22-4e80-425f-bf67-c60430b6919d,268686C9-291A-498B-8C7E-A89A87BD1293,https://api.robinhood.com/orders/09687c22-4e80-425f-bf67-c60430b6919d/,https://api.robinhood.com/accounts/5SE25445/,fa785cc9-e75d-40e1-ad49-9dad4a009457,https://api.robinhood.com/positions/5SE25445/ad059c69-0c1c-4c6b-8322-f53f1bbd69d4/,,https://api.robinhood.com/instruments/ad059c69-0c1c-4c6b-8322-f53f1bbd69d4/,ad059c69-0c1c-4c6b-8322-f53f1bbd69d4,20.00000000,56.94500000,0.00,filled,filled,,market,buy,gfd,immediate,59.79000000,,20.00000000,,2021-01-22T20:24:21.015237Z,2021-01-22T20:24:21.703543Z,2021-01-22T20:24:21.258000Z,"[{'price': '56.94500000', 'quantity': '20.00000000', 'rounded_notional': None, 'settlement_date': '2021-01-26', 'timestamp': '2021-01-22T20:24:21.258000Z', 'id': '7d8fade6-2f48-42c7-ac09-50b6773f28e2', 'ipo_access_execution_rank': None, 'trade_execution_date': None}]",False,regular_hours,False,False,,,,,,,,"{'amount': '1195.80', 'currency_code': 'USD', 'currency_id': '1072fc76-1862-41ab-82c2-485837590762'}","{'amount': '1138.90', 'currency_code': 'USD', 'currency_id': '1072fc76-1862-41ab-82c2-485837590762'}",,False,,,,,,False,True,False,True,0,,,2.0,user,False,,order_finalized,,
5ca1edd1-9b6d-4e48-a4af-e957f2ef8960,9744F6C1-BB1A-457E-BE48-DC017E8076E5,https://api.robinhood.com/orders/5ca1edd1-9b6d-4e48-a4af-e957f2ef8960/,https://api.robinhood.com/accounts/5SE25445/,fa785cc9-e75d-40e1-ad49-9dad4a009457,https://api.robinhood.com/positions/5SE25445/0dd811b3-7047-448d-96e0-7bf6ee4cfe45/,,https://api.robinhood.com/instruments/0dd811b3-7047-448d-96e0-7bf6ee4cfe45/,0dd811b3-7047-448d-96e0-7bf6ee4cfe45,35.00000000,31.00510000,0.03,filled,filled,,limit,sell,gtc,stop,31.00000000,31.00000000,35.00000000,,2021-01-22T15:22:57.795296Z,2021-01-25T14:49:42.688600Z,2021-01-25T14:39:34.438000Z,"[{'price': '31.00500000', 'quantity': '35.00000000', 'rounded_notional': None, 'settlement_date': '2021-01-27', 'timestamp': '2021-01-25T14:39:34.438000Z', 'id': 'c841c612-ba68-4958-bdeb-c5eb97e81e26', 'ipo_access_execution_rank': None, 'trade_execution_date': None}]",False,regular_hours,False,False,,2021-01-25T14:39:34.436000Z,,,,,,"{'amount': '1085.00', 'currency_code': 'USD', 'currency_id': '1072fc76-1862-41ab-82c2-485837590762'}","{'amount': '1085.18', 'currency_code': 'USD', 'currency_id': '1072fc76-1862-41ab-82c2-485837590762'}",,False,,,,,,False,True,False,True,0,,,5.0,user,False,,order_finalized,,
42cd3066-cd4e-4a66-8508-c19cb498b622,1C37D682-875C-42DB-A711-23BE0F921DC0,https://api.robinhood.com/orders/42cd3066-cd4e-4a66-8508-c19cb498b622/,https://api.robinhood.com/accounts/5SE25445/,fa785cc9-e75d-40e1-ad49-9dad4a009457,https://api.robinhood.com/positions/5SE25445/6df56bd0-0bf2-44ab-8875-f94fd8526942/,,https://api.robinhood.com/instruments/6df56bd0-0bf2-44ab-8875-f94fd8526942/,6df56bd0-0bf2-44ab-8875-f94fd8526942,8.00000000,11.52250000,0.00,filled,filled,,market,sell,gfd,immediate,,,8.00000000,,2021-01-21T19:42:20.757882Z,2021-01-21T19:42:21.584989Z,2021-01-21T19:42:21.126000Z,"[{'price': '11.52280000', 'quantity': '8.00000000', 'rounded_notional': None, 'settlement_date': '2021-01-25', 'timestamp': '2021-01-21T19:42:21.126000Z', 'id': 'af097f8a-10f2-4e42-9943-ca443d0e56b5', 'ipo_access_execution_rank': None, 'trade_execution_date': None}]",False,regular_hours,False,False,,,,,,,,,"{'amount': '92.18', 'currency_code': 'USD', 'currency_id': '1072fc76-1862-41ab-82c2-485837590762'}",,False,,,,,,False,True,False,True,0,,,2.0,user,False,,order_finalized,,
6ea3946b-9ab2-4774-a0b8-b7c41336bf9c,2B0FA1E9-7E4B-410C-82D0-5FDBB4AFA624,https://api.robinhood.com/orders/6ea3946b-9ab2-4774-a0b8-b7c41336bf9c/,https://api.robinhood.com/accounts/5SE25445/,fa785cc9-e75d-40e1-ad49-9dad4a009457,https://api.robinhood.com/positions/5SE25445/940fc3f5-1db5-4fed-b452-f3a2e4562b5f/,,https://api.robinhood.com/instruments/940fc3f5-1db5-4fed-b452-f3a2e4562b5f/,940fc3f5-1db5-4fed-b452-f3a2e4562b5f,11.00000000,91.78000000,0.03,filled,filled,,market,sell,gtc,stop,,91.48000000,11.00000000,,2021-01-21T19:40:43.919888Z,2021-01-21T20:01:25.328594Z,2021-01-21T20:01:24.900000Z,"[{'price': '91.78000000', 'quantity': '11.00000000', 'rounded_notional': None, 'settlement_date': '2021-01-25', 'timestamp': '2021-01-21T20:01:24.900000Z', 'id': '49869776-0fda-44d6-8b13-96d34d7f979d', 'ipo_access_execution_rank': None, 'trade_execution_date': None}]",False,regular_hours,False,False,,2021-01-21T20:01:24.842000Z,"{'amount': '91.78000000', 'currency_code': 'USD', 'currency_id': '1072fc76-1862-41ab-82c2-485837590762'}",2021-01-21T20:01:24.900000Z,,,,,"{'amount': '1009.58', 'currency_code': 'USD', 'currency_id': '1072fc76-1862-41ab-82c2-485837590762'}",,False,,,,,,False,True,False,True,0,,,3.0,user,False,,order_finalized,,"{'type': 'price', 'price': {'currency_id': '1072fc76-1862-41ab-82c2-485837590762', 'currency_code': 'USD', 'amount': '0.20000000'}}"
0b304dc1-dcd8-4936-92be-24a9b22e7ece,73DA2113-E8CF-4832-BFE3-21E8F807F5B7,https://api.robinhood.com/orders/0b304dc1-dcd8-4936-92be-24a9b22e7ece/,https://api.robinhood.com/accounts/5SE25445/,fa785cc9-e75d-40e1-ad49-9dad4a009457,https://api.robinhood.com/positions/5SE25445/f3acdd2f-6580-4c75-a69c-81481cc4c235/,,https://api.robinhood.com/instruments/f3acdd2f-6580-4c75-a69c-81481cc4c235/,f3acdd2f-6580-4c75-a69c-81481cc4c235,3.00000000,220.39000000,0.00,filled,filled,,limit,buy,gfd,immediate,227.44000000,,3.00000000,,2021-01-21T19:37:34.856428Z,2021-01-21T19:37:35.604598Z,2021-01-21T19:37:35.116000Z,"[{'price': '220.39000000', 'quantity': '3.00000000', 'rounded_notional': None, 'settlement_date': '2021-01-25', 'timestamp': '2021-01-21T19:37:35.116000Z', 'id': 'abf0f893-f45a-462e-b2b0-1870eb282416', 'ipo_access_execution_rank': None, 'trade_execution_date': None}]",False,regular_hours,False,False,,,,,,,,"{'amount': '682.32', 'currency_code': 'USD', 'currency_id': '1072fc76-1862-41ab-82c2-485837590762'}","{'amount': '661.17', 'currency_code': 'USD', 'currency_id': '1072fc76-1862-41ab-82c2-485837590762'}",,False,,,,,,False,True,False,True,0,,,2.0,user,False,,order_finalized,,
2b9b4213-3f49-4e2c-8870-578e43dd8406,5139F970-CC47-480B-8AB8-4BEA27661101,https://api.robinhood.com/orders/2b9b4213-3f49-4e2c-8870-578e43dd8406/,https://api.robinhood.com/accounts/5SE25445/,fa785cc9-e75d-40e1-ad49-9dad4a009457,https://api.robinhood.com/positions/5SE25445/940fc3f5-1db5-4fed-b452-f3a2e4562b5f/,,https://api.robinhood.com/instruments/940fc3f5-1db5-4fed-b452-f3a2e4562b5f/,940fc3f5-1db5-4fed-b452-f3a2e4562b5f,0.00000000,,0.00,cancelled,cancelled,,market,sell,gtc,stop,,91.33000000,12.00000000,,2021-01-21T19:36:14.048673Z,2021-01-21T19:39:55.973756Z,2021-01-21T19:39:55.564000Z,[],False,regular_hours,False,False,,,"{'amount': '91.33000000', 'currency_code': 'USD', 'currency_id': '1072fc76-1862-41ab-82c2-485837590762'}",2021-01-21T19:39:55.564000Z,,,,,,,False,user,,,,,False,True,False,True,0,,,3.0,user,False,,order_finalized,,"{'type': 'price', 'price': {'currency_id': '1072fc76-1862-41ab-82c2-485837590762', 'currency_code': 'USD', 'amount': '0.50000000'}}"
e1c39a6b-86ef-43bb-8a77-ecce195e020a,12806BD2-508D-415C-ACED-8E07044F724A,https://api.robinhood.com/orders/e1c39a6b-86ef-43bb-8a77-ecce195e020a/,https://api.robinhood.com/accounts/5SE25445/,fa785cc9-e75d-40e1-ad49-9dad4a009457,https://api.robinhood.com/positions/5SE25445/24d7c10d-ae7d-4f7c-b031-12b2cfb53424/,,https://api.robinhood.com/instruments/24d7c10d-ae7d-4f7c-b031-12b2cfb53424/,24d7c10d-ae7d-4f7c-b031-12b2cfb53424,7.00000000,97.48000000,0.02,filled,filled,,market,sell,gfd,immediate,,,7.00000000,,2021-01-21T19:24:55.041833Z,2021-01-21T19:24:55.747674Z,2021-01-21T19:24:55.307000Z,"[{'price': '97.48000000', 'quantity': '7.00000000', 'rounded_notional': None, 'settlement_date': '2021-01-25', 'timestamp': '2021-01-21T19:24:55.307000Z', 'id': 'b4777e55-0d4f-4e02-8e23-9768be73d2f0', 'ipo_access_execution_rank': None, 'trade_execution_date': None}]",False,regular_hours,False,False,,,,,,,,,"{'amount': '682.36', 'currency_code': 'USD', 'currency_id': '1072fc76-1862-41ab-82c2-485837590762'}",,False,,,,,,False,True,False,True,0,,,2.0,user,False,,order_finalized,,
622f563a-9929-4e3a-9232-9f1d67cbbd96,A4F61616-6D6A-4462-84DD-B1DB8E73E4FA,https://api.robinhood.com/orders/622f563a-9929-4e3a-9232-9f1d67cbbd96/,https://api.robinhood.com/accounts/5SE25445/,fa785cc9-e75d-40e1-ad49-9dad4a009457,https://api.robinhood.com/positions/5SE25445/c72ebbdf-47f8-4088-92a2-e1d1f6092966/,,https://api.robinhood.com/instruments/c72ebbdf-47f8-4088-92a2-e1d1f6092966/,c72ebbdf-47f8-4088-92a2-e1d1f6092966,0.41254400,191.95530000,0.00,filled,filled,,market,buy,gfd,immediate,201.98000000,,0.41254400,,2021-01-20T19:56:14.631350Z,2021-01-20T19:56:15.982126Z,2021-01-20T19:56:14.857008Z,"[{'price': '191.95500000', 'quantity': '0.41254400', 'rounded_notional': None, 'settlement_date': '2021-01-22', 'timestamp': '2021-01-20T19:56:14.857006Z', 'id': 'acdf9914-e48d-4d58-b364-4790428675c7', 'ipo_access_execution_rank': None, 'trade_execution_date': None}]",False,regular_hours,False,False,,,,,,"{'amount': '79.19000000', 'currency_code': 'USD', 'currency_id': '1072fc76-1862-41ab-82c2-485837590762'}",,"{'amount': '79.19', 'currency_code': 'USD', 'currency_id': '1072fc76-1862-41ab-82c2-485837590762'}","{'amount': '79.19', 'currency_code': 'USD', 'currency_id': '1072fc76-1862-41ab-82c2-485837590762'}",,False,,,,,,False,True,False,True,0,,,0.0,user,False,,order_finalized,,
dccb4f56-47bf-4bf9-91d4-62b9d6c96ceb,CFB7F0C2-4048-4601-A91E-2D75D79E7EC9,https://api.robinhood.com/orders/dccb4f56-47bf-4bf9-91d4-62b9d6c96ceb/,https://api.robinhood.com/accounts/5SE25445/,fa785cc9-e75d-40e1-ad49-9dad4a009457,https://api.robinhood.com/positions/5SE25445/9a5095d4-628d-4edf-a803-389731e35fb8/,,https://api.robinhood.com/instruments/9a5095d4-628d-4edf-a803-389731e35fb8/,9a5095d4-628d-4edf-a803-389731e35fb8,5.00000000,14.56600000,0.00,filled,filled,,market,buy,gfd,immediate,15.31000000,,5.00000000,,2021-01-20T19:55:03.848190Z,2021-01-20T19:55:04.604076Z,2021-01-20T19:55:04.141000Z,"[{'price': '14.56500000', 'quantity': '5.00000000', 'rounded_notional': None, 'settlement_date': '2021-01-22', 'timestamp': '2021-01-20T19:55:04.141000Z', 'id': 'acf4deb4-e464-46b7-bd38-d762f5c19b4c', 'ipo_access_execution_rank': None, 'trade_execution_date': None}]",False,regular_hours,False,False,,,,,,,,"{'amount': '76.55', 'currency_code': 'USD', 'currency_id': '1072fc76-1862-41ab-82c2-485837590762'}","{'amount': '72.83', 'currency_code': 'USD', 'currency_id': '1072fc76-1862-41ab-82c2-485837590762'}",,False,,,,,,False,True,False,True,0,,,2.0,user,False,,order_finalized,,
7f712fd4-9daa-4c97-a1b8-ebce0bd52a7c,85A7178F-52D1-40C0-B79D-50ABCF55DC1C,https://api.robinhood.com/orders/7f712fd4-9daa-4c97-a1b8-ebce0bd52a7c/,https://api.robinhood.com/accounts/5SE25445/,fa785cc9-e75d-40e1-ad49-9dad4a009457,https://api.robinhood.com/positions/5SE25445/6df56bd0-0bf2-44ab-8875-f94fd8526942/,,https://api.robinhood.com/instruments/6df56bd0-0bf2-44ab-8875-f94fd8526942/,6df56bd0-0bf2-44ab-8875-f94fd8526942,15.00000000,10.75200000,0.00,filled,filled,,market,sell,gfd,immediate,,,15.00000000,,2021-01-20T19:51:36.630916Z,2021-01-20T19:51:37.473912Z,2021-01-20T19:51:37.011000Z,"[{'price': '10.75220000', 'quantity': '15.00000000', 'rounded_notional': None, 'settlement_date': '2021-01-22', 'timestamp': '2021-01-20T19:51:37.011000Z', 'id': '2f83dcee-d6cc-4930-95e5-cc658316f92f', 'ipo_access_execution_rank': None, 'trade_execution_date': None}]",False,regular_hours,False,False,,,,,,,,,"{'amount': '161.28', 'currency_code': 'USD', 'currency_id': '1072fc76-1862-41ab-82c2-485837590762'}",,False,,,,,,False,True,False,True,0,,,2.0,user,False,,order_finalized,,
bf39cf1a-beb5-421e-ba67-00df0126a053,AE76FAE4-28E6-4F83-A964-0F32DF04F2DF,https://api.robinhood.com/orders/bf39cf1a-beb5-421e-ba67-00df0126a053/,https://api.robinhood.com/accounts/5SE25445/,fa785cc9-e75d-40e1-ad49-9dad4a009457,https://api.robinhood.com/positions/5SE25445/940fc3f5-1db5-4fed-b452-f3a2e4562b5f/,,https://api.robinhood.com/instruments/940fc3f5-1db5-4fed-b452-f3a2e4562b5f/,940fc3f5-1db5-4fed-b452-f3a2e4562b5f,10.10838400,89.03500000,0.00,filled,filled,,market,buy,gfd,immediate,93.49000000,,10.10838400,,2021-01-20T19:49:46.073816Z,2021-01-20T19:49:48.205824Z,2021-01-20T19:49:47.064433Z,"[{'price': '89.03500000', 'quantity': '0.10838400', 'rounded_notional': None, 'settlement_date': '2021-01-22', 'timestamp': '2021-01-20T19:49:46.356683Z', 'id': 'c58c074c-13ec-4cde-b3f4-a2d51494bfa9', 'ipo_access_execution_rank': None, 'trade_execution_date': None}, {'price': '89.03500000', 'quantity': '10.00000000', 'rounded_notional': None, 'settlement_date': '2021-01-22', 'timestamp': '2021-01-20T19:49:46.425000Z', 'id': '31d03596-42dd-4f26-a87f-570cfc924afa', 'ipo_access_execution_rank': None, 'trade_execution_date': None}]",False,regular_hours,False,False,,,,,,"{'amount': '900.00000000', 'currency_code': 'USD', 'currency_id': '1072fc76-1862-41ab-82c2-485837590762'}",,"{'amount': '900.00', 'currency_code': 'USD', 'currency_id': '1072fc76-1862-41ab-82c2-485837590762'}","{'amount': '900.00', 'currency_code': 'USD', 'currency_id': '1072fc76-1862-41ab-82c2-485837590762'}",,False,,,,,,False,True,False,True,0,,,2.0,user,False,,order_finalized,,
6bb33724-9526-445f-ab68-fa98bc323034,5FB354AE-056B-49E3-82A3-370D3F58FE12,https://api.robinhood.com/orders/6bb33724-9526-445f-ab68-fa98bc323034/,https://api.robinhood.com/accounts/5SE25445/,fa785cc9-e75d-40e1-ad49-9dad4a009457,https://api.robinhood.com/positions/5SE25445/0dd811b3-7047-448d-96e0-7bf6ee4cfe45/,,https://api.robinhood.com/instruments/0dd811b3-7047-448d-96e0-7bf6ee4cfe45/,0dd811b3-7047-448d-96e0-7bf6ee4cfe45,27.88328600,32.27740000,0.00,filled,filled,,market,buy,gfd,immediate,33.89000000,,27.88328600,,2021-01-20T19:48:27.554926Z,2021-01-20T19:48:29.651100Z,2021-01-20T19:48:28.486856Z,"[{'price': '32.27740000', 'quantity': '27.88328600', 'rounded_notional': None, 'settlement_date': '2021-01-22', 'timestamp': '2021-01-20T19:48:27.862000Z', 'id': 'ca53e0c7-cade-4d15-9042-70b5787e177c', 'ipo_access_execution_rank': None, 'trade_execution_date': None}]",False,regular_hours,False,False,,,,,,"{'amount': '900.00000000', 'currency_code': 'USD', 'currency_id': '1072fc76-1862-41ab-82c2-485837590762'}",,"{'amount': '900.00', 'currency_code': 'USD', 'currency_id': '1072fc76-1862-41ab-82c2-485837590762'}","{'amount': '900.00', 'currency_code': 'USD', 'currency_id': '1072fc76-1862-41ab-82c2-485837590762'}",,False,,,,,,False,True,False,True,0,,,2.0,user,False,,order_finalized,,
939141d8-f423-40de-aeca-5a972a38803c,20F508B2-4FC8-42E7-BCCF-11569C8CF7CA,https://api.robinhood.com/orders/939141d8-f423-40de-aeca-5a972a38803c/,https://api.robinhood.com/accounts/5SE25445/,fa785cc9-e75d-40e1-ad49-9dad4a009457,https://api.robinhood.com/positions/5SE25445/943c5009-a0bb-4665-8cf4-a95dab5874e4/,,https://api.robinhood.com/instruments/943c5009-a0bb-4665-8cf4-a95dab5874e4/,943c5009-a0bb-4665-8cf4-a95dab5874e4,1.00000000,1890.79000000,0.05,filled,filled,,market,sell,gtc,stop,,1884.25000000,1.00000000,,2021-01-20T18:12:01.898138Z,2021-01-20T18:38:35.545226Z,2021-01-20T18:38:35.069000Z,"[{'price': '1890.79000000', 'quantity': '1.00000000', 'rounded_notional': None, 'settlement_date': '2021-01-22', 'timestamp': '2021-01-20T18:38:35.069000Z', 'id': 'f120e355-da22-4c38-a8dd-53111c36a1f7', 'ipo_access_execution_rank': None, 'trade_execution_date': None}]",False,regular_hours,False,False,,2021-01-20T18:38:35.062000Z,"{'amount': '1890.82000000', 'currency_code': 'USD', 'currency_id': '1072fc76-1862-41ab-82c2-485837590762'}",2021-01-20T18:38:35.069000Z,,,,,"{'amount': '1890.79', 'currency_code': 'USD', 'currency_id': '1072fc76-1862-41ab-82c2-485837590762'}",,False,,,,,,False,True,False,True,0,,,3.0,user,False,,order_finalized,,"{'type': 'price', 'price': {'currency_id': '1072fc76-1862-41ab-82c2-485837590762', 'currency_code': 'USD', 'amount': '5.00000000'}}"
9ebd8ba7-a9ea-4644-a292-6f8be6eeaa99,C6385397-FA39-4C97-939D-A3A24C08A9D4,https://api.robinhood.com/orders/9ebd8ba7-a9ea-4644-a292-6f8be6eeaa99/,https://api.robinhood.com/accounts/5SE25445/,fa785cc9-e75d-40e1-ad49-9dad4a009457,https://api.robinhood.com/positions/5SE25445/943c5009-a0bb-4665-8cf4-a95dab5874e4/,,https://api.robinhood.com/instruments/943c5009-a0bb-4665-8cf4-a95dab5874e4/,943c5009-a0bb-4665-8cf4-a95dab5874e4,0.00000000,,0.00,cancelled,cancelled,,market,sell,gtc,stop,,1868.86000000,1.00000000,,2021-01-20T18:09:36.446888Z,2021-01-20T18:11:07.082779Z,2021-01-20T18:11:06.589000Z,[],False,regular_hours,False,False,,,"{'amount': '1869.72000000', 'currency_code': 'USD', 'currency_id': '1072fc76-1862-41ab-82c2-485837590762'}",2021-01-20T18:11:06.589000Z,,,,,,,False,user,,,,,False,True,False,True,0,,,3.0,user,False,,order_finalized,,"{'type': 'percentage', 'percentage': 1}"
16c18235-1697-4857-ab6f-e02bc68d6c9f,73AF4743-BD79-4619-87A8-6D3C876A12BF,https://api.robinhood.com/orders/16c18235-1697-4857-ab6f-e02bc68d6c9f/,https://api.robinhood.com/accounts/5SE25445/,fa785cc9-e75d-40e1-ad49-9dad4a009457,https://api.robinhood.com/positions/5SE25445/940fc3f5-1db5-4fed-b452-f3a2e4562b5f/,,https://api.robinhood.com/instruments/940fc3f5-1db5-4fed-b452-f3a2e4562b5f/,940fc3f5-1db5-4fed-b452-f3a2e4562b5f,1.65193500,90.77840000,0.00,filled,filled,,market,buy,gfd,immediate,95.34000000,,1.65193500,,2021-01-14T17:31:21.455616Z,2021-11-18T21:10:47.978049Z,2021-01-14T17:31:22.218597Z,"[{'price': '90.77500000', 'quantity': '0.65116400', 'rounded_notional': '59.11000000', 'settlement_date': '2021-01-19', 'timestamp': '2021-01-14T17:31:21.662304Z', 'id': '0da66730-0c38-439d-a238-4d22488bc318', 'ipo_access_execution_rank': None, 'trade_execution_date': None}, {'price': '90.77500000', 'quantity': '1.00000000', 'rounded_notional': None, 'settlement_date': '2021-01-19', 'timestamp': '2021-01-14T17:31:21.752000Z', 'id': '50616382-7fc5-484d-9f9d-0687814d03cd', 'ipo_access_execution_rank': None, 'trade_execution_date': None}, {'price': '90.77500000', 'quantity': '0.00077100', 'rounded_notional': None, 'settlement_date': '2021-01-19', 'timestamp': '2021-01-14T17:31:21.752000Z', 'id': '8248d101-6ef6-4e12-9acb-fcf39ef8a9f7', 'ipo_access_execution_rank': None, 'trade_execution_date': None}]",False,regular_hours,False,False,,,,,,"{'amount': '150.00000000', 'currency_code': 'USD', 'currency_id': '1072fc76-1862-41ab-82c2-485837590762'}",,"{'amount': '150.00', 'currency_code': 'USD', 'currency_id': '1072fc76-1862-41ab-82c2-485837590762'}","{'amount': '149.96', 'currency_code': 'USD', 'currency_id': '1072fc76-1862-41ab-82c2-485837590762'}",,False,,,,,,False,True,False,True,0,,,2.0,user,False,,order_finalized,,
f8c598e6-6073-405f-92d2-75c9cf687c26,2BB49B87-8C38-474E-88BC-69523FC3FC71,https://api.robinhood.com/orders/f8c598e6-6073-405f-92d2-75c9cf687c26/,https://api.robinhood.com/accounts/5SE25445/,fa785cc9-e75d-40e1-ad49-9dad4a009457,https://api.robinhood.com/positions/5SE25445/92e85187-3829-472a-a60b-d81d8cd5b8b3/,,https://api.robinhood.com/instruments/92e85187-3829-472a-a60b-d81d8cd5b8b3/,92e85187-3829-472a-a60b-d81d8cd5b8b3,14.07789700,10.65500000,0.00,filled,filled,,market,sell,gfd,immediate,,,14.07789700,,2021-01-14T17:30:01.017035Z,2021-01-14T17:30:03.034071Z,2021-01-14T17:30:01.890741Z,"[{'price': '10.65500000', 'quantity': '0.07789700', 'rounded_notional': None, 'settlement_date': '2021-01-19', 'timestamp': '2021-01-14T17:30:01.228512Z', 'id': '1094c661-4003-4a06-8d7d-40455abe7a61', 'ipo_access_execution_rank': None, 'trade_execution_date': None}, {'price': '10.65500000', 'quantity': '14.00000000', 'rounded_notional': None, 'settlement_date': '2021-01-19', 'timestamp': '2021-01-14T17:30:01.332000Z', 'id': 'f1a93562-fcfb-43f8-b8c0-0e5b58cacf54', 'ipo_access_execution_rank': None, 'trade_execution_date': None}]",False,regular_hours,False,False,,,,,,"{'amount': '150.00000000', 'currency_code': 'USD', 'currency_id': '1072fc76-1862-41ab-82c2-485837590762'}",,,"{'amount': '150.00', 'currency_code': 'USD', 'currency_id': '1072fc76-1862-41ab-82c2-485837590762'}",,False,,,,,,False,True,False,True,0,,,2.0,user,False,,order_finalized,,
581941ba-d35e-4466-a86e-7fa3b9ae84bd,4CF57CFC-7B62-4C15-AB97-0D17810A8082,https://api.robinhood.com/orders/581941ba-d35e-4466-a86e-7fa3b9ae84bd/,https://api.robinhood.com/accounts/5SE25445/,fa785cc9-e75d-40e1-ad49-9dad4a009457,https://api.robinhood.com/positions/5SE25445/943c5009-a0bb-4665-8cf4-a95dab5874e4/,,https://api.robinhood.com/instruments/943c5009-a0bb-4665-8cf4-a95dab5874e4/,943c5009-a0bb-4665-8cf4-a95dab5874e4,0.82802400,1741.00030000,0.00,filled,filled,,market,buy,gfd,immediate,1827.19000000,,0.82802400,,2021-01-14T17:28:42.251044Z,2021-01-14T17:28:44.331088Z,2021-01-14T17:28:43.174580Z,"[{'price': '1741.00000000', 'quantity': '0.82802400', 'rounded_notional': None, 'settlement_date': '2021-01-19', 'timestamp': '2021-01-14T17:28:42.642000Z', 'id': '034a8453-a21d-491d-ace4-9ccbccac71ee', 'ipo_access_execution_rank': None, 'trade_execution_date': None}]",False,regular_hours,False,False,,,,,,"{'amount': '1441.59000000', 'currency_code': 'USD', 'currency_id': '1072fc76-1862-41ab-82c2-485837590762'}",,"{'amount': '1441.59', 'currency_code': 'USD', 'currency_id': '1072fc76-1862-41ab-82c2-485837590762'}","{'amount': '1441.59', 'currency_code': 'USD', 'currency_id': '1072fc76-1862-41ab-82c2-485837590762'}",,False,,,,,,False,True,False,True,0,,,2.0,user,False,,order_finalized,,
d94191b0-0d43-4944-a169-a7b3385f0f97,97DF1B75-1788-439A-8104-3429FC2165B8,https://api.robinhood.com/orders/d94191b0-0d43-4944-a169-a7b3385f0f97/,https://api.robinhood.com/accounts/5SE25445/,fa785cc9-e75d-40e1-ad49-9dad4a009457,https://api.robinhood.com/positions/5SE25445/29d287a3-771b-4414-95ed-8669423303bf/,,https://api.robinhood.com/instruments/29d287a3-771b-4414-95ed-8669423303bf/,29d287a3-771b-4414-95ed-8669423303bf,1.00000000,58.34000000,0.00,filled,filled,,market,buy,gfd,immediate,61.24000000,,1.00000000,,2021-01-14T17:21:54.908781Z,2021-01-14T17:21:55.683636Z,2021-01-14T17:21:55.213000Z,"[{'price': '58.33500000', 'quantity': '1.00000000', 'rounded_notional': None, 'settlement_date': '2021-01-19', 'timestamp': '2021-01-14T17:21:55.213000Z', 'id': '9ed1ae87-d068-465d-b98a-f26f5e97933e', 'ipo_access_execution_rank': None, 'trade_execution_date': None}]",False,regular_hours,False,False,,,,,,,,"{'amount': '61.24', 'currency_code': 'USD', 'currency_id': '1072fc76-1862-41ab-82c2-485837590762'}","{'amount': '58.34', 'currency_code': 'USD', 'currency_id': '1072fc76-1862-41ab-82c2-485837590762'}",,False,,,,,,False,True,False,True,0,,,2.0,user,False,,order_finalized,,
c5c99031-21e8-4c40-b6e5-e57210f0cfbf,720F3B09-98B8-49F3-BD6C-50C9431563C5,https://api.robinhood.com/orders/c5c99031-21e8-4c40-b6e5-e57210f0cfbf/,https://api.robinhood.com/accounts/5SE25445/,fa785cc9-e75d-40e1-ad49-9dad4a009457,https://api.robinhood.com/positions/5SE25445/943c5009-a0bb-4665-8cf4-a95dab5874e4/,,https://api.robinhood.com/instruments/943c5009-a0bb-4665-8cf4-a95dab5874e4/,943c5009-a0bb-4665-8cf4-a95dab5874e4,0.11505300,1738.32930000,0.00,filled,filled,,market,buy,gfd,immediate,1825.59000000,,0.11505300,,2021-01-14T17:19:26.263111Z,2021-01-14T17:19:27.657361Z,2021-01-14T17:19:26.525600Z,"[{'price': '1738.32000000', 'quantity': '0.11505300', 'rounded_notional': None, 'settlement_date': '2021-01-19', 'timestamp': '2021-01-14T17:19:26.525598Z', 'id': '5ec3830a-4ea7-40ef-a7b9-9195ddbcbbf0', 'ipo_access_execution_rank': None, 'trade_execution_date': None}]",False,regular_hours,False,False,,,,,,"{'amount': '200.00000000', 'currency_code': 'USD', 'currency_id': '1072fc76-1862-41ab-82c2-485837590762'}",,"{'amount': '200.00', 'currency_code': 'USD', 'currency_id': '1072fc76-1862-41ab-82c2-485837590762'}","{'amount': '200.00', 'currency_code': 'USD', 'currency_id': '1072fc76-1862-41ab-82c2-485837590762'}",,False,,,,,,False,True,False,True,0,,,0.0,user,False,,order_finalized,,
c6090f66-307e-4426-bd4e-107aa705596b,8A1A191A-CAB4-4AA6-B78E-4B2BB5887B82,https://api.robinhood.com/orders/c6090f66-307e-4426-bd4e-107aa705596b/,https://api.robinhood.com/accounts/5SE25445/,fa785cc9-e75d-40e1-ad49-9dad4a009457,https://api.robinhood.com/positions/5SE25445/f3acdd2f-6580-4c75-a69c-81481cc4c235/,,https://api.robinhood.com/instruments/f3acdd2f-6580-4c75-a69c-81481cc4c235/,f3acdd2f-6580-4c75-a69c-81481cc4c235,7.00000000,236.00000000,0.04,filled,filled,,market,sell,gfd,stop,,236.01000000,7.00000000,,2021-01-14T17:00:08.315197Z,2021-01-14T17:02:46.354885Z,2021-01-14T17:02:45.882000Z,"[{'price': '236.00000000', 'quantity': '1.00000000', 'rounded_notional': None, 'settlement_date': '2021-01-19', 'timestamp': '2021-01-14T17:02:45.882000Z', 'id': '19343a95-9c02-499e-b3a5-32b8a346640a', 'ipo_access_execution_rank': None, 'trade_execution_date': None}, {'price': '236.00000000', 'quantity': '6.00000000', 'rounded_notional': None, 'settlement_date': '2021-01-19', 'timestamp': '2021-01-14T17:02:45.882000Z', 'id': '86c3b3e3-5680-4271-8b61-704e68e0c368', 'ipo_access_execution_rank': None, 'trade_execution_date': None}]",False,regular_hours,False,False,,2021-01-14T17:02:45.881000Z,"{'amount': '236.01000000', 'currency_code': 'USD', 'currency_id': '1072fc76-1862-41ab-82c2-485837590762'}",2021-01-14T17:02:45.882000Z,,,,,"{'amount': '1652.00', 'currency_code': 'USD', 'currency_id': '1072fc76-1862-41ab-82c2-485837590762'}",,False,,,,,,False,True,False,True,0,,,4.0,user,False,,order_finalized,,"{'type': 'price', 'price': {'currency_id': '1072fc76-1862-41ab-82c2-485837590762', 'currency_code': 'USD', 'amount': '0.50000000'}}"
090a74cd-1d73-4171-9abe-011620665a5f,43C5F3E4-52CE-4104-BA41-80BE8C4E4924,https://api.robinhood.com/orders/090a74cd-1d73-4171-9abe-011620665a5f/,https://api.robinhood.com/accounts/5SE25445/,fa785cc9-e75d-40e1-ad49-9dad4a009457,https://api.robinhood.com/positions/5SE25445/846ae64b-c4dd-432c-9f26-44afd60ed82b/,,https://api.robinhood.com/instruments/846ae64b-c4dd-432c-9f26-44afd60ed82b/,846ae64b-c4dd-432c-9f26-44afd60ed82b,0.45489200,190.88050000,0.00,filled,filled,,market,buy,gfd,immediate,200.69000000,,0.45489200,,2021-01-14T16:57:25.446158Z,2021-01-14T16:57:26.790573Z,2021-01-14T16:57:25.667523Z,"[{'price': '190.88500000', 'quantity': '0.45489200', 'rounded_notional': '86.83000000', 'settlement_date': '2021-01-19', 'timestamp': '2021-01-14T16:57:25.667520Z', 'id': '394f402d-552b-461e-9ad7-e01445446085', 'ipo_access_execution_rank': None, 'trade_execution_date': None}]",False,regular_hours,False,False,,,,,,"{'amount': '86.98000000', 'currency_code': 'USD', 'currency_id': '1072fc76-1862-41ab-82c2-485837590762'}",,"{'amount': '86.98', 'currency_code': 'USD', 'currency_id': '1072fc76-1862-41ab-82c2-485837590762'}","{'amount': '86.83', 'currency_code': 'USD', 'currency_id': '1072fc76-1862-41ab-82c2-485837590762'}",,False,,,,,,False,True,False,True,0,,,1.0,user,False,,order_finalized,,
24f92eb8-8c94-4c45-b654-b648344444b3,5EDEA6D0-A355-412E-9B85-2D53371D5213,https://api.robinhood.com/orders/24f92eb8-8c94-4c45-b654-b648344444b3/,https://api.robinhood.com/accounts/5SE25445/,fa785cc9-e75d-40e1-ad49-9dad4a009457,https://api.robinhood.com/positions/5SE25445/9a5095d4-628d-4edf-a803-389731e35fb8/,,https://api.robinhood.com/instruments/9a5095d4-628d-4edf-a803-389731e35fb8/,9a5095d4-628d-4edf-a803-389731e35fb8,1.00000000,14.67000000,0.00,filled,filled,,market,buy,gfd,immediate,15.41000000,,1.00000000,,2021-01-14T16:56:39.275356Z,2021-01-14T16:56:40.058423Z,2021-01-14T16:56:39.593000Z,"[{'price': '14.67000000', 'quantity': '1.00000000', 'rounded_notional': None, 'settlement_date': '2021-01-19', 'timestamp': '2021-01-14T16:56:39.593000Z', 'id': 'ae9ffa2f-39eb-4698-8ccf-0f530a90b04c', 'ipo_access_execution_rank': None, 'trade_execution_date': None}]",False,regular_hours,False,False,,,,,,,,"{'amount': '15.41', 'currency_code': 'USD', 'currency_id': '1072fc76-1862-41ab-82c2-485837590762'}","{'amount': '14.67', 'currency_code': 'USD', 'currency_id': '1072fc76-1862-41ab-82c2-485837590762'}",,False,,,,,,False,True,False,True,0,,,2.0,user,False,,order_finalized,,
e7356201-ad67-4b9a-b440-d497dfe6c334,3BE18E53-0464-4049-A97A-0C962DC20D1A,https://api.robinhood.com/orders/e7356201-ad67-4b9a-b440-d497dfe6c334/,https://api.robinhood.com/accounts/5SE25445/,fa785cc9-e75d-40e1-ad49-9dad4a009457,https://api.robinhood.com/positions/5SE25445/b003dff4-7071-46ae-9a8d-6e4b4222edf0/,,https://api.robinhood.com/instruments/b003dff4-7071-46ae-9a8d-6e4b4222edf0/,b003dff4-7071-46ae-9a8d-6e4b4222edf0,28.00000000,5.33000000,0.00,filled,filled,,limit,sell,gfd,immediate,5.33000000,,28.00000000,,2021-01-14T16:25:45.020228Z,2021-01-14T17:15:17.517479Z,2021-01-14T17:15:17.132000Z,"[{'price': '5.33000000', 'quantity': '4.00000000', 'rounded_notional': None, 'settlement_date': '2021-01-19', 'timestamp': '2021-01-14T16:39:34.393000Z', 'id': 'ab413cdc-8173-4099-9d38-48da3275e27a', 'ipo_access_execution_rank': None, 'trade_execution_date': None}, {'price': '5.33000000', 'quantity': '10.00000000', 'rounded_notional': None, 'settlement_date': '2021-01-19', 'timestamp': '2021-01-14T16:50:28.252000Z', 'id': '0832c3ad-5787-445b-9a9b-4e531cf2683f', 'ipo_access_execution_rank': None, 'trade_execution_date': None}, {'price': '5.33000000', 'quantity': '5.00000000', 'rounded_notional': None, 'settlement_date': '2021-01-19', 'timestamp': '2021-01-14T16:55:30.632000Z', 'id': '6d8ba254-1e5a-4d8c-9f73-a1a15b0c4540', 'ipo_access_execution_rank': None, 'trade_execution_date': None}, {'price': '5.33000000', 'quantity': '2.00000000', 'rounded_notional': None, 'settlement_date': '2021-01-19', 'timestamp': '2021-01-14T16:57:50.082000Z', 'id': '6d8e0ce9-433b-407c-b696-d986c9621e21', 'ipo_access_execution_rank': None, 'trade_execution_date': None}, {'price': '5.33000000', 'quantity': '4.00000000', 'rounded_notional': None, 'settlement_date': '2021-01-19', 'timestamp': '2021-01-14T17:06:25.752000Z', 'id': '95a2eaf4-565b-4cdf-95a1-da305147baf5', 'ipo_access_execution_rank': None, 'trade_execution_date': None}, {'price': '5.33000000', 'quantity': '2.00000000', 'rounded_notional': None, 'settlement_date': '2021-01-19', 'timestamp': '2021-01-14T17:11:42.512000Z', 'id': '55bd3b72-7ed2-45ff-84f7-e82ad26b5b0f', 'ipo_access_execution_rank': None, 'trade_execution_date': None}, {'price': '5.33000000', 'quantity': '1.00000000', 'rounded_notional': None, 'settlement_date': '2021-01-19', 'timestamp': '2021-01-14T17:15:17.132000Z', 'id': '0ff3732b-b93e-436b-ac19-f76445dd0859', 'ipo_access_execution_rank': None, 'trade_execution_date': None}]",False,regular_hours,False,False,,,,,,,,"{'amount': '149.24', 'currency_code': 'USD', 'currency_id': '1072fc76-1862-41ab-82c2-485837590762'}","{'amount': '149.24', 'currency_code': 'USD', 'currency_id': '1072fc76-1862-41ab-82c2-485837590762'}",,False,,,,,,False,True,False,True,0,,,8.0,user,False,,order_finalized,,
983c0edb-a9b1-4e1c-81d3-e34956fe035a,21B9D9A7-AE0F-4470-B8C4-04ADE764C4A0,https://api.robinhood.com/orders/983c0edb-a9b1-4e1c-81d3-e34956fe035a/,https://api.robinhood.com/accounts/5SE25445/,fa785cc9-e75d-40e1-ad49-9dad4a009457,https://api.robinhood.com/positions/5SE25445/f3acdd2f-6580-4c75-a69c-81481cc4c235/,,https://api.robinhood.com/instruments/f3acdd2f-6580-4c75-a69c-81481cc4c235/,f3acdd2f-6580-4c75-a69c-81481cc4c235,6.54291100,229.10290000,0.00,filled,filled,,market,buy,gfd,immediate,240.59000000,,6.54291100,,2021-01-11T16:44:16.589135Z,2021-01-11T16:44:18.612041Z,2021-01-11T16:44:17.464069Z,"[{'price': '229.07500000', 'quantity': '0.54370800', 'rounded_notional': None, 'settlement_date': '2021-01-13', 'timestamp': '2021-01-11T16:44:16.852109Z', 'id': 'f41e9ae2-e96c-4c84-86e8-59356625f075', 'ipo_access_execution_rank': None, 'trade_execution_date': None}, {'price': '229.10540000', 'quantity': '5.99920300', 'rounded_notional': None, 'settlement_date': '2021-01-13', 'timestamp': '2021-01-11T16:44:16.930000Z', 'id': '4e4c4e33-a375-437f-8245-2a81e4bf704f', 'ipo_access_execution_rank': None, 'trade_execution_date': None}]",False,regular_hours,False,False,,,,,,"{'amount': '1499.00000000', 'currency_code': 'USD', 'currency_id': '1072fc76-1862-41ab-82c2-485837590762'}",,"{'amount': '1499.00', 'currency_code': 'USD', 'currency_id': '1072fc76-1862-41ab-82c2-485837590762'}","{'amount': '1499.00', 'currency_code': 'USD', 'currency_id': '1072fc76-1862-41ab-82c2-485837590762'}",,False,,,,,,False,True,False,True,0,,,2.0,user,False,,order_finalized,,
e6677164-2791-450b-89bc-630b0241efb4,F6F68B8D-89AF-4A38-BCEE-F0F7E1A41C85,https://api.robinhood.com/orders/e6677164-2791-450b-89bc-630b0241efb4/,https://api.robinhood.com/accounts/5SE25445/,fa785cc9-e75d-40e1-ad49-9dad4a009457,https://api.robinhood.com/positions/5SE25445/6ec6c70e-d686-4d73-b5a8-74fec96aca0e/,,https://api.robinhood.com/instruments/6ec6c70e-d686-4d73-b5a8-74fec96aca0e/,6ec6c70e-d686-4d73-b5a8-74fec96aca0e,1.31354200,38.06500000,0.00,filled,filled,,market,buy,gfd,immediate,39.97000000,,1.31354200,,2020-12-17T20:47:33.437242Z,2020-12-17T20:47:35.549464Z,2020-12-17T20:47:34.399281Z,"[{'price': '38.06500000', 'quantity': '1.31354200', 'rounded_notional': None, 'settlement_date': '2020-12-21', 'timestamp': '2020-12-17T20:47:33.856000Z', 'id': '963f088a-75b6-4459-b3e8-1f1c1540d2eb', 'ipo_access_execution_rank': None, 'trade_execution_date': None}]",False,regular_hours,False,False,,,,,,"{'amount': '50.00000000', 'currency_code': 'USD', 'currency_id': '1072fc76-1862-41ab-82c2-485837590762'}",,"{'amount': '50.00', 'currency_code': 'USD', 'currency_id': '1072fc76-1862-41ab-82c2-485837590762'}","{'amount': '50.00', 'currency_code': 'USD', 'currency_id': '1072fc76-1862-41ab-82c2-485837590762'}",,False,,,,,,False,True,False,True,0,,,2.0,user,False,,order_finalized,,
1c767555-2830-465e-929d-9bd4df65389c,E19A4304-7CCC-4F55-B3F9-0E0D30D9FBE3,https://api.robinhood.com/orders/1c767555-2830-465e-929d-9bd4df65389c/,https://api.robinhood.com/accounts/5SE25445/,fa785cc9-e75d-40e1-ad49-9dad4a009457,https://api.robinhood.com/positions/5SE25445/f3acdd2f-6580-4c75-a69c-81481cc4c235/,,https://api.robinhood.com/instruments/f3acdd2f-6580-4c75-a69c-81481cc4c235/,f3acdd2f-6580-4c75-a69c-81481cc4c235,0.35260900,212.70020000,0.00,filled,filled,,market,buy,gfd,immediate,223.36000000,,0.35260900,,2020-12-08T20:09:59.921334Z,2020-12-08T20:10:01.894037Z,2020-12-08T20:10:00.746742Z,"[{'price': '212.70000000', 'quantity': '0.35260900', 'rounded_notional': None, 'settlement_date': '2020-12-10', 'timestamp': '2020-12-08T20:10:00.238000Z', 'id': 'b9b61099-f981-4155-9067-1505a3778aba', 'ipo_access_execution_rank': None, 'trade_execution_date': None}]",False,regular_hours,False,False,,,,,,"{'amount': '75.00000000', 'currency_code': 'USD', 'currency_id': '1072fc76-1862-41ab-82c2-485837590762'}",,"{'amount': '75.00', 'currency_code': 'USD', 'currency_id': '1072fc76-1862-41ab-82c2-485837590762'}","{'amount': '75.00', 'currency_code': 'USD', 'currency_id': '1072fc76-1862-41ab-82c2-485837590762'}",,False,,,,,,False,True,False,True,0,,,2.0,user,False,,order_finalized,,
e385b8ee-95bb-4082-bd8a-40bdb71a244b,D1199E9A-827D-44D8-AB40-FEF634528930,https://api.robinhood.com/orders/e385b8ee-95bb-4082-bd8a-40bdb71a244b/,https://api.robinhood.com/accounts/5SE25445/,fa785cc9-e75d-40e1-ad49-9dad4a009457,https://api.robinhood.com/positions/5SE25445/c0bb3aec-bd1e-471e-a4f0-ca011cbec711/,,https://api.robinhood.com/instruments/c0bb3aec-bd1e-471e-a4f0-ca011cbec711/,c0bb3aec-bd1e-471e-a4f0-ca011cbec711,0.01100700,3179.79470000,0.00,filled,filled,,market,sell,gfd,immediate,,,0.01100700,,2020-12-08T20:09:38.045032Z,2020-12-08T20:09:39.499555Z,2020-12-08T20:09:38.369656Z,"[{'price': '3179.79000000', 'quantity': '0.01100700', 'rounded_notional': None, 'settlement_date': '2020-12-10', 'timestamp': '2020-12-08T20:09:38.369654Z', 'id': 'af41d147-29ef-4987-9663-f854731cc1e6', 'ipo_access_execution_rank': None, 'trade_execution_date': None}]",False,regular_hours,False,False,,,,,,"{'amount': '35.00000000', 'currency_code': 'USD', 'currency_id': '1072fc76-1862-41ab-82c2-485837590762'}",,,"{'amount': '35.00', 'currency_code': 'USD', 'currency_id': '1072fc76-1862-41ab-82c2-485837590762'}",,False,,,,,,False,True,False,True,0,,,0.0,user,False,,order_finalized,,
5b0223c9-fe7d-4316-89b3-df6c66973100,30D7868C-3FD9-42F4-BE8B-2F6F65B3C88B,https://api.robinhood.com/orders/5b0223c9-fe7d-4316-89b3-df6c66973100/,https://api.robinhood.com/accounts/5SE25445/,fa785cc9-e75d-40e1-ad49-9dad4a009457,https://api.robinhood.com/positions/5SE25445/6ec6c70e-d686-4d73-b5a8-74fec96aca0e/,,https://api.robinhood.com/instruments/6ec6c70e-d686-4d73-b5a8-74fec96aca0e/,6ec6c70e-d686-4d73-b5a8-74fec96aca0e,0.16562300,42.32500000,0.00,filled,filled,,market,buy,gfd,immediate,44.45000000,,0.16562300,,2020-12-08T20:07:24.875636Z,2020-12-08T20:07:26.250611Z,2020-12-08T20:07:25.113098Z,"[{'price': '42.32500000', 'quantity': '0.16562300', 'rounded_notional': None, 'settlement_date': '2020-12-10', 'timestamp': '2020-12-08T20:07:25.113096Z', 'id': '60ad6f74-ab2c-424e-bc0a-9fb98f391c96', 'ipo_access_execution_rank': None, 'trade_execution_date': None}]",False,regular_hours,False,False,,,,,,"{'amount': '7.01000000', 'currency_code': 'USD', 'currency_id': '1072fc76-1862-41ab-82c2-485837590762'}",,"{'amount': '7.01', 'currency_code': 'USD', 'currency_id': '1072fc76-1862-41ab-82c2-485837590762'}","{'amount': '7.01', 'currency_code': 'USD', 'currency_id': '1072fc76-1862-41ab-82c2-485837590762'}",,False,,,,,,False,True,False,True,0,,,0.0,user,False,,order_finalized,,
1dfcebad-4cae-4142-b0d3-8b3173378f10,,https://api.robinhood.com/orders/1dfcebad-4cae-4142-b0d3-8b3173378f10/,https://api.robinhood.com/accounts/5SE25445/,fa785cc9-e75d-40e1-ad49-9dad4a009457,https://api.robinhood.com/positions/5SE25445/92e85187-3829-472a-a60b-d81d8cd5b8b3/,,https://api.robinhood.com/instruments/92e85187-3829-472a-a60b-d81d8cd5b8b3/,92e85187-3829-472a-a60b-d81d8cd5b8b3,0.10700000,10.00000000,0.00,filled,filled,,market,buy,gtc,immediate,10.04000000,,0.10700000,,2020-12-01T07:02:47.986020Z,2020-12-01T15:48:59.116439Z,2020-12-01T14:30:02.416000Z,"[{'price': '10.00000000', 'quantity': '0.10700000', 'rounded_notional': None, 'settlement_date': '2020-12-03', 'timestamp': '2020-12-01T15:27:03.057339Z', 'id': '0b3deb59-3a78-40f9-bbfd-ec5787f7741f', 'ipo_access_execution_rank': None, 'trade_execution_date': None}]",False,regular_hours,False,True,,,,,,"{'amount': '1.07000000', 'currency_code': 'USD', 'currency_id': '1072fc76-1862-41ab-82c2-485837590762'}",e2c1d837-8770-475f-aaca-318252b06654,"{'amount': '1.07', 'currency_code': 'USD', 'currency_id': '1072fc76-1862-41ab-82c2-485837590762'}","{'amount': '1.07', 'currency_code': 'USD', 'currency_id': '1072fc76-1862-41ab-82c2-485837590762'}",,False,,,,,,False,True,False,True,0,,,1.0,drip,False,,order_finalized,,
44ae0ade-8247-4b28-9207-1496a92f3627,F614782D-26F6-4F7A-B95C-F1331CAFF380,https://api.robinhood.com/orders/44ae0ade-8247-4b28-9207-1496a92f3627/,https://api.robinhood.com/accounts/5SE25445/,fa785cc9-e75d-40e1-ad49-9dad4a009457,https://api.robinhood.com/positions/5SE25445/24d7c10d-ae7d-4f7c-b031-12b2cfb53424/,,https://api.robinhood.com/instruments/24d7c10d-ae7d-4f7c-b031-12b2cfb53424/,24d7c10d-ae7d-4f7c-b031-12b2cfb53424,1.50878300,92.79000000,0.00,filled,filled,,market,sell,gfd,immediate,,,1.50878300,,2020-11-23T19:31:33.952986Z,2020-11-23T19:31:36.125863Z,2020-11-23T19:31:34.976256Z,"[{'price': '92.79000000', 'quantity': '1.50878300', 'rounded_notional': None, 'settlement_date': '2020-11-25', 'timestamp': '2020-11-23T19:31:34.335000Z', 'id': '6ce492d5-6432-4d9f-9434-e7f4f936ff88', 'ipo_access_execution_rank': None, 'trade_execution_date': None}]",False,regular_hours,False,False,,,,,,"{'amount': '140.00000000', 'currency_code': 'USD', 'currency_id': '1072fc76-1862-41ab-82c2-485837590762'}",,,"{'amount': '140.00', 'currency_code': 'USD', 'currency_id': '1072fc76-1862-41ab-82c2-485837590762'}",,False,,,,,,False,True,False,True,0,,,1.0,user,False,,order_finalized,,
4623d875-1f24-4eb3-9347-17d9f4f5cbf8,6172E85F-B667-4403-A299-7FF83E54AFAB,https://api.robinhood.com/orders/4623d875-1f24-4eb3-9347-17d9f4f5cbf8/,https://api.robinhood.com/accounts/5SE25445/,fa785cc9-e75d-40e1-ad49-9dad4a009457,https://api.robinhood.com/positions/5SE25445/6ec6c70e-d686-4d73-b5a8-74fec96aca0e/,,https://api.robinhood.com/instruments/6ec6c70e-d686-4d73-b5a8-74fec96aca0e/,6ec6c70e-d686-4d73-b5a8-74fec96aca0e,0.02771200,36.08550000,0.00,filled,filled,,market,buy,gfd,immediate,37.89000000,,0.02771200,,2020-11-19T15:51:54.058338Z,2020-11-19T15:51:55.428603Z,2020-11-19T15:51:54.281534Z,"[{'price': '36.08500000', 'quantity': '0.02771200', 'rounded_notional': None, 'settlement_date': '2020-11-23', 'timestamp': '2020-11-19T15:51:54.281532Z', 'id': 'da11d1cc-97c7-486d-b926-4dc060dcfb9d', 'ipo_access_execution_rank': None, 'trade_execution_date': None}]",False,regular_hours,False,False,,,,,,"{'amount': '1.00000000', 'currency_code': 'USD', 'currency_id': '1072fc76-1862-41ab-82c2-485837590762'}",,"{'amount': '1.00', 'currency_code': 'USD', 'currency_id': '1072fc76-1862-41ab-82c2-485837590762'}","{'amount': '1.00', 'currency_code': 'USD', 'currency_id': '1072fc76-1862-41ab-82c2-485837590762'}",,False,,,,,,False,True,False,True,0,,,0.0,user,False,,order_finalized,,
84b4ebaf-4810-436a-8bd0-9e65b91247f5,,https://api.robinhood.com/orders/84b4ebaf-4810-436a-8bd0-9e65b91247f5/,https://api.robinhood.com/accounts/5SE25445/,fa785cc9-e75d-40e1-ad49-9dad4a009457,https://api.robinhood.com/positions/5SE25445/24d7c10d-ae7d-4f7c-b031-12b2cfb53424/,,https://api.robinhood.com/instruments/24d7c10d-ae7d-4f7c-b031-12b2cfb53424/,24d7c10d-ae7d-4f7c-b031-12b2cfb53424,0.06852300,90.48060000,0.00,filled,filled,,market,buy,gtc,immediate,87.72000000,,0.06852300,,2020-11-17T06:10:22.173277Z,2020-11-17T14:32:41.364581Z,2020-11-17T14:30:01.184000Z,"[{'price': '90.48000000', 'quantity': '0.06852300', 'rounded_notional': None, 'settlement_date': '2020-11-19', 'timestamp': '2020-11-17T14:32:41.337193Z', 'id': '1c60478f-e3e7-4244-a061-b6ce8e3a45d1', 'ipo_access_execution_rank': None, 'trade_execution_date': None}]",False,regular_hours,False,True,,,,,,"{'amount': '6.20000000', 'currency_code': 'USD', 'currency_id': '1072fc76-1862-41ab-82c2-485837590762'}",175ca749-f831-467b-aa87-24d43c90c35a,"{'amount': '6.20', 'currency_code': 'USD', 'currency_id': '1072fc76-1862-41ab-82c2-485837590762'}","{'amount': '6.20', 'currency_code': 'USD', 'currency_id': '1072fc76-1862-41ab-82c2-485837590762'}",,False,,,,,,False,True,False,True,0,,,1.0,drip,False,,order_finalized,,
c0882480-5b59-45e1-a70f-9ac94651744d,,https://api.robinhood.com/orders/c0882480-5b59-45e1-a70f-9ac94651744d/,https://api.robinhood.com/accounts/5SE25445/,fa785cc9-e75d-40e1-ad49-9dad4a009457,https://api.robinhood.com/positions/5SE25445/92e85187-3829-472a-a60b-d81d8cd5b8b3/,,https://api.robinhood.com/instruments/92e85187-3829-472a-a60b-d81d8cd5b8b3/,92e85187-3829-472a-a60b-d81d8cd5b8b3,0.12662700,8.45000000,0.00,filled,filled,,market,buy,gtc,immediate,8.20000000,,0.12662700,,2020-10-31T09:11:11.241787Z,2020-11-02T14:37:22.831584Z,2020-11-02T14:30:02.105000Z,"[{'price': '8.45000000', 'quantity': '0.12662700', 'rounded_notional': None, 'settlement_date': '2020-11-04', 'timestamp': '2020-11-02T14:37:22.813274Z', 'id': '36ddafe6-8930-441f-a047-c6f11801d303', 'ipo_access_execution_rank': None, 'trade_execution_date': None}]",False,regular_hours,False,True,,,,,,"{'amount': '1.07000000', 'currency_code': 'USD', 'currency_id': '1072fc76-1862-41ab-82c2-485837590762'}",eb3a0388-c613-459f-94a8-8e975274f597,"{'amount': '1.07', 'currency_code': 'USD', 'currency_id': '1072fc76-1862-41ab-82c2-485837590762'}","{'amount': '1.07', 'currency_code': 'USD', 'currency_id': '1072fc76-1862-41ab-82c2-485837590762'}",,False,,,,,,False,True,False,True,0,,,1.0,drip,False,,order_finalized,,
c6471dd4-b287-48dc-8a0f-d86236da50f6,,https://api.robinhood.com/orders/c6471dd4-b287-48dc-8a0f-d86236da50f6/,https://api.robinhood.com/accounts/5SE25445/,fa785cc9-e75d-40e1-ad49-9dad4a009457,https://api.robinhood.com/positions/5SE25445/b003dff4-7071-46ae-9a8d-6e4b4222edf0/,,https://api.robinhood.com/instruments/b003dff4-7071-46ae-9a8d-6e4b4222edf0/,b003dff4-7071-46ae-9a8d-6e4b4222edf0,0.36078400,5.10000000,0.00,filled,filled,,market,buy,gtc,immediate,5.20000000,,0.36078400,,2020-10-29T05:29:07.339144Z,2020-10-29T13:34:47.380522Z,2020-10-29T13:30:00Z,"[{'price': '5.10000000', 'quantity': '0.36078400', 'rounded_notional': None, 'settlement_date': '2020-11-02', 'timestamp': '2020-10-29T13:34:47.346453Z', 'id': '349ac015-067e-4ea4-b10f-00b0fb88670f', 'ipo_access_execution_rank': None, 'trade_execution_date': None}]",False,regular_hours,False,True,,,,,,"{'amount': '1.84000000', 'currency_code': 'USD', 'currency_id': '1072fc76-1862-41ab-82c2-485837590762'}",d0e5df31-e93f-45ec-ab92-4a767d4eb23a,"{'amount': '1.84', 'currency_code': 'USD', 'currency_id': '1072fc76-1862-41ab-82c2-485837590762'}","{'amount': '1.84', 'currency_code': 'USD', 'currency_id': '1072fc76-1862-41ab-82c2-485837590762'}",,False,,,,,,False,True,False,True,0,,,1.0,drip,False,,order_finalized,,
10339f1f-131c-485e-ae99-998245472f76,,https://api.robinhood.com/orders/10339f1f-131c-485e-ae99-998245472f76/,https://api.robinhood.com/accounts/5SE25445/,fa785cc9-e75d-40e1-ad49-9dad4a009457,https://api.robinhood.com/positions/5SE25445/92e85187-3829-472a-a60b-d81d8cd5b8b3/,,https://api.robinhood.com/instruments/92e85187-3829-472a-a60b-d81d8cd5b8b3/,92e85187-3829-472a-a60b-d81d8cd5b8b3,0.11635600,9.11000000,0.00,filled,filled,,market,buy,gtc,immediate,9.10000000,,0.11635600,,2020-10-01T14:29:58.560496Z,2020-10-01T15:40:25.026460Z,2020-10-01T15:40:25.003623Z,"[{'price': '9.11000000', 'quantity': '0.11635600', 'rounded_notional': None, 'settlement_date': '2020-10-05', 'timestamp': '2020-10-01T15:40:25.003623Z', 'id': '117b422c-a6b6-439c-a0a6-ab8693103139', 'ipo_access_execution_rank': None, 'trade_execution_date': None}]",False,regular_hours,False,True,,,,,,"{'amount': '1.06000000', 'currency_code': 'USD', 'currency_id': '1072fc76-1862-41ab-82c2-485837590762'}",6bed77d6-7de8-454a-9043-e56663f43975,"{'amount': '1.06', 'currency_code': 'USD', 'currency_id': '1072fc76-1862-41ab-82c2-485837590762'}","{'amount': '1.06', 'currency_code': 'USD', 'currency_id': '1072fc76-1862-41ab-82c2-485837590762'}",,False,,,,,,False,True,False,True,0,,,1.0,drip,False,,order_finalized,,
920ff9e5-27c1-453e-b415-5b181aef24f7,1C0EC525-35A5-43F3-AD9B-04AE1C35022A,https://api.robinhood.com/orders/920ff9e5-27c1-453e-b415-5b181aef24f7/,https://api.robinhood.com/accounts/5SE25445/,fa785cc9-e75d-40e1-ad49-9dad4a009457,https://api.robinhood.com/positions/5SE25445/943c5009-a0bb-4665-8cf4-a95dab5874e4/,,https://api.robinhood.com/instruments/943c5009-a0bb-4665-8cf4-a95dab5874e4/,943c5009-a0bb-4665-8cf4-a95dab5874e4,0.03479600,1436.94680000,0.00,filled,filled,,market,buy,gfd,immediate,1512.00000000,,0.03479600,,2020-09-21T20:44:44.328030Z,2020-09-21T20:44:45.692854Z,2020-09-21T20:44:44.559994Z,"[{'price': '1436.93000000', 'quantity': '0.03479600', 'rounded_notional': None, 'settlement_date': '2020-09-23', 'timestamp': '2020-09-21T20:44:44.559992Z', 'id': 'c7a86f35-c3ee-4981-afe9-839005769134', 'ipo_access_execution_rank': None, 'trade_execution_date': None}]",True,extended_hours,False,False,,,,,,"{'amount': '50.00000000', 'currency_code': 'USD', 'currency_id': '1072fc76-1862-41ab-82c2-485837590762'}",,"{'amount': '50.00', 'currency_code': 'USD', 'currency_id': '1072fc76-1862-41ab-82c2-485837590762'}","{'amount': '50.00', 'currency_code': 'USD', 'currency_id': '1072fc76-1862-41ab-82c2-485837590762'}",,False,,,,,,False,True,False,True,0,,,1.0,user,False,,order_finalized,,
521b8a28-c998-4eab-8f03-f153f3ec4345,4F829AAD-48D3-4D64-B976-657C5219F730,https://api.robinhood.com/orders/521b8a28-c998-4eab-8f03-f153f3ec4345/,https://api.robinhood.com/accounts/5SE25445/,fa785cc9-e75d-40e1-ad49-9dad4a009457,https://api.robinhood.com/positions/5SE25445/24d7c10d-ae7d-4f7c-b031-12b2cfb53424/,,https://api.robinhood.com/instruments/24d7c10d-ae7d-4f7c-b031-12b2cfb53424/,24d7c10d-ae7d-4f7c-b031-12b2cfb53424,7.87740800,80.71440000,0.04,filled,filled,,market,sell,gfd,immediate,,,7.87740800,,2020-09-03T17:09:58.018421Z,2020-09-03T17:10:00.043561Z,2020-09-03T17:09:58.898322Z,"[{'price': '80.75500000', 'quantity': '0.87344400', 'rounded_notional': None, 'settlement_date': '2020-09-08', 'timestamp': '2020-09-03T17:09:58.268266Z', 'id': '0907acfa-ba87-4db0-8b7c-61afa0e8bc2c', 'ipo_access_execution_rank': None, 'trade_execution_date': None}, {'price': '80.71010000', 'quantity': '7.00000000', 'rounded_notional': None, 'settlement_date': '2020-09-08', 'timestamp': '2020-09-03T17:09:58.341000Z', 'id': 'b110ce62-c379-4d62-9704-72c50e89bf90', 'ipo_access_execution_rank': None, 'trade_execution_date': None}, {'price': '80.71010000', 'quantity': '0.00396400', 'rounded_notional': None, 'settlement_date': '2020-09-08', 'timestamp': '2020-09-03T17:09:58.341000Z', 'id': 'f60279c3-8eed-482e-94ec-f1de6393a50b', 'ipo_access_execution_rank': None, 'trade_execution_date': None}]",False,regular_hours,False,False,,,,,,"{'amount': '635.82000000', 'currency_code': 'USD', 'currency_id': '1072fc76-1862-41ab-82c2-485837590762'}",,,"{'amount': '635.82', 'currency_code': 'USD', 'currency_id': '1072fc76-1862-41ab-82c2-485837590762'}",,False,,,,,,False,True,False,True,0,,,2.0,user,False,,order_finalized,,
888e54ff-2dfa-4c6a-9e03-1a7210f4cf3f,ED260430-AE3E-44C5-9C53-67B7486F5344,https://api.robinhood.com/orders/888e54ff-2dfa-4c6a-9e03-1a7210f4cf3f/,https://api.robinhood.com/accounts/5SE25445/,fa785cc9-e75d-40e1-ad49-9dad4a009457,https://api.robinhood.com/positions/5SE25445/f14f2b8b-3e68-4237-aeaf-f849ffbe69fb/,,https://api.robinhood.com/instruments/f14f2b8b-3e68-4237-aeaf-f849ffbe69fb/,f14f2b8b-3e68-4237-aeaf-f849ffbe69fb,1.00000000,10.46000000,0.00,filled,filled,,market,sell,gfd,immediate,,,1.00000000,,2020-09-03T17:06:45.321556Z,2020-09-03T17:06:46.037955Z,2020-09-03T17:06:45.594000Z,"[{'price': '10.46260000', 'quantity': '1.00000000', 'rounded_notional': None, 'settlement_date': '2020-09-08', 'timestamp': '2020-09-03T17:06:45.594000Z', 'id': '4b7b6fea-5a1e-4429-99f4-b869d25c4ced', 'ipo_access_execution_rank': None, 'trade_execution_date': None}]",False,regular_hours,False,False,,,,,,,,,"{'amount': '10.46', 'currency_code': 'USD', 'currency_id': '1072fc76-1862-41ab-82c2-485837590762'}",,False,,,,,,False,True,False,True,0,,,2.0,user,False,,order_finalized,,
02510977-d209-47d9-85fb-fcdfb3539b60,,https://api.robinhood.com/orders/02510977-d209-47d9-85fb-fcdfb3539b60/,https://api.robinhood.com/accounts/5SE25445/,fa785cc9-e75d-40e1-ad49-9dad4a009457,https://api.robinhood.com/positions/5SE25445/92e85187-3829-472a-a60b-d81d8cd5b8b3/,,https://api.robinhood.com/instruments/92e85187-3829-472a-a60b-d81d8cd5b8b3/,92e85187-3829-472a-a60b-d81d8cd5b8b3,0.11134700,9.43000000,0.00,filled,filled,,market,buy,gtc,immediate,9.39000000,,0.11134700,,2020-09-01T17:14:09.697114Z,2020-09-02T14:12:57.627086Z,2020-09-02T14:12:57.595118Z,"[{'price': '9.43000000', 'quantity': '0.11134700', 'rounded_notional': None, 'settlement_date': '2020-09-04', 'timestamp': '2020-09-02T14:12:57.595118Z', 'id': 'fc17fb81-6e57-4b14-8525-d30fd26ae932', 'ipo_access_execution_rank': None, 'trade_execution_date': None}]",False,regular_hours,False,False,,,,,,"{'amount': '1.05000000', 'currency_code': 'USD', 'currency_id': '1072fc76-1862-41ab-82c2-485837590762'}",a108766f-4164-4e0c-a076-b4096d64c978,"{'amount': '1.05', 'currency_code': 'USD', 'currency_id': '1072fc76-1862-41ab-82c2-485837590762'}","{'amount': '1.05', 'currency_code': 'USD', 'currency_id': '1072fc76-1862-41ab-82c2-485837590762'}",,False,,,,,,False,True,False,True,0,,,1.0,drip,False,,order_finalized,,
7548cacf-95e7-494b-8162-18daaa56fa43,,https://api.robinhood.com/orders/7548cacf-95e7-494b-8162-18daaa56fa43/,https://api.robinhood.com/accounts/5SE25445/,fa785cc9-e75d-40e1-ad49-9dad4a009457,https://api.robinhood.com/positions/5SE25445/b003dff4-7071-46ae-9a8d-6e4b4222edf0/,,https://api.robinhood.com/instruments/b003dff4-7071-46ae-9a8d-6e4b4222edf0/,b003dff4-7071-46ae-9a8d-6e4b4222edf0,0.33012400,5.08900000,0.00,filled,filled,,market,buy,gtc,immediate,5.10000000,,0.33012400,,2020-08-28T01:57:17.831061Z,2020-08-28T13:54:28.685097Z,2020-08-28T13:54:28.662758Z,"[{'price': '5.08900000', 'quantity': '0.33012400', 'rounded_notional': None, 'settlement_date': '2020-09-01', 'timestamp': '2020-08-28T13:54:28.662758Z', 'id': 'be34a8c1-3abd-4506-b5ea-581219f559ce', 'ipo_access_execution_rank': None, 'trade_execution_date': None}]",False,regular_hours,False,False,,,,,,"{'amount': '1.68000000', 'currency_code': 'USD', 'currency_id': '1072fc76-1862-41ab-82c2-485837590762'}",c4a1078a-e661-4f81-9517-18108e56ec1d,"{'amount': '1.68', 'currency_code': 'USD', 'currency_id': '1072fc76-1862-41ab-82c2-485837590762'}","{'amount': '1.68', 'currency_code': 'USD', 'currency_id': '1072fc76-1862-41ab-82c2-485837590762'}",,False,,,,,,False,True,False,True,0,,,1.0,drip,False,,order_finalized,,
76763e63-6c8c-459d-a82c-f03a599504ea,92A57C1C-9541-4FB3-8F82-1F1830B34D1E,https://api.robinhood.com/orders/76763e63-6c8c-459d-a82c-f03a599504ea/,https://api.robinhood.com/accounts/5SE25445/,fa785cc9-e75d-40e1-ad49-9dad4a009457,https://api.robinhood.com/positions/5SE25445/450dfc6d-5510-4d40-abfb-f633b7d9be3e/,,https://api.robinhood.com/instruments/450dfc6d-5510-4d40-abfb-f633b7d9be3e/,450dfc6d-5510-4d40-abfb-f633b7d9be3e,0.50886200,463.78000000,0.00,filled,filled,,market,buy,gfd,immediate,486.90000000,,0.50886200,,2020-08-17T13:31:39.224868Z,2020-08-17T13:31:54.500640Z,2020-08-17T13:31:40.088061Z,"[{'price': '463.77990000', 'quantity': '0.50886200', 'rounded_notional': None, 'settlement_date': '2020-08-19', 'timestamp': '2020-08-17T13:31:39.607000Z', 'id': 'c1d62aff-4ac9-42f5-9dd4-b4485089a008', 'ipo_access_execution_rank': None, 'trade_execution_date': None}]",False,regular_hours,False,False,,,,,,"{'amount': '236.00000000', 'currency_code': 'USD', 'currency_id': '1072fc76-1862-41ab-82c2-485837590762'}",,"{'amount': '236.00', 'currency_code': 'USD', 'currency_id': '1072fc76-1862-41ab-82c2-485837590762'}","{'amount': '236.00', 'currency_code': 'USD', 'currency_id': '1072fc76-1862-41ab-82c2-485837590762'}",,False,,,,,,False,True,False,True,0,,,2.0,user,False,,order_finalized,,
9543b6d7-7d0f-4fcc-ba7d-af4ba8153c3b,201FD873-26F9-49E1-A71F-9EB1B9B63D0D,https://api.robinhood.com/orders/9543b6d7-7d0f-4fcc-ba7d-af4ba8153c3b/,https://api.robinhood.com/accounts/5SE25445/,fa785cc9-e75d-40e1-ad49-9dad4a009457,https://api.robinhood.com/positions/5SE25445/f14f2b8b-3e68-4237-aeaf-f849ffbe69fb/,,https://api.robinhood.com/instruments/f14f2b8b-3e68-4237-aeaf-f849ffbe69fb/,f14f2b8b-3e68-4237-aeaf-f849ffbe69fb,1.00000000,13.89000000,0.00,filled,filled,,market,buy,gfd,immediate,14.58000000,,1.00000000,,2020-08-03T18:50:37.296534Z,2020-08-03T18:50:37.903209Z,2020-08-03T18:50:37.506000Z,"[{'price': '13.88500000', 'quantity': '1.00000000', 'rounded_notional': None, 'settlement_date': '2020-08-05', 'timestamp': '2020-08-03T18:50:37.506000Z', 'id': '9e1b9c36-a899-475d-a883-8364a623441a', 'ipo_access_execution_rank': None, 'trade_execution_date': None}]",False,regular_hours,False,False,,,,,,,,"{'amount': '14.58', 'currency_code': 'USD', 'currency_id': '1072fc76-1862-41ab-82c2-485837590762'}","{'amount': '13.89', 'currency_code': 'USD', 'currency_id': '1072fc76-1862-41ab-82c2-485837590762'}",,False,,,,,,False,True,False,True,0,,,2.0,user,False,,order_finalized,,
00aa0933-cdfb-4660-8218-4432eb551f00,8A8D03D1-E56C-4D69-8D30-EF03650B3AFD,https://api.robinhood.com/orders/00aa0933-cdfb-4660-8218-4432eb551f00/,https://api.robinhood.com/accounts/5SE25445/,fa785cc9-e75d-40e1-ad49-9dad4a009457,https://api.robinhood.com/positions/5SE25445/943c5009-a0bb-4665-8cf4-a95dab5874e4/,,https://api.robinhood.com/instruments/943c5009-a0bb-4665-8cf4-a95dab5874e4/,943c5009-a0bb-4665-8cf4-a95dab5874e4,0.06813100,1467.76060000,0.00,filled,filled,,market,buy,gfd,immediate,1541.23000000,,0.06813100,,2020-08-03T16:24:13.912204Z,2020-08-03T16:24:15.195728Z,2020-08-03T16:24:14.065554Z,"[{'price': '1467.74500000', 'quantity': '0.06813100', 'rounded_notional': None, 'settlement_date': '2020-08-05', 'timestamp': '2020-08-03T16:24:14.065550Z', 'id': 'e2e13d8b-4bd1-4097-8f01-4c32f3b1ee4f', 'ipo_access_execution_rank': None, 'trade_execution_date': None}]",False,regular_hours,False,False,,,,,,"{'amount': '100.00000000', 'currency_code': 'USD', 'currency_id': '1072fc76-1862-41ab-82c2-485837590762'}",,"{'amount': '100.00', 'currency_code': 'USD', 'currency_id': '1072fc76-1862-41ab-82c2-485837590762'}","{'amount': '100.00', 'currency_code': 'USD', 'currency_id': '1072fc76-1862-41ab-82c2-485837590762'}",,False,,,,,,False,True,False,True,0,,,1.0,user,False,,order_finalized,,
8adbe896-a503-4a33-a2f0-ef91e9d6c0d3,5BAABD82-1850-4404-AFB8-9103B2B9CCDA,https://api.robinhood.com/orders/8adbe896-a503-4a33-a2f0-ef91e9d6c0d3/,https://api.robinhood.com/accounts/5SE25445/,fa785cc9-e75d-40e1-ad49-9dad4a009457,https://api.robinhood.com/positions/5SE25445/c0bb3aec-bd1e-471e-a4f0-ca011cbec711/,,https://api.robinhood.com/instruments/c0bb3aec-bd1e-471e-a4f0-ca011cbec711/,c0bb3aec-bd1e-471e-a4f0-ca011cbec711,0.02309900,3134.33480000,0.00,filled,filled,,market,buy,gfd,immediate,3291.35000000,,0.02309900,,2020-08-03T16:22:59.372700Z,2020-08-03T16:23:00.798457Z,2020-08-03T16:22:59.664313Z,"[{'price': '3134.30500000', 'quantity': '0.02309900', 'rounded_notional': None, 'settlement_date': '2020-08-05', 'timestamp': '2020-08-03T16:22:59.664310Z', 'id': 'db3c596b-c00b-4f60-8818-717f3c4a524e', 'ipo_access_execution_rank': None, 'trade_execution_date': None}]",False,regular_hours,False,False,,,,,,"{'amount': '72.40000000', 'currency_code': 'USD', 'currency_id': '1072fc76-1862-41ab-82c2-485837590762'}",,"{'amount': '72.40', 'currency_code': 'USD', 'currency_id': '1072fc76-1862-41ab-82c2-485837590762'}","{'amount': '72.40', 'currency_code': 'USD', 'currency_id': '1072fc76-1862-41ab-82c2-485837590762'}",,False,,,,,,False,True,False,True,0,,,1.0,user,False,,order_finalized,,
295d0cca-2662-45e1-8d3e-59405c492f71,4D60167A-9B36-47E6-A44E-3A6F296CC86D,https://api.robinhood.com/orders/295d0cca-2662-45e1-8d3e-59405c492f71/,https://api.robinhood.com/accounts/5SE25445/,fa785cc9-e75d-40e1-ad49-9dad4a009457,https://api.robinhood.com/positions/5SE25445/ef99a2c4-adb2-4163-a2df-2d5722cc75b7/,,https://api.robinhood.com/instruments/ef99a2c4-adb2-4163-a2df-2d5722cc75b7/,ef99a2c4-adb2-4163-a2df-2d5722cc75b7,10.00000000,9.06200000,0.00,filled,filled,,market,sell,gfd,immediate,,,10.00000000,,2020-08-03T16:09:27.848329Z,2020-08-03T16:09:28.654176Z,2020-08-03T16:09:28.163000Z,"[{'price': '9.06240000', 'quantity': '10.00000000', 'rounded_notional': None, 'settlement_date': '2020-08-05', 'timestamp': '2020-08-03T16:09:28.163000Z', 'id': '63c2cc8e-2e00-48c7-81b5-6d78e9b0407b', 'ipo_access_execution_rank': None, 'trade_execution_date': None}]",False,regular_hours,False,False,,,,,,,,,"{'amount': '90.62', 'currency_code': 'USD', 'currency_id': '1072fc76-1862-41ab-82c2-485837590762'}",,False,,,,,,False,True,False,True,0,,,2.0,user,False,,order_finalized,,
23816d68-5174-45b9-a50b-1c6f08ba2c6a,E1AF080D-6A15-4EA7-90BA-197859E4F033,https://api.robinhood.com/orders/23816d68-5174-45b9-a50b-1c6f08ba2c6a/,https://api.robinhood.com/accounts/5SE25445/,fa785cc9-e75d-40e1-ad49-9dad4a009457,https://api.robinhood.com/positions/5SE25445/0dd811b3-7047-448d-96e0-7bf6ee4cfe45/,,https://api.robinhood.com/instruments/0dd811b3-7047-448d-96e0-7bf6ee4cfe45/,0dd811b3-7047-448d-96e0-7bf6ee4cfe45,3.00000000,24.67670000,0.00,filled,filled,,limit,buy,gfd,immediate,24.70000000,,3.00000000,,2020-07-30T13:37:37.942960Z,2020-07-30T13:37:38.665886Z,2020-07-30T13:37:38.237000Z,"[{'price': '24.67500000', 'quantity': '3.00000000', 'rounded_notional': None, 'settlement_date': '2020-08-03', 'timestamp': '2020-07-30T13:37:38.237000Z', 'id': '88f50a87-73a9-4275-927a-bbadbb276e2d', 'ipo_access_execution_rank': None, 'trade_execution_date': None}]",False,regular_hours,False,False,,,,,,,,"{'amount': '74.10', 'currency_code': 'USD', 'currency_id': '1072fc76-1862-41ab-82c2-485837590762'}","{'amount': '74.03', 'currency_code': 'USD', 'currency_id': '1072fc76-1862-41ab-82c2-485837590762'}",,False,,,,,,False,True,False,True,0,,,2.0,user,False,,order_finalized,,
b6cc0acc-c04c-4ccd-b7a6-edcde13b721c,B45E803F-AF7D-4D3E-9FE1-E45D2BD37A21,https://api.robinhood.com/orders/b6cc0acc-c04c-4ccd-b7a6-edcde13b721c/,https://api.robinhood.com/accounts/5SE25445/,fa785cc9-e75d-40e1-ad49-9dad4a009457,https://api.robinhood.com/positions/5SE25445/92e85187-3829-472a-a60b-d81d8cd5b8b3/,,https://api.robinhood.com/instruments/92e85187-3829-472a-a60b-d81d8cd5b8b3/,92e85187-3829-472a-a60b-d81d8cd5b8b3,10.00000000,9.34500000,0.00,filled,filled,,market,buy,gfd,immediate,9.81000000,,10.00000000,,2020-07-29T15:54:40.162418Z,2020-07-29T15:54:40.744143Z,2020-07-29T15:54:40.309000Z,"[{'price': '9.34500000', 'quantity': '10.00000000', 'rounded_notional': None, 'settlement_date': '2020-07-31', 'timestamp': '2020-07-29T15:54:40.309000Z', 'id': '4e2c5c63-f689-4a5b-820f-8675a4151e2b', 'ipo_access_execution_rank': None, 'trade_execution_date': None}]",False,regular_hours,False,False,,,,,,,,"{'amount': '98.10', 'currency_code': 'USD', 'currency_id': '1072fc76-1862-41ab-82c2-485837590762'}","{'amount': '93.45', 'currency_code': 'USD', 'currency_id': '1072fc76-1862-41ab-82c2-485837590762'}",,False,,,,,,False,True,False,True,0,,,2.0,user,False,,order_finalized,,
eca8c9c4-faf8-41ce-8278-d60b09817f5e,F6EFFD6B-B0F9-4FB8-8FB7-26355663FF5D,https://api.robinhood.com/orders/eca8c9c4-faf8-41ce-8278-d60b09817f5e/,https://api.robinhood.com/accounts/5SE25445/,fa785cc9-e75d-40e1-ad49-9dad4a009457,https://api.robinhood.com/positions/5SE25445/24d7c10d-ae7d-4f7c-b031-12b2cfb53424/,,https://api.robinhood.com/instruments/24d7c10d-ae7d-4f7c-b031-12b2cfb53424/,24d7c10d-ae7d-4f7c-b031-12b2cfb53424,0.00000000,,0.00,cancelled,cancelled,,market,sell,gtc,stop,,65.91000000,17.00000000,,2020-07-27T16:45:31.043964Z,2020-07-28T16:01:32.491750Z,2020-07-28T16:01:32.008000Z,[],False,regular_hours,False,False,,,"{'amount': '66.87000000', 'currency_code': 'USD', 'currency_id': '1072fc76-1862-41ab-82c2-485837590762'}",2020-07-28T16:01:32.008000Z,,,,,,,False,user,,,,,False,True,False,True,0,,,6.0,user,False,,order_finalized,,"{'type': 'percentage', 'percentage': 8}"
50f56ad9-cee4-410c-884a-a15d2d356f89,93E9A808-D3E2-473E-8B00-2509D89ACFAE,https://api.robinhood.com/orders/50f56ad9-cee4-410c-884a-a15d2d356f89/,https://api.robinhood.com/accounts/5SE25445/,fa785cc9-e75d-40e1-ad49-9dad4a009457,https://api.robinhood.com/positions/5SE25445/24d7c10d-ae7d-4f7c-b031-12b2cfb53424/,,https://api.robinhood.com/instruments/24d7c10d-ae7d-4f7c-b031-12b2cfb53424/,24d7c10d-ae7d-4f7c-b031-12b2cfb53424,7.00000000,71.76860000,0.00,filled,filled,,limit,buy,gfd,immediate,73.79000000,,7.00000000,,2020-07-27T16:43:26.514463Z,2020-07-27T16:43:27.243389Z,2020-07-27T16:43:26.752000Z,"[{'price': '71.76910000', 'quantity': '7.00000000', 'rounded_notional': None, 'settlement_date': '2020-07-29', 'timestamp': '2020-07-27T16:43:26.752000Z', 'id': '576f4b74-810a-4115-9e2e-fd22542095bf', 'ipo_access_execution_rank': None, 'trade_execution_date': None}]",False,regular_hours,False,False,,,,,,,,"{'amount': '516.53', 'currency_code': 'USD', 'currency_id': '1072fc76-1862-41ab-82c2-485837590762'}","{'amount': '502.38', 'currency_code': 'USD', 'currency_id': '1072fc76-1862-41ab-82c2-485837590762'}",,False,,,,,,False,True,False,True,0,,,2.0,user,False,,order_finalized,,
018a7c15-9835-4103-ac02-c12262011ae2,D9764391-3BCE-4E2F-9F74-07C84C1A8A10,https://api.robinhood.com/orders/018a7c15-9835-4103-ac02-c12262011ae2/,https://api.robinhood.com/accounts/5SE25445/,fa785cc9-e75d-40e1-ad49-9dad4a009457,https://api.robinhood.com/positions/5SE25445/24d7c10d-ae7d-4f7c-b031-12b2cfb53424/,,https://api.robinhood.com/instruments/24d7c10d-ae7d-4f7c-b031-12b2cfb53424/,24d7c10d-ae7d-4f7c-b031-12b2cfb53424,10.00000000,71.78700000,0.00,filled,filled,,market,buy,gfd,immediate,75.37000000,,10.00000000,,2020-07-27T16:42:29.978390Z,2020-07-27T16:42:30.677141Z,2020-07-27T16:42:30.228000Z,"[{'price': '71.78710000', 'quantity': '10.00000000', 'rounded_notional': None, 'settlement_date': '2020-07-29', 'timestamp': '2020-07-27T16:42:30.224000Z', 'id': '1bf4d34a-fbf1-4591-843a-e773d20f3722', 'ipo_access_execution_rank': None, 'trade_execution_date': None}]",False,regular_hours,False,False,,,,,,,,"{'amount': '753.70', 'currency_code': 'USD', 'currency_id': '1072fc76-1862-41ab-82c2-485837590762'}","{'amount': '717.87', 'currency_code': 'USD', 'currency_id': '1072fc76-1862-41ab-82c2-485837590762'}",,False,,,,,,False,True,False,True,0,,,2.0,user,False,,order_finalized,,
0ecc5bbb-50b0-4e91-b211-86ef8e938c2d,D0FD80D4-E66A-43CD-9EEC-BB5BBE8A8304,https://api.robinhood.com/orders/0ecc5bbb-50b0-4e91-b211-86ef8e938c2d/,https://api.robinhood.com/accounts/5SE25445/,fa785cc9-e75d-40e1-ad49-9dad4a009457,https://api.robinhood.com/positions/5SE25445/6df56bd0-0bf2-44ab-8875-f94fd8526942/,,https://api.robinhood.com/instruments/6df56bd0-0bf2-44ab-8875-f94fd8526942/,6df56bd0-0bf2-44ab-8875-f94fd8526942,24.00000000,6.88670000,0.00,filled,filled,,market,buy,gfd,immediate,7.22000000,,24.00000000,,2020-07-27T16:41:05.145493Z,2020-07-27T16:41:05.760131Z,2020-07-27T16:41:05.302000Z,"[{'price': '6.88680000', 'quantity': '24.00000000', 'rounded_notional': None, 'settlement_date': '2020-07-29', 'timestamp': '2020-07-27T16:41:05.302000Z', 'id': '0408d26e-812a-4cc1-877f-e8bf0cce7191', 'ipo_access_execution_rank': None, 'trade_execution_date': None}]",False,regular_hours,False,False,,,,,,,,"{'amount': '173.28', 'currency_code': 'USD', 'currency_id': '1072fc76-1862-41ab-82c2-485837590762'}","{'amount': '165.28', 'currency_code': 'USD', 'currency_id': '1072fc76-1862-41ab-82c2-485837590762'}",,False,,,,,,False,True,False,True,0,,,2.0,user,False,,order_finalized,,
d1d381fa-59e2-469d-b768-1d996fa4fd42,D3B2C319-C9A8-42E7-9E01-927B7597998F,https://api.robinhood.com/orders/d1d381fa-59e2-469d-b768-1d996fa4fd42/,https://api.robinhood.com/accounts/5SE25445/,fa785cc9-e75d-40e1-ad49-9dad4a009457,https://api.robinhood.com/positions/5SE25445/92e85187-3829-472a-a60b-d81d8cd5b8b3/,,https://api.robinhood.com/instruments/92e85187-3829-472a-a60b-d81d8cd5b8b3/,92e85187-3829-472a-a60b-d81d8cd5b8b3,5.00000000,10.09000000,0.00,filled,filled,,market,buy,gfd,immediate,10.58000000,,5.00000000,,2020-07-27T16:39:15.027757Z,2020-07-27T16:39:15.815207Z,2020-07-27T16:39:15.172000Z,"[{'price': '10.08930000', 'quantity': '5.00000000', 'rounded_notional': None, 'settlement_date': '2020-07-29', 'timestamp': '2020-07-27T16:39:15.172000Z', 'id': '3cc84c77-9de8-45a4-8428-f88e75b43d97', 'ipo_access_execution_rank': None, 'trade_execution_date': None}]",False,regular_hours,False,False,,,,,,,,"{'amount': '52.90', 'currency_code': 'USD', 'currency_id': '1072fc76-1862-41ab-82c2-485837590762'}","{'amount': '50.45', 'currency_code': 'USD', 'currency_id': '1072fc76-1862-41ab-82c2-485837590762'}",,False,,,,,,False,True,False,True,0,,,2.0,user,False,,order_finalized,,
98c103a5-7d21-4f68-a0a1-53ece108cd08,986B110B-664D-44DB-8930-286D40F9DBB4,https://api.robinhood.com/orders/98c103a5-7d21-4f68-a0a1-53ece108cd08/,https://api.robinhood.com/accounts/5SE25445/,fa785cc9-e75d-40e1-ad49-9dad4a009457,https://api.robinhood.com/positions/5SE25445/b003dff4-7071-46ae-9a8d-6e4b4222edf0/,,https://api.robinhood.com/instruments/b003dff4-7071-46ae-9a8d-6e4b4222edf0/,b003dff4-7071-46ae-9a8d-6e4b4222edf0,28.00000000,4.93500000,0.00,filled,filled,,market,buy,gfd,immediate,5.17000000,,28.00000000,,2020-07-27T16:38:40.417286Z,2020-07-27T16:38:40.978445Z,2020-07-27T16:38:40.561000Z,"[{'price': '4.93500000', 'quantity': '28.00000000', 'rounded_notional': None, 'settlement_date': '2020-07-29', 'timestamp': '2020-07-27T16:38:40.561000Z', 'id': '6921a8c5-507c-4135-8555-31004e68dcd9', 'ipo_access_execution_rank': None, 'trade_execution_date': None}]",False,regular_hours,False,False,,,,,,,,"{'amount': '144.76', 'currency_code': 'USD', 'currency_id': '1072fc76-1862-41ab-82c2-485837590762'}","{'amount': '138.18', 'currency_code': 'USD', 'currency_id': '1072fc76-1862-41ab-82c2-485837590762'}",,False,,,,,,False,True,False,True,0,,,2.0,user,False,,order_finalized,,
2e7e5e7e-3d9c-4d22-bb4f-aa25b9cb613d,D99B0695-8137-4288-8A79-B8C9A08A61A4,https://api.robinhood.com/orders/2e7e5e7e-3d9c-4d22-bb4f-aa25b9cb613d/,https://api.robinhood.com/accounts/5SE25445/,fa785cc9-e75d-40e1-ad49-9dad4a009457,https://api.robinhood.com/positions/5SE25445/b70b8c5f-34c7-4f2b-b13f-f9a957869995/,,https://api.robinhood.com/instruments/b70b8c5f-34c7-4f2b-b13f-f9a957869995/,b70b8c5f-34c7-4f2b-b13f-f9a957869995,1.00000000,33.96000000,0.00,filled,filled,,market,buy,gfd,immediate,35.67000000,,1.00000000,,2020-07-27T16:37:49.129124Z,2020-07-27T16:37:49.723091Z,2020-07-27T16:37:49.276000Z,"[{'price': '33.95740000', 'quantity': '1.00000000', 'rounded_notional': None, 'settlement_date': '2020-07-29', 'timestamp': '2020-07-27T16:37:49.276000Z', 'id': '7f13ceda-95b5-4b06-a123-4dd671b1a69a', 'ipo_access_execution_rank': None, 'trade_execution_date': None}]",False,regular_hours,False,False,,,,,,,,"{'amount': '35.67', 'currency_code': 'USD', 'currency_id': '1072fc76-1862-41ab-82c2-485837590762'}","{'amount': '33.96', 'currency_code': 'USD', 'currency_id': '1072fc76-1862-41ab-82c2-485837590762'}",,False,,,,,,False,True,False,True,0,,,2.0,user,False,,order_finalized,,
f289ba09-2aac-4423-9949-244c3038a8ae,B2C17F13-567E-4C4C-955F-D3D0C4C145E2,https://api.robinhood.com/orders/f289ba09-2aac-4423-9949-244c3038a8ae/,https://api.robinhood.com/accounts/5SE25445/,fa785cc9-e75d-40e1-ad49-9dad4a009457,https://api.robinhood.com/positions/5SE25445/940fc3f5-1db5-4fed-b452-f3a2e4562b5f/,,https://api.robinhood.com/instruments/940fc3f5-1db5-4fed-b452-f3a2e4562b5f/,940fc3f5-1db5-4fed-b452-f3a2e4562b5f,2.00000000,69.02000000,0.00,filled,filled,,market,buy,gfd,immediate,72.43000000,,2.00000000,,2020-07-27T16:35:48.198299Z,2020-07-27T16:35:48.843579Z,2020-07-27T16:35:48.353000Z,"[{'price': '69.02000000', 'quantity': '2.00000000', 'rounded_notional': None, 'settlement_date': '2020-07-29', 'timestamp': '2020-07-27T16:35:48.353000Z', 'id': 'beb47e9a-5309-46dd-9617-e7b3fe021727', 'ipo_access_execution_rank': None, 'trade_execution_date': None}]",False,regular_hours,False,False,,,,,,,,"{'amount': '144.86', 'currency_code': 'USD', 'currency_id': '1072fc76-1862-41ab-82c2-485837590762'}","{'amount': '138.04', 'currency_code': 'USD', 'currency_id': '1072fc76-1862-41ab-82c2-485837590762'}",,False,,,,,,False,True,False,True,0,,,2.0,user,False,,order_finalized,,
a3135369-f79f-4b3c-86bd-145f9dfdd5a6,9622A54F-2BAB-462D-8D01-8FC66FC95CF5,https://api.robinhood.com/orders/a3135369-f79f-4b3c-86bd-145f9dfdd5a6/,https://api.robinhood.com/accounts/5SE25445/,fa785cc9-e75d-40e1-ad49-9dad4a009457,https://api.robinhood.com/positions/5SE25445/ef99a2c4-adb2-4163-a2df-2d5722cc75b7/,,https://api.robinhood.com/instruments/ef99a2c4-adb2-4163-a2df-2d5722cc75b7/,ef99a2c4-adb2-4163-a2df-2d5722cc75b7,10.00000000,8.35700000,0.00,filled,filled,,market,buy,gfd,immediate,8.76000000,,10.00000000,,2020-07-27T16:35:09.252068Z,2020-07-27T16:35:09.826646Z,2020-07-27T16:35:09.406000Z,"[{'price': '8.35710000', 'quantity': '10.00000000', 'rounded_notional': None, 'settlement_date': '2020-07-29', 'timestamp': '2020-07-27T16:35:09.406000Z', 'id': 'f1a94fbe-3284-4c9e-b348-d34da5d7f6a6', 'ipo_access_execution_rank': None, 'trade_execution_date': None}]",False,regular_hours,False,False,,,,,,,,"{'amount': '87.60', 'currency_code': 'USD', 'currency_id': '1072fc76-1862-41ab-82c2-485837590762'}","{'amount': '83.57', 'currency_code': 'USD', 'currency_id': '1072fc76-1862-41ab-82c2-485837590762'}",,False,,,,,,False,True,False,True,0,,,2.0,user,False,,order_finalized,,
f25326b7-9b17-44cb-b913-9d66d222e768,20545ACE-92DA-4942-999F-25DCECE18F2A,https://api.robinhood.com/orders/f25326b7-9b17-44cb-b913-9d66d222e768/,https://api.robinhood.com/accounts/5SE25445/,fa785cc9-e75d-40e1-ad49-9dad4a009457,https://api.robinhood.com/positions/5SE25445/a7e8f920-6986-4336-83d3-84f94f0bdb7a/,,https://api.robinhood.com/instruments/a7e8f920-6986-4336-83d3-84f94f0bdb7a/,a7e8f920-6986-4336-83d3-84f94f0bdb7a,1.00000000,5.86000000,0.00,filled,filled,,market,sell,gfd,immediate,,,1.00000000,,2020-07-27T16:34:29.319652Z,2020-07-27T16:34:30.115524Z,2020-07-27T16:34:29.642000Z,"[{'price': '5.85500000', 'quantity': '1.00000000', 'rounded_notional': None, 'settlement_date': '2020-07-29', 'timestamp': '2020-07-27T16:34:29.642000Z', 'id': 'ed079cbf-edfb-4376-9075-a4486a24b34a', 'ipo_access_execution_rank': None, 'trade_execution_date': None}]",False,regular_hours,False,False,,,,,,,,,"{'amount': '5.86', 'currency_code': 'USD', 'currency_id': '1072fc76-1862-41ab-82c2-485837590762'}",,False,,,,,,False,True,False,True,0,,,2.0,user,False,,order_finalized,,
a6f9e6b8-ea98-4182-b81c-97d6d4c123ac,743147B9-2AFA-41C7-8DA6-99ADA8E1E66A,https://api.robinhood.com/orders/a6f9e6b8-ea98-4182-b81c-97d6d4c123ac/,https://api.robinhood.com/accounts/5SE25445/,fa785cc9-e75d-40e1-ad49-9dad4a009457,https://api.robinhood.com/positions/5SE25445/f3acdd2f-6580-4c75-a69c-81481cc4c235/,,https://api.robinhood.com/instruments/f3acdd2f-6580-4c75-a69c-81481cc4c235/,f3acdd2f-6580-4c75-a69c-81481cc4c235,1.00000000,123.13000000,0.00,filled,filled,,market,buy,gfd,immediate,129.23000000,,1.00000000,,2020-07-27T16:34:01.769232Z,2020-07-27T16:34:02.385721Z,2020-07-27T16:34:01.912000Z,"[{'price': '123.13350000', 'quantity': '1.00000000', 'rounded_notional': None, 'settlement_date': '2020-07-29', 'timestamp': '2020-07-27T16:34:01.912000Z', 'id': '42ac74ac-bca7-40e5-bc6c-acc9a9c2b9b1', 'ipo_access_execution_rank': None, 'trade_execution_date': None}]",False,regular_hours,False,False,,,,,,,,"{'amount': '129.23', 'currency_code': 'USD', 'currency_id': '1072fc76-1862-41ab-82c2-485837590762'}","{'amount': '123.13', 'currency_code': 'USD', 'currency_id': '1072fc76-1862-41ab-82c2-485837590762'}",,False,,,,,,False,True,False,True,0,,,2.0,user,False,,order_finalized,,
411bd153-23cb-4831-a698-a19b484f1de8,88610ECA-1622-4498-BBD7-DEDC940B1D40,https://api.robinhood.com/orders/411bd153-23cb-4831-a698-a19b484f1de8/,https://api.robinhood.com/accounts/5SE25445/,fa785cc9-e75d-40e1-ad49-9dad4a009457,https://api.robinhood.com/positions/5SE25445/0dd811b3-7047-448d-96e0-7bf6ee4cfe45/,,https://api.robinhood.com/instruments/0dd811b3-7047-448d-96e0-7bf6ee4cfe45/,0dd811b3-7047-448d-96e0-7bf6ee4cfe45,5.00000000,24.15000000,0.00,filled,filled,,market,buy,gfd,immediate,25.34000000,,5.00000000,,2020-07-27T16:33:34.256758Z,2020-07-27T16:33:34.816935Z,2020-07-27T16:33:34.389000Z,"[{'price': '24.15000000', 'quantity': '5.00000000', 'rounded_notional': None, 'settlement_date': '2020-07-29', 'timestamp': '2020-07-27T16:33:34.389000Z', 'id': '9e2bcfcb-36dd-4547-83f6-16787b27e82a', 'ipo_access_execution_rank': None, 'trade_execution_date': None}]",False,regular_hours,False,False,,,,,,,,"{'amount': '126.70', 'currency_code': 'USD', 'currency_id': '1072fc76-1862-41ab-82c2-485837590762'}","{'amount': '120.75', 'currency_code': 'USD', 'currency_id': '1072fc76-1862-41ab-82c2-485837590762'}",,False,,,,,,False,True,False,True,0,,,2.0,user,False,,order_finalized,,
98d63dc9-a458-4e7d-a40c-392cc75c8453,6A09051D-1002-4BDF-A9FF-C746764D649B,https://api.robinhood.com/orders/98d63dc9-a458-4e7d-a40c-392cc75c8453/,https://api.robinhood.com/accounts/5SE25445/,fa785cc9-e75d-40e1-ad49-9dad4a009457,https://api.robinhood.com/positions/5SE25445/7f434ac7-acef-4e92-a011-da1ac3f316dd/,,https://api.robinhood.com/instruments/7f434ac7-acef-4e92-a011-da1ac3f316dd/,7f434ac7-acef-4e92-a011-da1ac3f316dd,27.00000000,6.68000000,0.00,filled,filled,,market,sell,gfd,immediate,,,27.00000000,,2020-07-24T12:33:03.825528Z,2020-07-24T13:38:07.549672Z,2020-07-24T13:30:00.555000Z,"[{'price': '6.68000000', 'quantity': '27.00000000', 'rounded_notional': None, 'settlement_date': '2020-07-28', 'timestamp': '2020-07-24T13:30:00.555000Z', 'id': '892c9dd0-53ad-4d05-8c50-acd5dc13e577', 'ipo_access_execution_rank': None, 'trade_execution_date': None}]",False,regular_hours,False,False,,,,,,,,,"{'amount': '180.36', 'currency_code': 'USD', 'currency_id': '1072fc76-1862-41ab-82c2-485837590762'}",,False,,,,,,False,True,False,True,0,,,2.0,user,False,,order_finalized,,
5aa09085-d42d-42b9-bc75-122ceb542e1b,764b65ce-6f8c-438d-939f-9e63f146fce8,https://api.robinhood.com/orders/5aa09085-d42d-42b9-bc75-122ceb542e1b/,https://api.robinhood.com/accounts/5SE25445/,fa785cc9-e75d-40e1-ad49-9dad4a009457,https://api.robinhood.com/positions/5SE25445/7f434ac7-acef-4e92-a011-da1ac3f316dd/,,https://api.robinhood.com/instruments/7f434ac7-acef-4e92-a011-da1ac3f316dd/,7f434ac7-acef-4e92-a011-da1ac3f316dd,11.00000000,5.96910000,0.00,filled,filled,,limit,buy,gfd,immediate,5.98000000,,11.00000000,,2020-07-20T13:48:00.454244Z,2020-07-20T13:48:01.643552Z,2020-07-20T13:48:01.129000Z,"[{'price': '5.96900000', 'quantity': '11.00000000', 'rounded_notional': None, 'settlement_date': '2020-07-22', 'timestamp': '2020-07-20T13:48:01.129000Z', 'id': 'c3ef0bc3-6da7-4b68-810d-dd65209765db', 'ipo_access_execution_rank': None, 'trade_execution_date': None}]",True,extended_hours,False,False,,,,,,,,"{'amount': '65.78', 'currency_code': 'USD', 'currency_id': '1072fc76-1862-41ab-82c2-485837590762'}","{'amount': '65.66', 'currency_code': 'USD', 'currency_id': '1072fc76-1862-41ab-82c2-485837590762'}",,False,,,,,,False,True,False,True,0,,,2.0,user,False,,order_finalized,,
40931ca0-fe74-4dd3-afb8-a649a45de613,4FD5B1EF-58F4-4EF3-929F-5E1E9430DC8F,https://api.robinhood.com/orders/40931ca0-fe74-4dd3-afb8-a649a45de613/,https://api.robinhood.com/accounts/5SE25445/,fa785cc9-e75d-40e1-ad49-9dad4a009457,https://api.robinhood.com/positions/5SE25445/7f434ac7-acef-4e92-a011-da1ac3f316dd/,,https://api.robinhood.com/instruments/7f434ac7-acef-4e92-a011-da1ac3f316dd/,7f434ac7-acef-4e92-a011-da1ac3f316dd,16.00000000,5.50000000,0.00,filled,filled,,limit,buy,gtc,immediate,5.50000000,,16.00000000,,2020-07-14T18:10:06.546196Z,2020-07-15T15:26:00.374432Z,2020-07-15T15:25:59.946000Z,"[{'price': '5.50000000', 'quantity': '16.00000000', 'rounded_notional': None, 'settlement_date': '2020-07-17', 'timestamp': '2020-07-15T15:25:59.946000Z', 'id': '26e68899-6011-4483-a78e-07f48b70a3d7', 'ipo_access_execution_rank': None, 'trade_execution_date': None}]",False,regular_hours,False,False,,,,,,,,"{'amount': '88.00', 'currency_code': 'USD', 'currency_id': '1072fc76-1862-41ab-82c2-485837590762'}","{'amount': '88.00', 'currency_code': 'USD', 'currency_id': '1072fc76-1862-41ab-82c2-485837590762'}",,False,,,,,,False,True,False,True,0,,,5.0,user,False,,order_finalized,,
cc8c1abf-37f5-450a-a051-b7290d511e6f,4ACB24A7-F496-4A4D-8A0C-FF994098F054,https://api.robinhood.com/orders/cc8c1abf-37f5-450a-a051-b7290d511e6f/,https://api.robinhood.com/accounts/5SE25445/,fa785cc9-e75d-40e1-ad49-9dad4a009457,https://api.robinhood.com/positions/5SE25445/7f434ac7-acef-4e92-a011-da1ac3f316dd/,,https://api.robinhood.com/instruments/7f434ac7-acef-4e92-a011-da1ac3f316dd/,7f434ac7-acef-4e92-a011-da1ac3f316dd,20.00000000,6.93000000,0.00,filled,filled,,market,sell,gfd,immediate,,,20.00000000,,2020-07-06T23:19:08.354198Z,2020-07-07T13:38:58.416501Z,2020-07-07T13:30:01.816000Z,"[{'price': '6.93000000', 'quantity': '20.00000000', 'rounded_notional': None, 'settlement_date': '2020-07-09', 'timestamp': '2020-07-07T13:30:01.816000Z', 'id': 'b30bee3f-588f-487d-9a41-93d6724623b4', 'ipo_access_execution_rank': None, 'trade_execution_date': None}]",False,regular_hours,False,False,,,,,,,,,"{'amount': '138.60', 'currency_code': 'USD', 'currency_id': '1072fc76-1862-41ab-82c2-485837590762'}",,False,,,,,,False,True,False,True,0,,,2.0,user,False,,order_finalized,,
fb1fe852-175d-4eea-89a7-fb7454d0701b,D3D0C90C-34A5-407F-8C9E-80FEA9BBA90D,https://api.robinhood.com/orders/fb1fe852-175d-4eea-89a7-fb7454d0701b/,https://api.robinhood.com/accounts/5SE25445/,fa785cc9-e75d-40e1-ad49-9dad4a009457,https://api.robinhood.com/positions/5SE25445/7f434ac7-acef-4e92-a011-da1ac3f316dd/,,https://api.robinhood.com/instruments/7f434ac7-acef-4e92-a011-da1ac3f316dd/,7f434ac7-acef-4e92-a011-da1ac3f316dd,10.00000000,4.39900000,0.00,filled,filled,,market,buy,gfd,immediate,4.60000000,,10.00000000,,2020-07-01T14:23:04.211539Z,2020-07-01T14:23:04.946706Z,2020-07-01T14:23:04.473000Z,"[{'price': '4.39930000', 'quantity': '10.00000000', 'rounded_notional': None, 'settlement_date': '2020-07-06', 'timestamp': '2020-07-01T14:23:04.473000Z', 'id': '03a008dc-d4a0-40cd-9296-5761d7ad0cc7', 'ipo_access_execution_rank': None, 'trade_execution_date': None}]",False,regular_hours,False,False,,,,,,,,"{'amount': '46.00', 'currency_code': 'USD', 'currency_id': '1072fc76-1862-41ab-82c2-485837590762'}","{'amount': '43.99', 'currency_code': 'USD', 'currency_id': '1072fc76-1862-41ab-82c2-485837590762'}",,False,,,,,,False,True,False,True,0,,,2.0,user,False,,order_finalized,,
50bd925a-7f5d-48e5-b47e-567a845f8acc,6D27DAE6-2333-4E48-B742-813C4EFC3973,https://api.robinhood.com/orders/50bd925a-7f5d-48e5-b47e-567a845f8acc/,https://api.robinhood.com/accounts/5SE25445/,fa785cc9-e75d-40e1-ad49-9dad4a009457,https://api.robinhood.com/positions/5SE25445/7f434ac7-acef-4e92-a011-da1ac3f316dd/,,https://api.robinhood.com/instruments/7f434ac7-acef-4e92-a011-da1ac3f316dd/,7f434ac7-acef-4e92-a011-da1ac3f316dd,10.00000000,4.46000000,0.00,filled,filled,,market,buy,gfd,immediate,4.67000000,,10.00000000,,2020-07-01T14:05:23.992401Z,2020-07-01T14:05:24.564773Z,2020-07-01T14:05:24.118000Z,"[{'price': '4.46000000', 'quantity': '10.00000000', 'rounded_notional': None, 'settlement_date': '2020-07-06', 'timestamp': '2020-07-01T14:05:24.118000Z', 'id': '24af8424-84bb-4f18-8c4c-5537e8aea137', 'ipo_access_execution_rank': None, 'trade_execution_date': None}]",False,regular_hours,False,False,,,,,,,,"{'amount': '46.70', 'currency_code': 'USD', 'currency_id': '1072fc76-1862-41ab-82c2-485837590762'}","{'amount': '44.60', 'currency_code': 'USD', 'currency_id': '1072fc76-1862-41ab-82c2-485837590762'}",,False,,,,,,False,True,False,True,0,,,2.0,user,False,,order_finalized,,
81a4c882-ddce-4b02-a210-6dd41e791294,5078A395-9F45-4775-9BF0-A0FC5B871B99,https://api.robinhood.com/orders/81a4c882-ddce-4b02-a210-6dd41e791294/,https://api.robinhood.com/accounts/5SE25445/,fa785cc9-e75d-40e1-ad49-9dad4a009457,https://api.robinhood.com/positions/5SE25445/1bd0c248-ad06-413d-99ae-9baaaa3acd06/,,https://api.robinhood.com/instruments/1bd0c248-ad06-413d-99ae-9baaaa3acd06/,1bd0c248-ad06-413d-99ae-9baaaa3acd06,58.00000000,9.45000000,0.03,filled,filled,,market,sell,gfd,stop,,9.45000000,58.00000000,,2020-05-13T15:14:37.181418Z,2020-05-13T15:49:12.880628Z,2020-05-13T15:49:12.396000Z,"[{'price': '9.45000000', 'quantity': '58.00000000', 'rounded_notional': None, 'settlement_date': '2020-05-15', 'timestamp': '2020-05-13T15:49:12.396000Z', 'id': '5a90415a-64c9-4ace-bda9-0ace23b5c94e', 'ipo_access_execution_rank': None, 'trade_execution_date': None}]",False,regular_hours,False,False,,2020-05-13T15:49:12.394000Z,"{'amount': '9.45000000', 'currency_code': 'USD', 'currency_id': '1072fc76-1862-41ab-82c2-485837590762'}",2020-05-13T15:49:12.396000Z,,,,,"{'amount': '548.10', 'currency_code': 'USD', 'currency_id': '1072fc76-1862-41ab-82c2-485837590762'}",,False,,,,,,False,True,False,True,0,,,3.0,user,False,,order_finalized,,"{'type': 'price', 'price': {'currency_id': '1072fc76-1862-41ab-82c2-485837590762', 'currency_code': 'USD', 'amount': '0.10000000'}}"
4fd5a7ec-1834-4d6e-b86a-52328924ff36,B89A9B8B-8B37-4C39-B41D-2C5197F7ED20,https://api.robinhood.com/orders/4fd5a7ec-1834-4d6e-b86a-52328924ff36/,https://api.robinhood.com/accounts/5SE25445/,fa785cc9-e75d-40e1-ad49-9dad4a009457,https://api.robinhood.com/positions/5SE25445/9a5095d4-628d-4edf-a803-389731e35fb8/,,https://api.robinhood.com/instruments/9a5095d4-628d-4edf-a803-389731e35fb8/,9a5095d4-628d-4edf-a803-389731e35fb8,95.00000000,7.49000000,0.03,filled,filled,,market,sell,gfd,stop,,7.45000000,95.00000000,,2020-05-13T15:14:05.205352Z,2020-05-13T15:19:19.622628Z,2020-05-13T15:19:19.131000Z,"[{'price': '7.49000000', 'quantity': '95.00000000', 'rounded_notional': None, 'settlement_date': '2020-05-15', 'timestamp': '2020-05-13T15:19:19.131000Z', 'id': '30b4a7e6-3171-42e6-9ce5-addf8c47e8cc', 'ipo_access_execution_rank': None, 'trade_execution_date': None}]",False,regular_hours,False,False,,2020-05-13T15:19:19.128000Z,"{'amount': '7.45000000', 'currency_code': 'USD', 'currency_id': '1072fc76-1862-41ab-82c2-485837590762'}",2020-05-13T15:19:19.131000Z,,,,,"{'amount': '711.55', 'currency_code': 'USD', 'currency_id': '1072fc76-1862-41ab-82c2-485837590762'}",,False,,,,,,False,True,False,True,0,,,3.0,user,False,,order_finalized,,"{'type': 'price', 'price': {'currency_id': '1072fc76-1862-41ab-82c2-485837590762', 'currency_code': 'USD', 'amount': '0.10000000'}}"
82b9b329-a621-439e-ae9e-49f047b61040,63A94DF2-876C-4110-82B7-FCBF8ACD37A9,https://api.robinhood.com/orders/82b9b329-a621-439e-ae9e-49f047b61040/,https://api.robinhood.com/accounts/5SE25445/,fa785cc9-e75d-40e1-ad49-9dad4a009457,https://api.robinhood.com/positions/5SE25445/ef99a2c4-adb2-4163-a2df-2d5722cc75b7/,,https://api.robinhood.com/instruments/ef99a2c4-adb2-4163-a2df-2d5722cc75b7/,ef99a2c4-adb2-4163-a2df-2d5722cc75b7,200.00000000,4.21000000,0.04,filled,filled,,market,sell,gfd,stop,,4.17000000,200.00000000,,2020-05-13T15:13:23.754736Z,2020-05-13T15:37:28.768940Z,2020-05-13T15:37:28.296000Z,"[{'price': '4.21000000', 'quantity': '200.00000000', 'rounded_notional': None, 'settlement_date': '2020-05-15', 'timestamp': '2020-05-13T15:37:28.296000Z', 'id': '38219ad5-e2b7-4857-b05a-6faa88592e83', 'ipo_access_execution_rank': None, 'trade_execution_date': None}]",False,regular_hours,False,False,,2020-05-13T15:37:28.294000Z,"{'amount': '4.17000000', 'currency_code': 'USD', 'currency_id': '1072fc76-1862-41ab-82c2-485837590762'}",2020-05-13T15:37:28.296000Z,,,,,"{'amount': '842.00', 'currency_code': 'USD', 'currency_id': '1072fc76-1862-41ab-82c2-485837590762'}",,False,,,,,,False,True,False,True,0,,,3.0,user,False,,order_finalized,,"{'type': 'price', 'price': {'currency_id': '1072fc76-1862-41ab-82c2-485837590762', 'currency_code': 'USD', 'amount': '0.10000000'}}"
4e235e56-4c54-44e7-9c3b-89027f25d94d,B7D63C36-0BEC-4280-BD90-9A0C330C3D54,https://api.robinhood.com/orders/4e235e56-4c54-44e7-9c3b-89027f25d94d/,https://api.robinhood.com/accounts/5SE25445/,fa785cc9-e75d-40e1-ad49-9dad4a009457,https://api.robinhood.com/positions/5SE25445/6df56bd0-0bf2-44ab-8875-f94fd8526942/,,https://api.robinhood.com/instruments/6df56bd0-0bf2-44ab-8875-f94fd8526942/,6df56bd0-0bf2-44ab-8875-f94fd8526942,90.00000000,4.72000000,0.01,filled,filled,,market,sell,gfd,stop,,4.70000000,90.00000000,,2020-05-13T15:12:35.204155Z,2020-05-13T15:40:35.727249Z,2020-05-13T15:40:35.272000Z,"[{'price': '4.72000000', 'quantity': '90.00000000', 'rounded_notional': None, 'settlement_date': '2020-05-15', 'timestamp': '2020-05-13T15:40:35.272000Z', 'id': '01cb9a5e-ec4c-4c53-b3a0-a91c2a8fe156', 'ipo_access_execution_rank': None, 'trade_execution_date': None}]",False,regular_hours,False,False,,2020-05-13T15:40:35.272000Z,"{'amount': '4.70000000', 'currency_code': 'USD', 'currency_id': '1072fc76-1862-41ab-82c2-485837590762'}",2020-05-13T15:40:35.272000Z,,,,,"{'amount': '424.80', 'currency_code': 'USD', 'currency_id': '1072fc76-1862-41ab-82c2-485837590762'}",,False,,,,,,False,True,False,True,0,,,2.0,user,False,,order_finalized,,"{'type': 'price', 'price': {'currency_id': '1072fc76-1862-41ab-82c2-485837590762', 'currency_code': 'USD', 'amount': '0.10000000'}}"
9ab4531a-823a-4d55-98e2-57daf9f16994,22d0876e-ce46-4d86-9278-d34bc281fbb2,https://api.robinhood.com/orders/9ab4531a-823a-4d55-98e2-57daf9f16994/,https://api.robinhood.com/accounts/5SE25445/,fa785cc9-e75d-40e1-ad49-9dad4a009457,https://api.robinhood.com/positions/5SE25445/1bd0c248-ad06-413d-99ae-9baaaa3acd06/,,https://api.robinhood.com/instruments/1bd0c248-ad06-413d-99ae-9baaaa3acd06/,1bd0c248-ad06-413d-99ae-9baaaa3acd06,43.00000000,9.84510000,0.00,filled,filled,,limit,buy,gfd,immediate,9.85000000,,43.00000000,,2020-05-06T14:59:47.239354Z,2020-05-06T14:59:47.749530Z,2020-05-06T14:59:47.331000Z,"[{'price': '9.84500000', 'quantity': '43.00000000', 'rounded_notional': None, 'settlement_date': '2020-05-08', 'timestamp': '2020-05-06T14:59:47.331000Z', 'id': 'd98630af-d8fe-423b-969d-239e1de203e9', 'ipo_access_execution_rank': None, 'trade_execution_date': None}]",True,extended_hours,False,False,,,,,,,,"{'amount': '423.55', 'currency_code': 'USD', 'currency_id': '1072fc76-1862-41ab-82c2-485837590762'}","{'amount': '423.34', 'currency_code': 'USD', 'currency_id': '1072fc76-1862-41ab-82c2-485837590762'}",,False,,,,,,False,True,False,True,0,,,2.0,user,False,,order_finalized,,
0dda5d0e-2074-4e98-8057-8f36a2607215,fd74f53b-40df-40e9-bd1c-e4da5fa852ca,https://api.robinhood.com/orders/0dda5d0e-2074-4e98-8057-8f36a2607215/,https://api.robinhood.com/accounts/5SE25445/,fa785cc9-e75d-40e1-ad49-9dad4a009457,https://api.robinhood.com/positions/5SE25445/ef99a2c4-adb2-4163-a2df-2d5722cc75b7/,,https://api.robinhood.com/instruments/ef99a2c4-adb2-4163-a2df-2d5722cc75b7/,ef99a2c4-adb2-4163-a2df-2d5722cc75b7,100.00000000,4.21180000,0.01,filled,filled,,market,sell,gfd,immediate,,,100.00000000,,2020-05-06T14:59:09.262917Z,2020-05-06T14:59:09.836118Z,2020-05-06T14:59:09.350000Z,"[{'price': '4.21180000', 'quantity': '100.00000000', 'rounded_notional': None, 'settlement_date': '2020-05-08', 'timestamp': '2020-05-06T14:59:09.350000Z', 'id': '553b04df-0e94-4fe0-803c-56a7760bc6e8', 'ipo_access_execution_rank': None, 'trade_execution_date': None}]",False,regular_hours,False,False,,,,,,,,,"{'amount': '421.18', 'currency_code': 'USD', 'currency_id': '1072fc76-1862-41ab-82c2-485837590762'}",,False,,,,,,False,True,False,True,0,,,2.0,user,False,,order_finalized,,
0f131a89-1672-4c60-8b6d-ce440f537ec0,1D528BDA-3D9D-4475-9DA0-195D6AA6F28B,https://api.robinhood.com/orders/0f131a89-1672-4c60-8b6d-ce440f537ec0/,https://api.robinhood.com/accounts/5SE25445/,fa785cc9-e75d-40e1-ad49-9dad4a009457,https://api.robinhood.com/positions/5SE25445/9a5095d4-628d-4edf-a803-389731e35fb8/,,https://api.robinhood.com/instruments/9a5095d4-628d-4edf-a803-389731e35fb8/,9a5095d4-628d-4edf-a803-389731e35fb8,5.00000000,8.70600000,0.00,filled,filled,,market,buy,gfd,immediate,9.14000000,,5.00000000,,2020-05-05T13:57:05.591803Z,2020-05-05T13:57:06.350995Z,2020-05-05T13:57:05.710000Z,"[{'price': '8.70500000', 'quantity': '5.00000000', 'rounded_notional': None, 'settlement_date': '2020-05-07', 'timestamp': '2020-05-05T13:57:05.710000Z', 'id': 'c6704043-499c-41c4-a1a7-eec73e469528', 'ipo_access_execution_rank': None, 'trade_execution_date': None}]",False,regular_hours,False,False,,,,,,,,"{'amount': '45.70', 'currency_code': 'USD', 'currency_id': '1072fc76-1862-41ab-82c2-485837590762'}","{'amount': '43.53', 'currency_code': 'USD', 'currency_id': '1072fc76-1862-41ab-82c2-485837590762'}",,False,,,,,,False,True,False,True,0,,,2.0,user,False,,order_finalized,,
517e7ca6-95ed-45b5-b4b7-5c3baf2d3e27,42446961-CA27-4434-8ED1-CB76D8EB9D3D,https://api.robinhood.com/orders/517e7ca6-95ed-45b5-b4b7-5c3baf2d3e27/,https://api.robinhood.com/accounts/5SE25445/,fa785cc9-e75d-40e1-ad49-9dad4a009457,https://api.robinhood.com/positions/5SE25445/6df56bd0-0bf2-44ab-8875-f94fd8526942/,,https://api.robinhood.com/instruments/6df56bd0-0bf2-44ab-8875-f94fd8526942/,6df56bd0-0bf2-44ab-8875-f94fd8526942,81.00000000,4.94780000,0.00,filled,filled,,limit,buy,gtc,immediate,4.95000000,,81.00000000,,2020-04-16T19:30:15.483347Z,2020-04-16T19:30:16.469126Z,2020-04-16T19:30:16Z,"[{'price': '4.94780000', 'quantity': '81.00000000', 'rounded_notional': None, 'settlement_date': '2020-04-20', 'timestamp': '2020-04-16T19:30:16Z', 'id': 'df553a2d-8883-4fdd-af7e-3d1d6e100295', 'ipo_access_execution_rank': None, 'trade_execution_date': None}]",False,regular_hours,False,False,,,,,,,,"{'amount': '400.95', 'currency_code': 'USD', 'currency_id': '1072fc76-1862-41ab-82c2-485837590762'}","{'amount': '400.77', 'currency_code': 'USD', 'currency_id': '1072fc76-1862-41ab-82c2-485837590762'}",,False,,,,,,False,True,False,True,0,,,2.0,user,False,,order_finalized,,
2de8b283-2b4c-4d6f-bd00-0c0e74470049,4FD1B3DA-94FE-4BA8-B80E-C5124F091A10,https://api.robinhood.com/orders/2de8b283-2b4c-4d6f-bd00-0c0e74470049/,https://api.robinhood.com/accounts/5SE25445/,fa785cc9-e75d-40e1-ad49-9dad4a009457,https://api.robinhood.com/positions/5SE25445/ef99a2c4-adb2-4163-a2df-2d5722cc75b7/,,https://api.robinhood.com/instruments/ef99a2c4-adb2-4163-a2df-2d5722cc75b7/,ef99a2c4-adb2-4163-a2df-2d5722cc75b7,89.00000000,4.49510000,0.01,filled,filled,,market,sell,gfd,immediate,,,89.00000000,,2020-04-16T19:29:04.676975Z,2020-04-16T19:29:05.300893Z,2020-04-16T19:29:04.809000Z,"[{'price': '4.49500000', 'quantity': '89.00000000', 'rounded_notional': None, 'settlement_date': '2020-04-20', 'timestamp': '2020-04-16T19:29:04.809000Z', 'id': '60bad675-bca8-48ab-b2c4-59d34c6d4319', 'ipo_access_execution_rank': None, 'trade_execution_date': None}]",False,regular_hours,False,False,,,,,,,,,"{'amount': '400.06', 'currency_code': 'USD', 'currency_id': '1072fc76-1862-41ab-82c2-485837590762'}",,False,,,,,,False,True,False,True,0,,,2.0,user,False,,order_finalized,,
addb9b72-926b-48d3-9a3c-a2e2ae00c79f,0B961A02-5E54-4B94-8F66-C778C735A13B,https://api.robinhood.com/orders/addb9b72-926b-48d3-9a3c-a2e2ae00c79f/,https://api.robinhood.com/accounts/5SE25445/,fa785cc9-e75d-40e1-ad49-9dad4a009457,https://api.robinhood.com/positions/5SE25445/ef99a2c4-adb2-4163-a2df-2d5722cc75b7/,,https://api.robinhood.com/instruments/ef99a2c4-adb2-4163-a2df-2d5722cc75b7/,ef99a2c4-adb2-4163-a2df-2d5722cc75b7,1.00000000,4.45000000,0.00,filled,filled,,market,buy,gfd,immediate,4.66000000,,1.00000000,,2020-04-16T17:04:18.879124Z,2020-04-16T17:04:19.470563Z,2020-04-16T17:04:18.987000Z,"[{'price': '4.44880000', 'quantity': '1.00000000', 'rounded_notional': None, 'settlement_date': '2020-04-20', 'timestamp': '2020-04-16T17:04:18.987000Z', 'id': 'f9608769-061f-4217-a466-6f489a89078b', 'ipo_access_execution_rank': None, 'trade_execution_date': None}]",False,regular_hours,False,False,,,,,,,,"{'amount': '4.66', 'currency_code': 'USD', 'currency_id': '1072fc76-1862-41ab-82c2-485837590762'}","{'amount': '4.45', 'currency_code': 'USD', 'currency_id': '1072fc76-1862-41ab-82c2-485837590762'}",,False,,,,,,False,True,False,True,0,,,2.0,user,False,,order_finalized,,
cd85cc7e-aa39-4976-a332-1b2d77bcbf57,873C9D17-8F55-49E0-ACE5-49709FE6864B,https://api.robinhood.com/orders/cd85cc7e-aa39-4976-a332-1b2d77bcbf57/,https://api.robinhood.com/accounts/5SE25445/,fa785cc9-e75d-40e1-ad49-9dad4a009457,https://api.robinhood.com/positions/5SE25445/9a5095d4-628d-4edf-a803-389731e35fb8/,,https://api.robinhood.com/instruments/9a5095d4-628d-4edf-a803-389731e35fb8/,9a5095d4-628d-4edf-a803-389731e35fb8,6.00000000,7.50000000,0.00,filled,filled,,market,buy,gfd,immediate,7.87000000,,6.00000000,,2020-04-16T17:03:41.008947Z,2020-04-16T17:03:41.649680Z,2020-04-16T17:03:41.186000Z,"[{'price': '7.49990000', 'quantity': '6.00000000', 'rounded_notional': None, 'settlement_date': '2020-04-20', 'timestamp': '2020-04-16T17:03:41.186000Z', 'id': '7b7a26dd-b871-497f-8480-62b247e5a837', 'ipo_access_execution_rank': None, 'trade_execution_date': None}]",False,regular_hours,False,False,,,,,,,,"{'amount': '47.22', 'currency_code': 'USD', 'currency_id': '1072fc76-1862-41ab-82c2-485837590762'}","{'amount': '45.00', 'currency_code': 'USD', 'currency_id': '1072fc76-1862-41ab-82c2-485837590762'}",,False,,,,,,False,True,False,True,0,,,2.0,user,False,,order_finalized,,
7dfc536b-daa2-417b-a12f-4af06f0eaf8b,A731C3F0-27F9-4423-9C1D-7E34926889CD,https://api.robinhood.com/orders/7dfc536b-daa2-417b-a12f-4af06f0eaf8b/,https://api.robinhood.com/accounts/5SE25445/,fa785cc9-e75d-40e1-ad49-9dad4a009457,https://api.robinhood.com/positions/5SE25445/9a5095d4-628d-4edf-a803-389731e35fb8/,,https://api.robinhood.com/instruments/9a5095d4-628d-4edf-a803-389731e35fb8/,9a5095d4-628d-4edf-a803-389731e35fb8,6.00000000,8.01000000,0.00,filled,filled,,market,buy,gfd,immediate,8.41000000,,6.00000000,,2020-04-07T16:06:11.820943Z,2020-04-07T16:06:12.432315Z,2020-04-07T16:06:11.987000Z,"[{'price': '8.01000000', 'quantity': '6.00000000', 'rounded_notional': None, 'settlement_date': '2020-04-09', 'timestamp': '2020-04-07T16:06:11.987000Z', 'id': 'b177f76f-0766-4705-94f1-0e6176c97503', 'ipo_access_execution_rank': None, 'trade_execution_date': None}]",False,regular_hours,False,False,,,,,,,,"{'amount': '50.46', 'currency_code': 'USD', 'currency_id': '1072fc76-1862-41ab-82c2-485837590762'}","{'amount': '48.06', 'currency_code': 'USD', 'currency_id': '1072fc76-1862-41ab-82c2-485837590762'}",,False,,,,,,False,True,False,True,0,,,2.0,user,False,,order_finalized,,
fac4c558-b8a8-4eb2-8b3b-f9589ea765e4,896368ce-a97c-432a-aa74-1fa2e915a3a9,https://api.robinhood.com/orders/fac4c558-b8a8-4eb2-8b3b-f9589ea765e4/,https://api.robinhood.com/accounts/5SE25445/,fa785cc9-e75d-40e1-ad49-9dad4a009457,https://api.robinhood.com/positions/5SE25445/ef99a2c4-adb2-4163-a2df-2d5722cc75b7/,,https://api.robinhood.com/instruments/ef99a2c4-adb2-4163-a2df-2d5722cc75b7/,ef99a2c4-adb2-4163-a2df-2d5722cc75b7,9.00000000,3.78890000,0.00,filled,filled,,market,buy,gfd,immediate,3.96000000,,9.00000000,,2020-03-24T17:09:42.419746Z,2020-03-24T17:09:43.047182Z,2020-03-24T17:09:42.560000Z,"[{'price': '3.78900000', 'quantity': '9.00000000', 'rounded_notional': None, 'settlement_date': '2020-03-26', 'timestamp': '2020-03-24T17:09:42.560000Z', 'id': '8f240915-714b-4487-a670-dced3a46cdb5', 'ipo_access_execution_rank': None, 'trade_execution_date': None}]",False,regular_hours,False,False,,,,,,,,"{'amount': '35.64', 'currency_code': 'USD', 'currency_id': '1072fc76-1862-41ab-82c2-485837590762'}","{'amount': '34.10', 'currency_code': 'USD', 'currency_id': '1072fc76-1862-41ab-82c2-485837590762'}",,False,,,,,,False,True,False,True,0,,,2.0,user,False,,order_finalized,,
5fe4d88a-f9b8-419d-845c-c8d1310eeb2a,cf034785-b5ab-4513-a374-c44a3b6ce20a,https://api.robinhood.com/orders/5fe4d88a-f9b8-419d-845c-c8d1310eeb2a/,https://api.robinhood.com/accounts/5SE25445/,fa785cc9-e75d-40e1-ad49-9dad4a009457,https://api.robinhood.com/positions/5SE25445/9a5095d4-628d-4edf-a803-389731e35fb8/,,https://api.robinhood.com/instruments/9a5095d4-628d-4edf-a803-389731e35fb8/,9a5095d4-628d-4edf-a803-389731e35fb8,40.00000000,5.42000000,0.00,filled,filled,,market,buy,gfd,immediate,5.71000000,,40.00000000,,2020-03-24T17:09:22.815886Z,2020-03-24T17:09:23.406690Z,2020-03-24T17:09:22.953000Z,"[{'price': '5.42000000', 'quantity': '40.00000000', 'rounded_notional': None, 'settlement_date': '2020-03-26', 'timestamp': '2020-03-24T17:09:22.953000Z', 'id': '7d4269d3-8302-4725-98a6-ca5db7db927f', 'ipo_access_execution_rank': None, 'trade_execution_date': None}]",False,regular_hours,False,False,,,,,,,,"{'amount': '228.40', 'currency_code': 'USD', 'currency_id': '1072fc76-1862-41ab-82c2-485837590762'}","{'amount': '216.80', 'currency_code': 'USD', 'currency_id': '1072fc76-1862-41ab-82c2-485837590762'}",,False,,,,,,False,True,False,True,0,,,2.0,user,False,,order_finalized,,
d8295821-f0ef-4cd7-a430-d4bdc3fd2b0b,ba60ce43-9ab9-4edd-9ef2-565e4b5a6a31,https://api.robinhood.com/orders/d8295821-f0ef-4cd7-a430-d4bdc3fd2b0b/,https://api.robinhood.com/accounts/5SE25445/,fa785cc9-e75d-40e1-ad49-9dad4a009457,https://api.robinhood.com/positions/5SE25445/ef99a2c4-adb2-4163-a2df-2d5722cc75b7/,,https://api.robinhood.com/instruments/ef99a2c4-adb2-4163-a2df-2d5722cc75b7/,ef99a2c4-adb2-4163-a2df-2d5722cc75b7,34.00000000,4.13880000,0.00,filled,filled,,limit,buy,gfd,immediate,4.14000000,,34.00000000,,2020-03-10T19:33:55.744609Z,2020-03-10T19:33:56.343742Z,2020-03-10T19:33:55.882000Z,"[{'price': '4.13880000', 'quantity': '34.00000000', 'rounded_notional': None, 'settlement_date': '2020-03-12', 'timestamp': '2020-03-10T19:33:55.882000Z', 'id': 'b3fe421a-05ea-4050-937c-b23318db4b45', 'ipo_access_execution_rank': None, 'trade_execution_date': None}]",True,extended_hours,False,False,,,,,,,,"{'amount': '140.76', 'currency_code': 'USD', 'currency_id': '1072fc76-1862-41ab-82c2-485837590762'}","{'amount': '140.72', 'currency_code': 'USD', 'currency_id': '1072fc76-1862-41ab-82c2-485837590762'}",,False,,,,,,False,True,False,True,0,,,2.0,user,False,,order_finalized,,
bf8a2265-004c-41e6-8508-da6da34de8eb,bc2bd52a-20ca-4df4-8c58-143fe28a82cf,https://api.robinhood.com/orders/bf8a2265-004c-41e6-8508-da6da34de8eb/,https://api.robinhood.com/accounts/5SE25445/,fa785cc9-e75d-40e1-ad49-9dad4a009457,https://api.robinhood.com/positions/5SE25445/ef99a2c4-adb2-4163-a2df-2d5722cc75b7/,,https://api.robinhood.com/instruments/ef99a2c4-adb2-4163-a2df-2d5722cc75b7/,ef99a2c4-adb2-4163-a2df-2d5722cc75b7,45.00000000,4.16890000,0.00,filled,filled,,limit,buy,gfd,immediate,4.17000000,,45.00000000,,2020-03-09T14:18:35.169442Z,2020-03-09T17:55:09.623243Z,2020-03-09T14:18:35.336000Z,"[{'price': '4.16880000', 'quantity': '45.00000000', 'rounded_notional': None, 'settlement_date': '2020-03-11', 'timestamp': '2020-03-09T14:18:35.336000Z', 'id': '55324fa0-d19a-4443-afc7-cb64eff0b39f', 'ipo_access_execution_rank': None, 'trade_execution_date': None}]",True,extended_hours,False,False,,,,,,,,"{'amount': '187.65', 'currency_code': 'USD', 'currency_id': '1072fc76-1862-41ab-82c2-485837590762'}","{'amount': '187.60', 'currency_code': 'USD', 'currency_id': '1072fc76-1862-41ab-82c2-485837590762'}",,False,,,,,,False,True,False,True,0,,,2.0,user,False,,order_finalized,,
b1a8b66e-d483-43cb-815b-ac0df7c06735,fb66c0a2-19ac-4703-8e9e-ea7265c53b10,https://api.robinhood.com/orders/b1a8b66e-d483-43cb-815b-ac0df7c06735/,https://api.robinhood.com/accounts/5SE25445/,fa785cc9-e75d-40e1-ad49-9dad4a009457,https://api.robinhood.com/positions/5SE25445/ef99a2c4-adb2-4163-a2df-2d5722cc75b7/,,https://api.robinhood.com/instruments/ef99a2c4-adb2-4163-a2df-2d5722cc75b7/,ef99a2c4-adb2-4163-a2df-2d5722cc75b7,25.00000000,4.17840000,0.00,filled,filled,,market,buy,gfd,immediate,4.38000000,,25.00000000,,2020-03-09T14:17:13.972247Z,2020-03-09T17:54:57.083302Z,2020-03-09T14:17:14.141000Z,"[{'price': '4.17830000', 'quantity': '25.00000000', 'rounded_notional': None, 'settlement_date': '2020-03-11', 'timestamp': '2020-03-09T14:17:14.141000Z', 'id': '967f8507-a5fe-46f9-9c64-61f1b6e1d540', 'ipo_access_execution_rank': None, 'trade_execution_date': None}]",False,regular_hours,False,False,,,,,,,,"{'amount': '109.50', 'currency_code': 'USD', 'currency_id': '1072fc76-1862-41ab-82c2-485837590762'}","{'amount': '104.46', 'currency_code': 'USD', 'currency_id': '1072fc76-1862-41ab-82c2-485837590762'}",,False,,,,,,False,True,False,True,0,,,2.0,user,False,,order_finalized,,
cdf10cd4-b858-4600-a589-b5f09f5f92c8,c24464c2-6f03-4ffa-9e3c-f488bd3bf10f,https://api.robinhood.com/orders/cdf10cd4-b858-4600-a589-b5f09f5f92c8/,https://api.robinhood.com/accounts/5SE25445/,fa785cc9-e75d-40e1-ad49-9dad4a009457,https://api.robinhood.com/positions/5SE25445/ef99a2c4-adb2-4163-a2df-2d5722cc75b7/,,https://api.robinhood.com/instruments/ef99a2c4-adb2-4163-a2df-2d5722cc75b7/,ef99a2c4-adb2-4163-a2df-2d5722cc75b7,260.00000000,4.59900000,0.00,filled,filled,,limit,buy,gfd,immediate,4.61000000,,260.00000000,,2020-03-04T14:48:47.503254Z,2020-03-04T14:48:48.101125Z,2020-03-04T14:48:47.651000Z,"[{'price': '4.59900000', 'quantity': '260.00000000', 'rounded_notional': None, 'settlement_date': '2020-03-06', 'timestamp': '2020-03-04T14:48:47.651000Z', 'id': '1b25e709-792f-4c4e-8e02-62fb2292156f', 'ipo_access_execution_rank': None, 'trade_execution_date': None}]",True,extended_hours,False,False,,,,,,,,"{'amount': '1198.60', 'currency_code': 'USD', 'currency_id': '1072fc76-1862-41ab-82c2-485837590762'}","{'amount': '1195.74', 'currency_code': 'USD', 'currency_id': '1072fc76-1862-41ab-82c2-485837590762'}",,False,,,,,,False,True,False,True,0,,,2.0,user,False,,order_finalized,,
690e1282-5fc6-4d47-9e36-900bafbb7f65,0cd4d9ee-27be-4131-9bb9-6862f8da35ee,https://api.robinhood.com/orders/690e1282-5fc6-4d47-9e36-900bafbb7f65/,https://api.robinhood.com/accounts/5SE25445/,fa785cc9-e75d-40e1-ad49-9dad4a009457,https://api.robinhood.com/positions/5SE25445/ef99a2c4-adb2-4163-a2df-2d5722cc75b7/,,https://api.robinhood.com/instruments/ef99a2c4-adb2-4163-a2df-2d5722cc75b7/,ef99a2c4-adb2-4163-a2df-2d5722cc75b7,15.00000000,4.56000000,0.00,filled,filled,,limit,buy,gfd,immediate,4.56000000,,15.00000000,,2020-03-03T16:26:48.181140Z,2020-03-03T16:28:08.740249Z,2020-03-03T16:28:08.208000Z,"[{'price': '4.56000000', 'quantity': '15.00000000', 'rounded_notional': None, 'settlement_date': '2020-03-05', 'timestamp': '2020-03-03T16:28:08.208000Z', 'id': 'ce01e361-ade7-4b84-9e1a-427c8957e2ee', 'ipo_access_execution_rank': None, 'trade_execution_date': None}]",True,extended_hours,False,False,,,,,,,,"{'amount': '68.40', 'currency_code': 'USD', 'currency_id': '1072fc76-1862-41ab-82c2-485837590762'}","{'amount': '68.40', 'currency_code': 'USD', 'currency_id': '1072fc76-1862-41ab-82c2-485837590762'}",,False,,,,,,False,True,False,True,0,,,2.0,user,False,,order_finalized,,
cc993e11-6e26-49b9-87f3-421fee155f51,addcaa57-51a1-4133-a650-649ca9e94d33,https://api.robinhood.com/orders/cc993e11-6e26-49b9-87f3-421fee155f51/,https://api.robinhood.com/accounts/5SE25445/,fa785cc9-e75d-40e1-ad49-9dad4a009457,https://api.robinhood.com/positions/5SE25445/ed43fb39-0eb7-4ae2-9658-9524c71289d3/,,https://api.robinhood.com/instruments/ed43fb39-0eb7-4ae2-9658-9524c71289d3/,ed43fb39-0eb7-4ae2-9658-9524c71289d3,2.00000000,33.14000000,0.00,filled,filled,,market,sell,gfd,immediate,,,2.00000000,,2020-03-03T16:26:08.198345Z,2020-03-03T16:26:08.816889Z,2020-03-03T16:26:08.361000Z,"[{'price': '33.14160000', 'quantity': '2.00000000', 'rounded_notional': None, 'settlement_date': '2020-03-05', 'timestamp': '2020-03-03T16:26:08.361000Z', 'id': '37b35ae4-0709-4f12-832b-cf09c08f6a1b', 'ipo_access_execution_rank': None, 'trade_execution_date': None}]",False,regular_hours,False,False,,,,,,,,,"{'amount': '66.28', 'currency_code': 'USD', 'currency_id': '1072fc76-1862-41ab-82c2-485837590762'}",,False,,,,,,False,True,False,True,0,,,2.0,user,False,,order_finalized,,
8884f45c-de1e-446a-ad94-8f902e7e4544,c0ca45eb-509e-42e0-ac6f-52a7f07b327e,https://api.robinhood.com/orders/8884f45c-de1e-446a-ad94-8f902e7e4544/,https://api.robinhood.com/accounts/5SE25445/,fa785cc9-e75d-40e1-ad49-9dad4a009457,https://api.robinhood.com/positions/5SE25445/6df56bd0-0bf2-44ab-8875-f94fd8526942/,,https://api.robinhood.com/instruments/6df56bd0-0bf2-44ab-8875-f94fd8526942/,6df56bd0-0bf2-44ab-8875-f94fd8526942,1.00000000,7.01000000,0.00,filled,filled,,market,buy,gfd,immediate,7.35000000,,1.00000000,,2020-03-03T16:25:36.345130Z,2020-03-03T16:25:36.930524Z,2020-03-03T16:25:36.471000Z,"[{'price': '7.00780000', 'quantity': '1.00000000', 'rounded_notional': None, 'settlement_date': '2020-03-05', 'timestamp': '2020-03-03T16:25:36.471000Z', 'id': '3a4260f0-7e3c-49eb-aab4-cf748d47789f', 'ipo_access_execution_rank': None, 'trade_execution_date': None}]",False,regular_hours,False,False,,,,,,,,"{'amount': '7.35', 'currency_code': 'USD', 'currency_id': '1072fc76-1862-41ab-82c2-485837590762'}","{'amount': '7.01', 'currency_code': 'USD', 'currency_id': '1072fc76-1862-41ab-82c2-485837590762'}",,False,,,,,,False,True,False,True,0,,,2.0,user,False,,order_finalized,,
2df8049c-5b0b-4367-b130-03c9ce0e231b,e12a12b3-aede-49b8-af9e-21733d7cd8e1,https://api.robinhood.com/orders/2df8049c-5b0b-4367-b130-03c9ce0e231b/,https://api.robinhood.com/accounts/5SE25445/,fa785cc9-e75d-40e1-ad49-9dad4a009457,https://api.robinhood.com/positions/5SE25445/1bd0c248-ad06-413d-99ae-9baaaa3acd06/,,https://api.robinhood.com/instruments/1bd0c248-ad06-413d-99ae-9baaaa3acd06/,1bd0c248-ad06-413d-99ae-9baaaa3acd06,10.00000000,15.42700000,0.00,filled,filled,,market,buy,gfd,immediate,16.26000000,,10.00000000,,2020-03-03T16:25:01.500014Z,2020-03-03T21:30:10.547949Z,2020-03-03T16:25:01.629000Z,"[{'price': '15.42650000', 'quantity': '10.00000000', 'rounded_notional': None, 'settlement_date': '2020-03-05', 'timestamp': '2020-03-03T16:25:01.629000Z', 'id': 'baf50187-6cd6-417b-8121-0e92a825d25e', 'ipo_access_execution_rank': None, 'trade_execution_date': None}]",False,regular_hours,False,False,,,,,,,,"{'amount': '162.60', 'currency_code': 'USD', 'currency_id': '1072fc76-1862-41ab-82c2-485837590762'}","{'amount': '154.27', 'currency_code': 'USD', 'currency_id': '1072fc76-1862-41ab-82c2-485837590762'}",,False,,,,,,False,True,False,True,0,,,2.0,user,False,,order_finalized,,
9f5dfb71-4bb7-40f3-aaea-64306c3cd05c,f9fb0315-a75a-4cf8-abda-973060391dfc,https://api.robinhood.com/orders/9f5dfb71-4bb7-40f3-aaea-64306c3cd05c/,https://api.robinhood.com/accounts/5SE25445/,fa785cc9-e75d-40e1-ad49-9dad4a009457,https://api.robinhood.com/positions/5SE25445/9a5095d4-628d-4edf-a803-389731e35fb8/,,https://api.robinhood.com/instruments/9a5095d4-628d-4edf-a803-389731e35fb8/,9a5095d4-628d-4edf-a803-389731e35fb8,10.00000000,13.38500000,0.00,filled,filled,,market,buy,gfd,immediate,14.07000000,,10.00000000,,2020-03-03T16:24:39.866385Z,2020-03-03T16:24:40.546570Z,2020-03-03T16:24:40.031000Z,"[{'price': '13.38500000', 'quantity': '10.00000000', 'rounded_notional': None, 'settlement_date': '2020-03-05', 'timestamp': '2020-03-03T16:24:40.031000Z', 'id': '7592c450-ebe2-45e2-a038-587d8fac2350', 'ipo_access_execution_rank': None, 'trade_execution_date': None}]",False,regular_hours,False,False,,,,,,,,"{'amount': '140.70', 'currency_code': 'USD', 'currency_id': '1072fc76-1862-41ab-82c2-485837590762'}","{'amount': '133.85', 'currency_code': 'USD', 'currency_id': '1072fc76-1862-41ab-82c2-485837590762'}",,False,,,,,,False,True,False,True,0,,,2.0,user,False,,order_finalized,,
9cfc8715-f989-4a9e-a18c-244d54654043,b0af23b1-9c71-4016-8c67-beca66afa94e,https://api.robinhood.com/orders/9cfc8715-f989-4a9e-a18c-244d54654043/,https://api.robinhood.com/accounts/5SE25445/,fa785cc9-e75d-40e1-ad49-9dad4a009457,https://api.robinhood.com/positions/5SE25445/aef7105d-8209-48e5-be1c-b9013206b0c9/,,https://api.robinhood.com/instruments/aef7105d-8209-48e5-be1c-b9013206b0c9/,aef7105d-8209-48e5-be1c-b9013206b0c9,1.00000000,101.56000000,0.00,filled,filled,,limit,sell,gtc,immediate,100.00000000,,1.00000000,,2020-03-03T13:53:50.405212Z,2020-03-03T14:36:26.072631Z,2020-03-03T14:30:01.564000Z,"[{'price': '101.56000000', 'quantity': '1.00000000', 'rounded_notional': None, 'settlement_date': '2020-03-05', 'timestamp': '2020-03-03T14:30:01.564000Z', 'id': '190a7a5e-bc42-41e7-ad16-9aa3753b7448', 'ipo_access_execution_rank': None, 'trade_execution_date': None}]",False,regular_hours,False,False,,,,,,,,"{'amount': '100.00', 'currency_code': 'USD', 'currency_id': '1072fc76-1862-41ab-82c2-485837590762'}","{'amount': '101.56', 'currency_code': 'USD', 'currency_id': '1072fc76-1862-41ab-82c2-485837590762'}",,False,,,,,,False,True,False,True,0,,,2.0,user,False,,order_finalized,,
d8189305-ac12-4841-9f2d-23d04585e851,c1f7234e-8fa4-4965-b6b2-2bd08690d18d,https://api.robinhood.com/orders/d8189305-ac12-4841-9f2d-23d04585e851/,https://api.robinhood.com/accounts/5SE25445/,fa785cc9-e75d-40e1-ad49-9dad4a009457,https://api.robinhood.com/positions/5SE25445/8f85511e-1b07-4e15-8376-1c717b95b288/,,https://api.robinhood.com/instruments/8f85511e-1b07-4e15-8376-1c717b95b288/,8f85511e-1b07-4e15-8376-1c717b95b288,0.00000000,,0.00,cancelled,cancelled,,market,buy,gfd,immediate,40.84000000,,1.00000000,,2020-03-03T13:52:54.092587Z,2020-03-03T13:54:07.462013Z,2020-03-03T13:54:07.006000Z,[],False,regular_hours,False,False,,,,,,,,"{'amount': '40.84', 'currency_code': 'USD', 'currency_id': '1072fc76-1862-41ab-82c2-485837590762'}",,,False,user,,,,,False,True,False,True,0,,,3.0,user,False,,order_finalized,,
1a7fbdce-5899-469e-abcf-5cb8e0e02ef9,463c0844-42c6-40eb-a77f-e9ae8662f996,https://api.robinhood.com/orders/1a7fbdce-5899-469e-abcf-5cb8e0e02ef9/,https://api.robinhood.com/accounts/5SE25445/,fa785cc9-e75d-40e1-ad49-9dad4a009457,https://api.robinhood.com/positions/5SE25445/1bd0c248-ad06-413d-99ae-9baaaa3acd06/,,https://api.robinhood.com/instruments/1bd0c248-ad06-413d-99ae-9baaaa3acd06/,1bd0c248-ad06-413d-99ae-9baaaa3acd06,4.00000000,15.12000000,0.00,filled,filled,,limit,buy,gfd,immediate,15.12000000,,4.00000000,,2020-02-28T17:56:40.599140Z,2020-02-28T18:02:58.587567Z,2020-02-28T18:02:58.153000Z,"[{'price': '15.12000000', 'quantity': '4.00000000', 'rounded_notional': None, 'settlement_date': '2020-03-03', 'timestamp': '2020-02-28T18:02:58.153000Z', 'id': '2fe194be-85e3-4e6f-83aa-f01a5d3d95dc', 'ipo_access_execution_rank': None, 'trade_execution_date': None}]",True,extended_hours,False,False,,,,,,,,"{'amount': '60.48', 'currency_code': 'USD', 'currency_id': '1072fc76-1862-41ab-82c2-485837590762'}","{'amount': '60.48', 'currency_code': 'USD', 'currency_id': '1072fc76-1862-41ab-82c2-485837590762'}",,False,,,,,,False,True,False,True,0,,,2.0,user,False,,order_finalized,,
2d8bc384-1f70-4b6b-a0bf-92c1ab2abcc3,0caa51a4-9cce-4867-8eff-6bc57e978421,https://api.robinhood.com/orders/2d8bc384-1f70-4b6b-a0bf-92c1ab2abcc3/,https://api.robinhood.com/accounts/5SE25445/,fa785cc9-e75d-40e1-ad49-9dad4a009457,https://api.robinhood.com/positions/5SE25445/0dd811b3-7047-448d-96e0-7bf6ee4cfe45/,,https://api.robinhood.com/instruments/0dd811b3-7047-448d-96e0-7bf6ee4cfe45/,0dd811b3-7047-448d-96e0-7bf6ee4cfe45,1.00000000,28.49000000,0.00,filled,filled,,market,sell,gfd,immediate,,,1.00000000,,2020-02-28T17:55:35.434565Z,2020-02-28T17:55:36.247039Z,2020-02-28T17:55:35.744000Z,"[{'price': '28.49280000', 'quantity': '1.00000000', 'rounded_notional': None, 'settlement_date': '2020-03-03', 'timestamp': '2020-02-28T17:55:35.744000Z', 'id': 'f2d1e25f-b6c7-46a1-b59d-0546bc21fb6c', 'ipo_access_execution_rank': None, 'trade_execution_date': None}]",False,regular_hours,False,False,,,,,,,,,"{'amount': '28.49', 'currency_code': 'USD', 'currency_id': '1072fc76-1862-41ab-82c2-485837590762'}",,False,,,,,,False,True,False,True,0,,,2.0,user,False,,order_finalized,,
be6f7e91-61b3-4aee-a212-ed238735f806,fb7a17a7-e98b-4e3f-9ade-5aaf1bdaf02a,https://api.robinhood.com/orders/be6f7e91-61b3-4aee-a212-ed238735f806/,https://api.robinhood.com/accounts/5SE25445/,fa785cc9-e75d-40e1-ad49-9dad4a009457,https://api.robinhood.com/positions/5SE25445/681574a9-a045-490d-a5f2-889f188c4605/,,https://api.robinhood.com/instruments/681574a9-a045-490d-a5f2-889f188c4605/,681574a9-a045-490d-a5f2-889f188c4605,5.00000000,6.35400000,0.00,filled,filled,,market,sell,gfd,immediate,,,5.00000000,,2020-02-28T17:55:03.444883Z,2020-02-28T17:55:04.183665Z,2020-02-28T17:55:03.712000Z,"[{'price': '6.35480000', 'quantity': '5.00000000', 'rounded_notional': None, 'settlement_date': '2020-03-03', 'timestamp': '2020-02-28T17:55:03.712000Z', 'id': '9c6b558a-bac3-4d91-a241-c20b20ccff37', 'ipo_access_execution_rank': None, 'trade_execution_date': None}]",False,regular_hours,False,False,,,,,,,,,"{'amount': '31.77', 'currency_code': 'USD', 'currency_id': '1072fc76-1862-41ab-82c2-485837590762'}",,False,,,,,,False,True,False,True,0,,,2.0,user,False,,order_finalized,,
16b548ff-6513-47e5-b65e-1e5d137ba8bb,3ad7e790-b954-41d4-bea5-52d9a07d3b49,https://api.robinhood.com/orders/16b548ff-6513-47e5-b65e-1e5d137ba8bb/,https://api.robinhood.com/accounts/5SE25445/,fa785cc9-e75d-40e1-ad49-9dad4a009457,https://api.robinhood.com/positions/5SE25445/6df56bd0-0bf2-44ab-8875-f94fd8526942/,,https://api.robinhood.com/instruments/6df56bd0-0bf2-44ab-8875-f94fd8526942/,6df56bd0-0bf2-44ab-8875-f94fd8526942,8.00000000,6.83000000,0.00,filled,filled,,limit,buy,gfd,immediate,6.83000000,,8.00000000,,2020-02-28T17:22:23.559173Z,2020-02-28T17:22:32.477514Z,2020-02-28T17:22:32.027000Z,"[{'price': '6.83000000', 'quantity': '8.00000000', 'rounded_notional': None, 'settlement_date': '2020-03-03', 'timestamp': '2020-02-28T17:22:32.027000Z', 'id': '19020edc-b82e-46fd-987b-b012285408b3', 'ipo_access_execution_rank': None, 'trade_execution_date': None}]",True,extended_hours,False,False,,,,,,,,"{'amount': '54.64', 'currency_code': 'USD', 'currency_id': '1072fc76-1862-41ab-82c2-485837590762'}","{'amount': '54.64', 'currency_code': 'USD', 'currency_id': '1072fc76-1862-41ab-82c2-485837590762'}",,False,,,,,,False,True,False,True,0,,,2.0,user,False,,order_finalized,,
eafb9b84-528b-41e7-99c4-626c009f9b02,8044827a-4014-49cb-81c6-d3f0803ee211,https://api.robinhood.com/orders/eafb9b84-528b-41e7-99c4-626c009f9b02/,https://api.robinhood.com/accounts/5SE25445/,fa785cc9-e75d-40e1-ad49-9dad4a009457,https://api.robinhood.com/positions/5SE25445/aef7105d-8209-48e5-be1c-b9013206b0c9/,,https://api.robinhood.com/instruments/aef7105d-8209-48e5-be1c-b9013206b0c9/,aef7105d-8209-48e5-be1c-b9013206b0c9,1.00000000,87.13000000,0.00,filled,filled,,market,buy,gfd,immediate,91.44000000,,1.00000000,,2020-02-28T17:15:36.078363Z,2020-02-28T17:15:36.642984Z,2020-02-28T17:15:36.183000Z,"[{'price': '87.13400000', 'quantity': '1.00000000', 'rounded_notional': None, 'settlement_date': '2020-03-03', 'timestamp': '2020-02-28T17:15:36.183000Z', 'id': '95418e3f-9c5a-46ad-813f-592ea4c695ce', 'ipo_access_execution_rank': None, 'trade_execution_date': None}]",False,regular_hours,False,False,,,,,,,,"{'amount': '91.44', 'currency_code': 'USD', 'currency_id': '1072fc76-1862-41ab-82c2-485837590762'}","{'amount': '87.13', 'currency_code': 'USD', 'currency_id': '1072fc76-1862-41ab-82c2-485837590762'}",,False,,,,,,False,True,False,True,0,,,2.0,user,False,,order_finalized,,
a107ad01-6eb4-4588-9777-8f93a38f6638,35919e3a-0918-410d-a320-20ef8759509e,https://api.robinhood.com/orders/a107ad01-6eb4-4588-9777-8f93a38f6638/,https://api.robinhood.com/accounts/5SE25445/,fa785cc9-e75d-40e1-ad49-9dad4a009457,https://api.robinhood.com/positions/5SE25445/1d7d38e7-cf2d-4efa-93b0-490a627788a6/,,https://api.robinhood.com/instruments/1d7d38e7-cf2d-4efa-93b0-490a627788a6/,1d7d38e7-cf2d-4efa-93b0-490a627788a6,9.00000000,3.48220000,0.00,filled,filled,,market,sell,gfd,immediate,,,9.00000000,,2020-02-28T17:12:31.727186Z,2020-02-28T17:12:32.454705Z,2020-02-28T17:12:31.961000Z,"[{'price': '3.48200000', 'quantity': '9.00000000', 'rounded_notional': None, 'settlement_date': '2020-03-03', 'timestamp': '2020-02-28T17:12:31.961000Z', 'id': '09bdae43-32f5-4740-8798-955f36bf6583', 'ipo_access_execution_rank': None, 'trade_execution_date': None}]",False,regular_hours,False,False,,,,,,,,,"{'amount': '31.34', 'currency_code': 'USD', 'currency_id': '1072fc76-1862-41ab-82c2-485837590762'}",,False,,,,,,False,True,False,True,0,,,2.0,user,False,,order_finalized,,
87aab507-1d6f-47c2-b0c3-9dd95e1e205d,c51c06a6-4064-413e-9078-f559d490eacb,https://api.robinhood.com/orders/87aab507-1d6f-47c2-b0c3-9dd95e1e205d/,https://api.robinhood.com/accounts/5SE25445/,fa785cc9-e75d-40e1-ad49-9dad4a009457,https://api.robinhood.com/positions/5SE25445/f6fb4ac4-fd18-4d92-b8e9-475d6b3279ce/,,https://api.robinhood.com/instruments/f6fb4ac4-fd18-4d92-b8e9-475d6b3279ce/,f6fb4ac4-fd18-4d92-b8e9-475d6b3279ce,21.00000000,1.78480000,0.00,filled,filled,,market,sell,gfd,immediate,,,21.00000000,,2020-02-28T17:12:16.260130Z,2020-02-28T17:12:16.803658Z,2020-02-28T17:12:16.373000Z,"[{'price': '1.78490000', 'quantity': '21.00000000', 'rounded_notional': None, 'settlement_date': '2020-03-03', 'timestamp': '2020-02-28T17:12:16.373000Z', 'id': '2611a85d-4cf9-44c4-ba08-8846e3962b69', 'ipo_access_execution_rank': None, 'trade_execution_date': None}]",False,regular_hours,False,False,,,,,,,,,"{'amount': '37.48', 'currency_code': 'USD', 'currency_id': '1072fc76-1862-41ab-82c2-485837590762'}",,False,,,,,,False,True,False,True,0,,,2.0,user,False,,order_finalized,,
d7897eda-4f23-4af6-99eb-cbade3308bd2,1485272d-294d-4395-975b-9822986126ed,https://api.robinhood.com/orders/d7897eda-4f23-4af6-99eb-cbade3308bd2/,https://api.robinhood.com/accounts/5SE25445/,fa785cc9-e75d-40e1-ad49-9dad4a009457,https://api.robinhood.com/positions/5SE25445/b70b8c5f-34c7-4f2b-b13f-f9a957869995/,,https://api.robinhood.com/instruments/b70b8c5f-34c7-4f2b-b13f-f9a957869995/,b70b8c5f-34c7-4f2b-b13f-f9a957869995,1.00000000,33.23000000,0.00,filled,filled,,market,sell,gfd,immediate,,,1.00000000,,2020-02-28T17:11:54.490647Z,2020-02-28T17:11:55.217972Z,2020-02-28T17:11:54.731000Z,"[{'price': '33.23000000', 'quantity': '1.00000000', 'rounded_notional': None, 'settlement_date': '2020-03-03', 'timestamp': '2020-02-28T17:11:54.731000Z', 'id': '953436fb-c9cc-4182-b476-0a11b61518e9', 'ipo_access_execution_rank': None, 'trade_execution_date': None}]",False,regular_hours,False,False,,,,,,,,,"{'amount': '33.23', 'currency_code': 'USD', 'currency_id': '1072fc76-1862-41ab-82c2-485837590762'}",,False,,,,,,False,True,False,True,0,,,2.0,user,False,,order_finalized,,
04f90133-0d82-40eb-84e2-221d7526280b,5558f045-69cb-48fd-a8d1-93e7a9df496b,https://api.robinhood.com/orders/04f90133-0d82-40eb-84e2-221d7526280b/,https://api.robinhood.com/accounts/5SE25445/,fa785cc9-e75d-40e1-ad49-9dad4a009457,https://api.robinhood.com/positions/5SE25445/7f434ac7-acef-4e92-a011-da1ac3f316dd/,,https://api.robinhood.com/instruments/7f434ac7-acef-4e92-a011-da1ac3f316dd/,7f434ac7-acef-4e92-a011-da1ac3f316dd,22.00000000,2.26000000,0.00,filled,filled,,market,sell,gfd,immediate,,,22.00000000,,2020-02-28T17:11:30.630450Z,2020-02-28T17:11:31.238635Z,2020-02-28T17:11:30.820000Z,"[{'price': '2.26000000', 'quantity': '22.00000000', 'rounded_notional': None, 'settlement_date': '2020-03-03', 'timestamp': '2020-02-28T17:11:30.820000Z', 'id': 'd84bbde9-4bc2-41cd-a179-f683c04957c3', 'ipo_access_execution_rank': None, 'trade_execution_date': None}]",False,regular_hours,False,False,,,,,,,,,"{'amount': '49.72', 'currency_code': 'USD', 'currency_id': '1072fc76-1862-41ab-82c2-485837590762'}",,False,,,,,,False,True,False,True,0,,,2.0,user,False,,order_finalized,,
5982b56e-d122-4c3d-9164-932d897ec31b,4ef85532-5f00-4eca-a552-600ecf599fb1,https://api.robinhood.com/orders/5982b56e-d122-4c3d-9164-932d897ec31b/,https://api.robinhood.com/accounts/5SE25445/,fa785cc9-e75d-40e1-ad49-9dad4a009457,https://api.robinhood.com/positions/5SE25445/af24b7bd-027c-4f35-b796-6b234564bf59/,,https://api.robinhood.com/instruments/af24b7bd-027c-4f35-b796-6b234564bf59/,af24b7bd-027c-4f35-b796-6b234564bf59,3.00000000,1.98330000,0.00,filled,filled,,market,sell,gfd,immediate,,,3.00000000,,2020-02-28T17:11:11.700332Z,2020-02-28T17:11:12.372340Z,2020-02-28T17:11:11.922000Z,"[{'price': '1.98230000', 'quantity': '3.00000000', 'rounded_notional': None, 'settlement_date': '2020-03-03', 'timestamp': '2020-02-28T17:11:11.922000Z', 'id': '79cf0e3e-2118-44a8-aa09-339437d93f50', 'ipo_access_execution_rank': None, 'trade_execution_date': None}]",False,regular_hours,False,False,,,,,,,,,"{'amount': '5.95', 'currency_code': 'USD', 'currency_id': '1072fc76-1862-41ab-82c2-485837590762'}",,False,,,,,,False,True,False,True,0,,,2.0,user,False,,order_finalized,,
2d8c1101-ed0b-4410-b3fd-ba47b84ab5eb,80c48a71-9248-44bd-acef-f7dc221e662e,https://api.robinhood.com/orders/2d8c1101-ed0b-4410-b3fd-ba47b84ab5eb/,https://api.robinhood.com/accounts/5SE25445/,fa785cc9-e75d-40e1-ad49-9dad4a009457,https://api.robinhood.com/positions/5SE25445/9a5095d4-628d-4edf-a803-389731e35fb8/,,https://api.robinhood.com/instruments/9a5095d4-628d-4edf-a803-389731e35fb8/,9a5095d4-628d-4edf-a803-389731e35fb8,27.00000000,13.48000000,0.00,filled,filled,,limit,buy,gtc,immediate,13.48000000,,27.00000000,,2020-02-28T17:07:35.277068Z,2020-02-28T17:08:15.403643Z,2020-02-28T17:08:14.945000Z,"[{'price': '13.48000000', 'quantity': '27.00000000', 'rounded_notional': None, 'settlement_date': '2020-03-03', 'timestamp': '2020-02-28T17:08:14.945000Z', 'id': 'ca39564c-0693-40e8-992e-d9a40c2b836e', 'ipo_access_execution_rank': None, 'trade_execution_date': None}]",False,regular_hours,False,False,,,,,,,,"{'amount': '363.96', 'currency_code': 'USD', 'currency_id': '1072fc76-1862-41ab-82c2-485837590762'}","{'amount': '363.96', 'currency_code': 'USD', 'currency_id': '1072fc76-1862-41ab-82c2-485837590762'}",,False,,,,,,False,True,False,True,0,,,2.0,user,False,,order_finalized,,
18d0de87-60d0-4eb2-a7c1-c3b5dd85a0bd,85a6aa97-1ede-4c51-9115-a154e891a439,https://api.robinhood.com/orders/18d0de87-60d0-4eb2-a7c1-c3b5dd85a0bd/,https://api.robinhood.com/accounts/5SE25445/,fa785cc9-e75d-40e1-ad49-9dad4a009457,https://api.robinhood.com/positions/5SE25445/b4bec397-894b-4c7a-8f6d-ea07ccc5c844/,,https://api.robinhood.com/instruments/b4bec397-894b-4c7a-8f6d-ea07ccc5c844/,b4bec397-894b-4c7a-8f6d-ea07ccc5c844,14.00000000,0.39000000,0.00,filled,filled,,market,sell,gfd,immediate,,,14.00000000,,2020-02-28T17:06:13.397147Z,2020-02-28T17:06:14.165214Z,2020-02-28T17:06:13.675000Z,"[{'price': '0.39010000', 'quantity': '14.00000000', 'rounded_notional': None, 'settlement_date': '2020-03-03', 'timestamp': '2020-02-28T17:06:13.675000Z', 'id': '5c700353-1dee-473c-ac8e-65694ce2bd5f', 'ipo_access_execution_rank': None, 'trade_execution_date': None}]",False,regular_hours,False,False,,,,,,,,,"{'amount': '5.46', 'currency_code': 'USD', 'currency_id': '1072fc76-1862-41ab-82c2-485837590762'}",,False,,,,,,False,True,False,True,0,,,2.0,user,False,,order_finalized,,
9f91de1f-5e86-43ba-95a9-994bdecc227d,4c9eda4e-11d3-4cf9-be81-1ddef4e55118,https://api.robinhood.com/orders/9f91de1f-5e86-43ba-95a9-994bdecc227d/,https://api.robinhood.com/accounts/5SE25445/,fa785cc9-e75d-40e1-ad49-9dad4a009457,https://api.robinhood.com/positions/5SE25445/48bbe4a0-d167-4bfe-8d3b-494f9bb56350/,,https://api.robinhood.com/instruments/48bbe4a0-d167-4bfe-8d3b-494f9bb56350/,48bbe4a0-d167-4bfe-8d3b-494f9bb56350,1.00000000,29.91000000,0.00,filled,filled,,market,sell,gfd,immediate,,,1.00000000,,2020-02-28T17:05:38.751207Z,2020-02-28T17:05:39.511909Z,2020-02-28T17:05:39Z,"[{'price': '29.91200000', 'quantity': '1.00000000', 'rounded_notional': None, 'settlement_date': '2020-03-03', 'timestamp': '2020-02-28T17:05:39Z', 'id': '283e218f-d0a6-4c35-b752-49c44ac86d05', 'ipo_access_execution_rank': None, 'trade_execution_date': None}]",False,regular_hours,False,False,,,,,,,,,"{'amount': '29.91', 'currency_code': 'USD', 'currency_id': '1072fc76-1862-41ab-82c2-485837590762'}",,False,,,,,,False,True,False,True,0,,,2.0,user,False,,order_finalized,,
d5731a44-898d-4768-86e9-ae31a0e39ebf,2c50d642-129a-43e7-9de5-44f9c88edbcd,https://api.robinhood.com/orders/d5731a44-898d-4768-86e9-ae31a0e39ebf/,https://api.robinhood.com/accounts/5SE25445/,fa785cc9-e75d-40e1-ad49-9dad4a009457,https://api.robinhood.com/positions/5SE25445/ca6f3da5-c8f7-48c9-948e-b74aed0d6816/,,https://api.robinhood.com/instruments/ca6f3da5-c8f7-48c9-948e-b74aed0d6816/,ca6f3da5-c8f7-48c9-948e-b74aed0d6816,1.00000000,12.46000000,0.00,filled,filled,,market,sell,gfd,immediate,,,1.00000000,,2020-02-28T17:05:08.809507Z,2020-02-28T17:05:09.470651Z,2020-02-28T17:05:09.045000Z,"[{'price': '12.46230000', 'quantity': '1.00000000', 'rounded_notional': None, 'settlement_date': '2020-03-03', 'timestamp': '2020-02-28T17:05:09.045000Z', 'id': '3daf9dea-b23f-492c-8932-cd6449e17751', 'ipo_access_execution_rank': None, 'trade_execution_date': None}]",False,regular_hours,False,False,,,,,,,,,"{'amount': '12.46', 'currency_code': 'USD', 'currency_id': '1072fc76-1862-41ab-82c2-485837590762'}",,False,,,,,,False,True,False,True,0,,,2.0,user,False,,order_finalized,,
bd35c0ba-7ae6-4730-abe3-b79138853308,df4ff003-7ff5-4f59-950a-9ef55324ad71,https://api.robinhood.com/orders/bd35c0ba-7ae6-4730-abe3-b79138853308/,https://api.robinhood.com/accounts/5SE25445/,fa785cc9-e75d-40e1-ad49-9dad4a009457,https://api.robinhood.com/positions/5SE25445/6df56bd0-0bf2-44ab-8875-f94fd8526942/,,https://api.robinhood.com/instruments/6df56bd0-0bf2-44ab-8875-f94fd8526942/,6df56bd0-0bf2-44ab-8875-f94fd8526942,1.00000000,6.81000000,0.00,filled,filled,,market,sell,gfd,immediate,,,1.00000000,,2020-02-28T17:04:29.846830Z,2020-02-28T17:04:30.768041Z,2020-02-28T17:04:30.300000Z,"[{'price': '6.81280000', 'quantity': '1.00000000', 'rounded_notional': None, 'settlement_date': '2020-03-03', 'timestamp': '2020-02-28T17:04:30.300000Z', 'id': 'f571b906-e507-4dec-9442-8ff8ffab22c4', 'ipo_access_execution_rank': None, 'trade_execution_date': None}]",False,regular_hours,False,False,,,,,,,,,"{'amount': '6.81', 'currency_code': 'USD', 'currency_id': '1072fc76-1862-41ab-82c2-485837590762'}",,False,,,,,,False,True,False,True,0,,,2.0,user,False,,order_finalized,,
544f2af8-fe5e-445a-8124-0eba33c764c2,427bd7d3-b31e-470b-b485-63f11b959556,https://api.robinhood.com/orders/544f2af8-fe5e-445a-8124-0eba33c764c2/,https://api.robinhood.com/accounts/5SE25445/,fa785cc9-e75d-40e1-ad49-9dad4a009457,https://api.robinhood.com/positions/5SE25445/175731c2-c8cf-4136-ada7-4e8e9decafe2/,,https://api.robinhood.com/instruments/175731c2-c8cf-4136-ada7-4e8e9decafe2/,175731c2-c8cf-4136-ada7-4e8e9decafe2,3.00000000,9.34330000,0.00,filled,filled,,market,sell,gfd,immediate,,,3.00000000,,2020-02-28T17:04:12.723087Z,2020-02-28T17:04:13.218555Z,2020-02-28T17:04:12.867000Z,"[{'price': '9.34470000', 'quantity': '3.00000000', 'rounded_notional': None, 'settlement_date': '2020-03-03', 'timestamp': '2020-02-28T17:04:12.867000Z', 'id': 'b95fca72-225d-4204-b5c4-2a9b4de6c3bf', 'ipo_access_execution_rank': None, 'trade_execution_date': None}]",False,regular_hours,False,False,,,,,,,,,"{'amount': '28.03', 'currency_code': 'USD', 'currency_id': '1072fc76-1862-41ab-82c2-485837590762'}",,False,,,,,,False,True,False,True,0,,,2.0,user,False,,order_finalized,,
092da80a-2578-4217-bc91-18c7c5c10101,538342e4-8ed2-466a-99cd-f88937918cd4,https://api.robinhood.com/orders/092da80a-2578-4217-bc91-18c7c5c10101/,https://api.robinhood.com/accounts/5SE25445/,fa785cc9-e75d-40e1-ad49-9dad4a009457,https://api.robinhood.com/positions/5SE25445/71d81e7d-783c-4b8c-b574-ee50fcc4ce3a/,,https://api.robinhood.com/instruments/71d81e7d-783c-4b8c-b574-ee50fcc4ce3a/,71d81e7d-783c-4b8c-b574-ee50fcc4ce3a,1.00000000,1.35000000,0.00,filled,filled,,market,sell,gfd,immediate,,,1.00000000,,2020-02-28T17:03:57.094239Z,2020-02-28T17:03:57.803002Z,2020-02-28T17:03:57.341000Z,"[{'price': '1.35200000', 'quantity': '1.00000000', 'rounded_notional': None, 'settlement_date': '2020-03-03', 'timestamp': '2020-02-28T17:03:57.341000Z', 'id': '5267b7db-20cb-440a-81a2-efa668c196d4', 'ipo_access_execution_rank': None, 'trade_execution_date': None}]",False,regular_hours,False,False,,,,,,,,,"{'amount': '1.35', 'currency_code': 'USD', 'currency_id': '1072fc76-1862-41ab-82c2-485837590762'}",,False,,,,,,False,True,False,True,0,,,2.0,user,False,,order_finalized,,
973980ad-0848-450f-89c4-f9f954287294,394d4a37-6a6b-481a-b2fe-eeca0562520d,https://api.robinhood.com/orders/973980ad-0848-450f-89c4-f9f954287294/,https://api.robinhood.com/accounts/5SE25445/,fa785cc9-e75d-40e1-ad49-9dad4a009457,https://api.robinhood.com/positions/5SE25445/f786c13a-e28f-42a2-8e0e-c7e479688136/,,https://api.robinhood.com/instruments/f786c13a-e28f-42a2-8e0e-c7e479688136/,f786c13a-e28f-42a2-8e0e-c7e479688136,8.00000000,1.11000000,0.00,filled,filled,,market,sell,gfd,immediate,,,8.00000000,,2020-02-28T17:03:34.606956Z,2020-02-28T17:03:42.028080Z,2020-02-28T17:03:34.845000Z,"[{'price': '1.11000000', 'quantity': '8.00000000', 'rounded_notional': None, 'settlement_date': '2020-03-03', 'timestamp': '2020-02-28T17:03:34.845000Z', 'id': 'e118600c-a747-4340-9c87-6369cda7d83d', 'ipo_access_execution_rank': None, 'trade_execution_date': None}]",False,regular_hours,False,False,,,,,,,,,"{'amount': '8.88', 'currency_code': 'USD', 'currency_id': '1072fc76-1862-41ab-82c2-485837590762'}",,False,,,,,,False,True,False,True,0,,,2.0,user,False,,order_finalized,,
b0427d2e-1f4f-4a69-9120-65e82718c884,f5949c7e-1678-42c7-a05b-918cfb9761bb,https://api.robinhood.com/orders/b0427d2e-1f4f-4a69-9120-65e82718c884/,https://api.robinhood.com/accounts/5SE25445/,fa785cc9-e75d-40e1-ad49-9dad4a009457,https://api.robinhood.com/positions/5SE25445/d450aa90-db8a-4b4b-8b61-10440c9b931c/,,https://api.robinhood.com/instruments/d450aa90-db8a-4b4b-8b61-10440c9b931c/,d450aa90-db8a-4b4b-8b61-10440c9b931c,2.00000000,3.01000000,0.00,filled,filled,,market,sell,gfd,immediate,,,2.00000000,,2020-02-27T20:18:54.652028Z,2020-02-27T20:18:55.261579Z,2020-02-27T20:18:54.785000Z,"[{'price': '3.01010000', 'quantity': '2.00000000', 'rounded_notional': None, 'settlement_date': '2020-03-02', 'timestamp': '2020-02-27T20:18:54.785000Z', 'id': '31045382-c708-465b-bcb6-02efbbb8722c', 'ipo_access_execution_rank': None, 'trade_execution_date': None}]",False,regular_hours,False,False,,,,,,,,,"{'amount': '6.02', 'currency_code': 'USD', 'currency_id': '1072fc76-1862-41ab-82c2-485837590762'}",,False,,,,,,False,True,False,True,0,,,2.0,user,False,,order_finalized,,
cacba78a-879f-48f1-b75b-bc82de95dfe9,613e1abb-9401-409d-9797-f8d0b88e9b83,https://api.robinhood.com/orders/cacba78a-879f-48f1-b75b-bc82de95dfe9/,https://api.robinhood.com/accounts/5SE25445/,fa785cc9-e75d-40e1-ad49-9dad4a009457,https://api.robinhood.com/positions/5SE25445/2bbdb493-dbb1-4e9c-ac98-6e7c93b117c0/,,https://api.robinhood.com/instruments/2bbdb493-dbb1-4e9c-ac98-6e7c93b117c0/,2bbdb493-dbb1-4e9c-ac98-6e7c93b117c0,2.00000000,3.55000000,0.00,filled,filled,,market,sell,gfd,immediate,,,2.00000000,,2020-02-27T20:18:17.279847Z,2020-02-27T20:18:17.995053Z,2020-02-27T20:18:17.500000Z,"[{'price': '3.55220000', 'quantity': '2.00000000', 'rounded_notional': None, 'settlement_date': '2020-03-02', 'timestamp': '2020-02-27T20:18:17.500000Z', 'id': 'b66f2dbb-2e50-4b7b-b2af-d74822051576', 'ipo_access_execution_rank': None, 'trade_execution_date': None}]",False,regular_hours,False,False,,,,,,,,,"{'amount': '7.10', 'currency_code': 'USD', 'currency_id': '1072fc76-1862-41ab-82c2-485837590762'}",,False,,,,,,False,True,False,True,0,,,2.0,user,False,,order_finalized,,
1fb8a1f3-fbda-4add-8ac0-3686c111820c,815073ce-9773-437f-9d4f-85ed91b2190b,https://api.robinhood.com/orders/1fb8a1f3-fbda-4add-8ac0-3686c111820c/,https://api.robinhood.com/accounts/5SE25445/,fa785cc9-e75d-40e1-ad49-9dad4a009457,https://api.robinhood.com/positions/5SE25445/80e57408-d0ad-40da-9b82-f8a20854c93e/,,https://api.robinhood.com/instruments/80e57408-d0ad-40da-9b82-f8a20854c93e/,80e57408-d0ad-40da-9b82-f8a20854c93e,1.00000000,1.36000000,0.00,filled,filled,,market,sell,gfd,immediate,,,1.00000000,,2020-02-27T20:17:54.658891Z,2020-02-27T20:17:55.444801Z,2020-02-27T20:17:54.967000Z,"[{'price': '1.36000000', 'quantity': '1.00000000', 'rounded_notional': None, 'settlement_date': '2020-03-02', 'timestamp': '2020-02-27T20:17:54.967000Z', 'id': '4863c9c5-6e5a-4d40-80c2-22ca08036fa6', 'ipo_access_execution_rank': None, 'trade_execution_date': None}]",False,regular_hours,False,False,,,,,,,,,"{'amount': '1.36', 'currency_code': 'USD', 'currency_id': '1072fc76-1862-41ab-82c2-485837590762'}",,False,,,,,,False,True,False,True,0,,,2.0,user,False,,order_finalized,,
2cd072cd-46e0-43d3-bd6d-e6923f943a4a,67cb68e0-7f27-40b2-82c9-16a244f15328,https://api.robinhood.com/orders/2cd072cd-46e0-43d3-bd6d-e6923f943a4a/,https://api.robinhood.com/accounts/5SE25445/,fa785cc9-e75d-40e1-ad49-9dad4a009457,https://api.robinhood.com/positions/5SE25445/ef99a2c4-adb2-4163-a2df-2d5722cc75b7/,,https://api.robinhood.com/instruments/ef99a2c4-adb2-4163-a2df-2d5722cc75b7/,ef99a2c4-adb2-4163-a2df-2d5722cc75b7,40.00000000,5.38000000,0.00,filled,filled,,market,sell,gtc,stop,,5.38000000,40.00000000,,2020-02-19T18:21:20.491442Z,2020-02-19T18:24:09.512629Z,2020-02-19T18:24:09.032000Z,"[{'price': '5.38000000', 'quantity': '40.00000000', 'rounded_notional': None, 'settlement_date': '2020-02-21', 'timestamp': '2020-02-19T18:24:09.032000Z', 'id': 'db3a176f-8276-4a96-869a-16498535098c', 'ipo_access_execution_rank': None, 'trade_execution_date': None}]",False,regular_hours,False,False,,2020-02-19T18:24:09.030000Z,"{'amount': '5.38000000', 'currency_code': 'USD', 'currency_id': '1072fc76-1862-41ab-82c2-485837590762'}",2020-02-19T18:24:09.032000Z,,,,,"{'amount': '215.20', 'currency_code': 'USD', 'currency_id': '1072fc76-1862-41ab-82c2-485837590762'}",,False,,,,,,False,True,False,True,0,,,3.0,user,False,,order_finalized,,"{'type': 'price', 'price': {'currency_id': '1072fc76-1862-41ab-82c2-485837590762', 'currency_code': 'USD', 'amount': '0.02000000'}}"
aa509654-1b2c-41fb-8238-e533ef9e5f24,75b138bd-7880-4d23-ae35-b27365eef03b,https://api.robinhood.com/orders/aa509654-1b2c-41fb-8238-e533ef9e5f24/,https://api.robinhood.com/accounts/5SE25445/,fa785cc9-e75d-40e1-ad49-9dad4a009457,https://api.robinhood.com/positions/5SE25445/ef99a2c4-adb2-4163-a2df-2d5722cc75b7/,,https://api.robinhood.com/instruments/ef99a2c4-adb2-4163-a2df-2d5722cc75b7/,ef99a2c4-adb2-4163-a2df-2d5722cc75b7,36.00000000,5.37000000,0.00,filled,filled,,market,sell,gtc,stop,,5.36000000,36.00000000,,2020-02-19T18:20:24.703128Z,2020-02-19T18:26:33.295456Z,2020-02-19T18:26:32.834000Z,"[{'price': '5.37000000', 'quantity': '36.00000000', 'rounded_notional': None, 'settlement_date': '2020-02-21', 'timestamp': '2020-02-19T18:26:32.834000Z', 'id': '0fc33b13-3387-44ec-931b-7f923a272503', 'ipo_access_execution_rank': None, 'trade_execution_date': None}]",False,regular_hours,False,False,,2020-02-19T18:26:32.831000Z,"{'amount': '5.37000000', 'currency_code': 'USD', 'currency_id': '1072fc76-1862-41ab-82c2-485837590762'}",2020-02-19T18:26:32.834000Z,,,,,"{'amount': '193.32', 'currency_code': 'USD', 'currency_id': '1072fc76-1862-41ab-82c2-485837590762'}",,False,,,,,,False,True,False,True,0,,,3.0,user,False,,order_finalized,,"{'type': 'price', 'price': {'currency_id': '1072fc76-1862-41ab-82c2-485837590762', 'currency_code': 'USD', 'amount': '0.03000000'}}"
74494dae-f7c7-4dee-89d6-6ca107888213,aa5dbafc-67fc-4690-bdb0-d7f31b1ef352,https://api.robinhood.com/orders/74494dae-f7c7-4dee-89d6-6ca107888213/,https://api.robinhood.com/accounts/5SE25445/,fa785cc9-e75d-40e1-ad49-9dad4a009457,https://api.robinhood.com/positions/5SE25445/ef99a2c4-adb2-4163-a2df-2d5722cc75b7/,,https://api.robinhood.com/instruments/ef99a2c4-adb2-4163-a2df-2d5722cc75b7/,ef99a2c4-adb2-4163-a2df-2d5722cc75b7,29.00000000,5.29000000,0.00,filled,filled,,limit,buy,gtc,immediate,5.29000000,,29.00000000,,2020-02-19T18:07:32.247491Z,2020-02-19T18:07:32.843349Z,2020-02-19T18:07:32.451000Z,"[{'price': '5.28990000', 'quantity': '29.00000000', 'rounded_notional': None, 'settlement_date': '2020-02-21', 'timestamp': '2020-02-19T18:07:32.451000Z', 'id': 'a03b2330-bb8f-4259-a676-9a55763394a5', 'ipo_access_execution_rank': None, 'trade_execution_date': None}]",False,regular_hours,False,False,,,,,,,,"{'amount': '153.41', 'currency_code': 'USD', 'currency_id': '1072fc76-1862-41ab-82c2-485837590762'}","{'amount': '153.41', 'currency_code': 'USD', 'currency_id': '1072fc76-1862-41ab-82c2-485837590762'}",,False,,,,,,False,True,False,True,0,,,2.0,user,False,,order_finalized,,
3b51cc08-5d14-4687-be7a-531b1931346c,f41479a8-90af-47b7-95d0-e838a45a9f4a,https://api.robinhood.com/orders/3b51cc08-5d14-4687-be7a-531b1931346c/,https://api.robinhood.com/accounts/5SE25445/,fa785cc9-e75d-40e1-ad49-9dad4a009457,https://api.robinhood.com/positions/5SE25445/b70b8c5f-34c7-4f2b-b13f-f9a957869995/,,https://api.robinhood.com/instruments/b70b8c5f-34c7-4f2b-b13f-f9a957869995/,b70b8c5f-34c7-4f2b-b13f-f9a957869995,1.00000000,40.13000000,0.00,filled,filled,,market,buy,gfd,immediate,42.12000000,,1.00000000,,2020-02-19T17:59:09.140377Z,2020-02-19T17:59:09.752142Z,2020-02-19T17:59:09.279000Z,"[{'price': '40.12850000', 'quantity': '1.00000000', 'rounded_notional': None, 'settlement_date': '2020-02-21', 'timestamp': '2020-02-19T17:59:09.279000Z', 'id': '1c2c239f-5274-4ec0-8e58-ac9841437495', 'ipo_access_execution_rank': None, 'trade_execution_date': None}]",False,regular_hours,False,False,,,,,,,,"{'amount': '42.12', 'currency_code': 'USD', 'currency_id': '1072fc76-1862-41ab-82c2-485837590762'}","{'amount': '40.13', 'currency_code': 'USD', 'currency_id': '1072fc76-1862-41ab-82c2-485837590762'}",,False,,,,,,False,True,False,True,0,,,2.0,user,False,,order_finalized,,
9c224f6c-367c-4ecf-b257-10b074356281,9c236d97-7081-4b1b-b024-30d107e9ac5f,https://api.robinhood.com/orders/9c224f6c-367c-4ecf-b257-10b074356281/,https://api.robinhood.com/accounts/5SE25445/,fa785cc9-e75d-40e1-ad49-9dad4a009457,https://api.robinhood.com/positions/5SE25445/ef99a2c4-adb2-4163-a2df-2d5722cc75b7/,,https://api.robinhood.com/instruments/ef99a2c4-adb2-4163-a2df-2d5722cc75b7/,ef99a2c4-adb2-4163-a2df-2d5722cc75b7,0.00000000,,0.00,cancelled,cancelled,,limit,buy,gfd,immediate,5.33000000,,37.00000000,,2020-02-19T17:49:35.690948Z,2020-02-19T17:51:51.315235Z,2020-02-19T17:51:50.857000Z,[],True,extended_hours,False,False,,,,,,,,"{'amount': '197.21', 'currency_code': 'USD', 'currency_id': '1072fc76-1862-41ab-82c2-485837590762'}",,,False,user,,,,,False,True,False,True,0,,,3.0,user,False,,order_finalized,,
c24d22af-a7e8-4528-92d8-2db856a1cf72,067e7e52-fea3-4539-909f-7f79d7581d9f,https://api.robinhood.com/orders/c24d22af-a7e8-4528-92d8-2db856a1cf72/,https://api.robinhood.com/accounts/5SE25445/,fa785cc9-e75d-40e1-ad49-9dad4a009457,https://api.robinhood.com/positions/5SE25445/ef99a2c4-adb2-4163-a2df-2d5722cc75b7/,,https://api.robinhood.com/instruments/ef99a2c4-adb2-4163-a2df-2d5722cc75b7/,ef99a2c4-adb2-4163-a2df-2d5722cc75b7,0.00000000,,0.00,cancelled,cancelled,,market,sell,gtc,stop,,5.20000000,47.00000000,,2020-02-19T17:42:26.440512Z,2020-02-19T17:47:59.693052Z,2020-02-19T17:47:59.186000Z,[],False,regular_hours,False,False,,,,,,,,,,,False,user,,,,,False,True,False,True,0,,,3.0,user,False,,order_finalized,,
48a56973-4d7a-4738-a267-f89eee9efa1e,200df1e2-096a-4a8d-b8a5-2f6e8166a90d,https://api.robinhood.com/orders/48a56973-4d7a-4738-a267-f89eee9efa1e/,https://api.robinhood.com/accounts/5SE25445/,fa785cc9-e75d-40e1-ad49-9dad4a009457,https://api.robinhood.com/positions/5SE25445/ef99a2c4-adb2-4163-a2df-2d5722cc75b7/,,https://api.robinhood.com/instruments/ef99a2c4-adb2-4163-a2df-2d5722cc75b7/,ef99a2c4-adb2-4163-a2df-2d5722cc75b7,0.00000000,,0.00,cancelled,cancelled,,limit,sell,gtc,stop,4.50000000,4.40000000,47.00000000,,2020-02-18T16:09:07.262881Z,2020-02-19T17:41:23.525306Z,2020-02-19T17:41:23.071000Z,[],False,regular_hours,False,False,,,,,,,,"{'amount': '211.50', 'currency_code': 'USD', 'currency_id': '1072fc76-1862-41ab-82c2-485837590762'}",,,False,user,,,,,False,True,False,True,0,,,6.0,user,False,,order_finalized,,
3083177e-2de4-4653-811e-b7f23cddb8a2,a71bb1e6-69d0-4bbc-8662-ea0a4bf4bccb,https://api.robinhood.com/orders/3083177e-2de4-4653-811e-b7f23cddb8a2/,https://api.robinhood.com/accounts/5SE25445/,fa785cc9-e75d-40e1-ad49-9dad4a009457,https://api.robinhood.com/positions/5SE25445/ef99a2c4-adb2-4163-a2df-2d5722cc75b7/,,https://api.robinhood.com/instruments/ef99a2c4-adb2-4163-a2df-2d5722cc75b7/,ef99a2c4-adb2-4163-a2df-2d5722cc75b7,32.00000000,4.81880000,0.00,filled,filled,,limit,buy,gfd,immediate,4.82000000,,32.00000000,,2020-02-18T16:00:00.235889Z,2020-02-18T16:00:00.987107Z,2020-02-18T16:00:00.521000Z,"[{'price': '4.81880000', 'quantity': '32.00000000', 'rounded_notional': None, 'settlement_date': '2020-02-20', 'timestamp': '2020-02-18T16:00:00.521000Z', 'id': 'fed32761-bd62-4d7e-8219-e7ab3f2612b6', 'ipo_access_execution_rank': None, 'trade_execution_date': None}]",True,extended_hours,False,False,,,,,,,,"{'amount': '154.24', 'currency_code': 'USD', 'currency_id': '1072fc76-1862-41ab-82c2-485837590762'}","{'amount': '154.20', 'currency_code': 'USD', 'currency_id': '1072fc76-1862-41ab-82c2-485837590762'}",,False,,,,,,False,True,False,True,0,,,2.0,user,False,,order_finalized,,
91a1eb71-e998-4a58-b22b-a189f54d5ff0,3afe8e02-956e-418c-b4dd-8cc7c99d86bb,https://api.robinhood.com/orders/91a1eb71-e998-4a58-b22b-a189f54d5ff0/,https://api.robinhood.com/accounts/5SE25445/,fa785cc9-e75d-40e1-ad49-9dad4a009457,https://api.robinhood.com/positions/5SE25445/71d81e7d-783c-4b8c-b574-ee50fcc4ce3a/,,https://api.robinhood.com/instruments/71d81e7d-783c-4b8c-b574-ee50fcc4ce3a/,71d81e7d-783c-4b8c-b574-ee50fcc4ce3a,99.00000000,1.57200000,0.01,filled,filled,,market,sell,gfd,immediate,,,99.00000000,,2020-02-18T15:59:28.917825Z,2020-02-18T15:59:29.563991Z,2020-02-18T15:59:29.130000Z,"[{'price': '1.57200000', 'quantity': '99.00000000', 'rounded_notional': None, 'settlement_date': '2020-02-20', 'timestamp': '2020-02-18T15:59:29.130000Z', 'id': '24e9b9ae-5e18-4849-b3f4-bf42556a43e4', 'ipo_access_execution_rank': None, 'trade_execution_date': None}]",False,regular_hours,False,False,,,,,,,,,"{'amount': '155.63', 'currency_code': 'USD', 'currency_id': '1072fc76-1862-41ab-82c2-485837590762'}",,False,,,,,,False,True,False,True,0,,,2.0,user,False,,order_finalized,,
1f8cf83b-ffc6-4b68-8e2c-4e38ef6b8de5,e14f9368-6236-4db7-9ac3-a69cf235f8bb,https://api.robinhood.com/orders/1f8cf83b-ffc6-4b68-8e2c-4e38ef6b8de5/,https://api.robinhood.com/accounts/5SE25445/,fa785cc9-e75d-40e1-ad49-9dad4a009457,https://api.robinhood.com/positions/5SE25445/f6fb4ac4-fd18-4d92-b8e9-475d6b3279ce/,,https://api.robinhood.com/instruments/f6fb4ac4-fd18-4d92-b8e9-475d6b3279ce/,f6fb4ac4-fd18-4d92-b8e9-475d6b3279ce,1.00000000,2.25000000,0.00,filled,filled,,limit,buy,gfd,immediate,2.25000000,,1.00000000,,2020-02-18T15:58:23.546721Z,2020-02-18T15:58:24.246870Z,2020-02-18T15:58:23.781000Z,"[{'price': '2.24770000', 'quantity': '1.00000000', 'rounded_notional': None, 'settlement_date': '2020-02-20', 'timestamp': '2020-02-18T15:58:23.781000Z', 'id': '2be206cb-de11-40c6-b2a2-be61ff31c790', 'ipo_access_execution_rank': None, 'trade_execution_date': None}]",True,extended_hours,False,False,,,,,,,,"{'amount': '2.25', 'currency_code': 'USD', 'currency_id': '1072fc76-1862-41ab-82c2-485837590762'}","{'amount': '2.25', 'currency_code': 'USD', 'currency_id': '1072fc76-1862-41ab-82c2-485837590762'}",,False,,,,,,False,True,False,True,0,,,2.0,user,False,,order_finalized,,
98067562-8751-4b35-8de1-2a28a2738eee,016e7b44-438d-4445-aeda-1605736068fa,https://api.robinhood.com/orders/98067562-8751-4b35-8de1-2a28a2738eee/,https://api.robinhood.com/accounts/5SE25445/,fa785cc9-e75d-40e1-ad49-9dad4a009457,https://api.robinhood.com/positions/5SE25445/af24b7bd-027c-4f35-b796-6b234564bf59/,,https://api.robinhood.com/instruments/af24b7bd-027c-4f35-b796-6b234564bf59/,af24b7bd-027c-4f35-b796-6b234564bf59,1.00000000,2.71000000,0.00,filled,filled,,market,buy,gfd,immediate,2.83000000,,1.00000000,,2020-02-18T15:56:02.270383Z,2020-02-18T15:56:02.861622Z,2020-02-18T15:56:02.384000Z,"[{'price': '2.70750000', 'quantity': '1.00000000', 'rounded_notional': None, 'settlement_date': '2020-02-20', 'timestamp': '2020-02-18T15:56:02.384000Z', 'id': '0a7867b6-ba73-4b30-af04-e7ba38823155', 'ipo_access_execution_rank': None, 'trade_execution_date': None}]",False,regular_hours,False,False,,,,,,,,"{'amount': '2.83', 'currency_code': 'USD', 'currency_id': '1072fc76-1862-41ab-82c2-485837590762'}","{'amount': '2.71', 'currency_code': 'USD', 'currency_id': '1072fc76-1862-41ab-82c2-485837590762'}",,False,,,,,,False,True,False,True,0,,,2.0,user,False,,order_finalized,,
e154ad77-3e46-4329-b8fd-88bd9c05e42d,03eb1447-bc35-44c3-ba07-99bea9694334,https://api.robinhood.com/orders/e154ad77-3e46-4329-b8fd-88bd9c05e42d/,https://api.robinhood.com/accounts/5SE25445/,fa785cc9-e75d-40e1-ad49-9dad4a009457,https://api.robinhood.com/positions/5SE25445/ed43fb39-0eb7-4ae2-9658-9524c71289d3/,,https://api.robinhood.com/instruments/ed43fb39-0eb7-4ae2-9658-9524c71289d3/,ed43fb39-0eb7-4ae2-9658-9524c71289d3,1.00000000,27.59000000,0.00,filled,filled,,market,buy,gfd,immediate,28.80000000,,1.00000000,,2020-02-18T15:55:43.655396Z,2020-02-18T15:55:44.306653Z,2020-02-18T15:55:43.853000Z,"[{'price': '27.58680000', 'quantity': '1.00000000', 'rounded_notional': None, 'settlement_date': '2020-02-20', 'timestamp': '2020-02-18T15:55:43.853000Z', 'id': '5574cc4c-b73f-45a3-8210-5332efd3342c', 'ipo_access_execution_rank': None, 'trade_execution_date': None}]",False,regular_hours,False,False,,,,,,,,"{'amount': '28.80', 'currency_code': 'USD', 'currency_id': '1072fc76-1862-41ab-82c2-485837590762'}","{'amount': '27.59', 'currency_code': 'USD', 'currency_id': '1072fc76-1862-41ab-82c2-485837590762'}",,False,,,,,,False,True,False,True,0,,,2.0,user,False,,order_finalized,,
2077428f-3679-4a2e-a4d6-9650234c3397,f369e139-2511-4c1a-a8e6-8812b55661c0,https://api.robinhood.com/orders/2077428f-3679-4a2e-a4d6-9650234c3397/,https://api.robinhood.com/accounts/5SE25445/,fa785cc9-e75d-40e1-ad49-9dad4a009457,https://api.robinhood.com/positions/5SE25445/ef99a2c4-adb2-4163-a2df-2d5722cc75b7/,,https://api.robinhood.com/instruments/ef99a2c4-adb2-4163-a2df-2d5722cc75b7/,ef99a2c4-adb2-4163-a2df-2d5722cc75b7,10.00000000,4.77800000,0.00,filled,filled,,market,buy,gfd,immediate,5.01000000,,10.00000000,,2020-02-18T15:55:07.665190Z,2020-02-18T15:55:08.359302Z,2020-02-18T15:55:07.896000Z,"[{'price': '4.77770000', 'quantity': '10.00000000', 'rounded_notional': None, 'settlement_date': '2020-02-20', 'timestamp': '2020-02-18T15:55:07.896000Z', 'id': 'a97b100f-7875-4290-bcad-d5d9f11e06ce', 'ipo_access_execution_rank': None, 'trade_execution_date': None}]",False,regular_hours,False,False,,,,,,,,"{'amount': '50.10', 'currency_code': 'USD', 'currency_id': '1072fc76-1862-41ab-82c2-485837590762'}","{'amount': '47.78', 'currency_code': 'USD', 'currency_id': '1072fc76-1862-41ab-82c2-485837590762'}",,False,,,,,,False,True,False,True,0,,,2.0,user,False,,order_finalized,,
bd0ad615-ccf1-43da-ab64-dab575b2304f,2e2c364d-1943-408e-9f82-57a5a8848943,https://api.robinhood.com/orders/bd0ad615-ccf1-43da-ab64-dab575b2304f/,https://api.robinhood.com/accounts/5SE25445/,fa785cc9-e75d-40e1-ad49-9dad4a009457,https://api.robinhood.com/positions/5SE25445/ef99a2c4-adb2-4163-a2df-2d5722cc75b7/,,https://api.robinhood.com/instruments/ef99a2c4-adb2-4163-a2df-2d5722cc75b7/,ef99a2c4-adb2-4163-a2df-2d5722cc75b7,2.00000000,4.78000000,0.00,filled,filled,,market,buy,gfd,immediate,4.99000000,,2.00000000,,2020-02-18T15:54:13.073646Z,2020-02-18T15:54:13.662400Z,2020-02-18T15:54:13.232000Z,"[{'price': '4.77890000', 'quantity': '2.00000000', 'rounded_notional': None, 'settlement_date': '2020-02-20', 'timestamp': '2020-02-18T15:54:13.232000Z', 'id': 'e08f2703-732f-49c2-9927-c06dda019bda', 'ipo_access_execution_rank': None, 'trade_execution_date': None}]",False,regular_hours,False,False,,,,,,,,"{'amount': '9.98', 'currency_code': 'USD', 'currency_id': '1072fc76-1862-41ab-82c2-485837590762'}","{'amount': '9.56', 'currency_code': 'USD', 'currency_id': '1072fc76-1862-41ab-82c2-485837590762'}",,False,,,,,,False,True,False,True,0,,,2.0,user,False,,order_finalized,,
01b4fe5b-3519-41e5-858e-926b32410262,4297dab3-3afb-4122-bb45-7fc9fb7ba88c,https://api.robinhood.com/orders/01b4fe5b-3519-41e5-858e-926b32410262/,https://api.robinhood.com/accounts/5SE25445/,fa785cc9-e75d-40e1-ad49-9dad4a009457,https://api.robinhood.com/positions/5SE25445/7f434ac7-acef-4e92-a011-da1ac3f316dd/,,https://api.robinhood.com/instruments/7f434ac7-acef-4e92-a011-da1ac3f316dd/,7f434ac7-acef-4e92-a011-da1ac3f316dd,20.00000000,2.88700000,0.00,filled,filled,,market,buy,gfd,immediate,3.02000000,,20.00000000,,2020-02-18T15:53:41.383988Z,2020-02-18T15:53:41.907121Z,2020-02-18T15:53:41.480000Z,"[{'price': '2.88680000', 'quantity': '20.00000000', 'rounded_notional': None, 'settlement_date': '2020-02-20', 'timestamp': '2020-02-18T15:53:41.480000Z', 'id': '525dc1c4-4f3c-4163-af80-ed8653323fd3', 'ipo_access_execution_rank': None, 'trade_execution_date': None}]",False,regular_hours,False,False,,,,,,,,"{'amount': '60.40', 'currency_code': 'USD', 'currency_id': '1072fc76-1862-41ab-82c2-485837590762'}","{'amount': '57.74', 'currency_code': 'USD', 'currency_id': '1072fc76-1862-41ab-82c2-485837590762'}",,False,,,,,,False,True,False,True,0,,,2.0,user,False,,order_finalized,,
64c725f7-dda7-4509-95df-d4b87afc7109,663c7456-38c3-4c9f-b3a2-18756857681d,https://api.robinhood.com/orders/64c725f7-dda7-4509-95df-d4b87afc7109/,https://api.robinhood.com/accounts/5SE25445/,fa785cc9-e75d-40e1-ad49-9dad4a009457,https://api.robinhood.com/positions/5SE25445/f5d6a9ec-f1a6-4b22-a976-d255730992cf/,,https://api.robinhood.com/instruments/f5d6a9ec-f1a6-4b22-a976-d255730992cf/,f5d6a9ec-f1a6-4b22-a976-d255730992cf,15.00000000,3.94000000,0.00,filled,filled,,market,sell,gfd,immediate,,,15.00000000,,2020-02-12T15:59:15.408687Z,2020-02-12T15:59:16.079772Z,2020-02-12T15:59:15.637000Z,"[{'price': '3.94000000', 'quantity': '15.00000000', 'rounded_notional': None, 'settlement_date': '2020-02-14', 'timestamp': '2020-02-12T15:59:15.637000Z', 'id': 'c59fae9f-3640-4a95-98ed-4c4f7600c37e', 'ipo_access_execution_rank': None, 'trade_execution_date': None}]",False,regular_hours,False,False,,,,,,,,,"{'amount': '59.10', 'currency_code': 'USD', 'currency_id': '1072fc76-1862-41ab-82c2-485837590762'}",,False,,,,,,False,True,False,True,0,,,2.0,user,False,,order_finalized,,
732ecb42-72cd-4ba7-a638-67ea4167e5b4,df35e4e0-820e-4358-8520-837505d0fd77,https://api.robinhood.com/orders/732ecb42-72cd-4ba7-a638-67ea4167e5b4/,https://api.robinhood.com/accounts/5SE25445/,fa785cc9-e75d-40e1-ad49-9dad4a009457,https://api.robinhood.com/positions/5SE25445/f786c13a-e28f-42a2-8e0e-c7e479688136/,,https://api.robinhood.com/instruments/f786c13a-e28f-42a2-8e0e-c7e479688136/,f786c13a-e28f-42a2-8e0e-c7e479688136,1.00000000,1.50000000,0.00,filled,filled,,market,buy,gfd,immediate,1.56000000,,1.00000000,,2020-01-21T18:36:47.125552Z,2020-01-21T18:36:47.680266Z,2020-01-21T18:36:47.293000Z,"[{'price': '1.49500000', 'quantity': '1.00000000', 'rounded_notional': None, 'settlement_date': '2020-01-23', 'timestamp': '2020-01-21T18:36:47.293000Z', 'id': '8188d35c-6c26-4b94-ad88-66ee33304f63', 'ipo_access_execution_rank': None, 'trade_execution_date': None}]",False,regular_hours,False,False,,,,,,,,"{'amount': '1.56', 'currency_code': 'USD', 'currency_id': '1072fc76-1862-41ab-82c2-485837590762'}","{'amount': '1.50', 'currency_code': 'USD', 'currency_id': '1072fc76-1862-41ab-82c2-485837590762'}",,False,,,,,,False,True,False,True,0,,,2.0,user,False,,order_finalized,,
51c39a2f-686b-4a05-abd5-16b830b8e792,e5e1032d-0801-43ab-9448-d681ed40bf23,https://api.robinhood.com/orders/51c39a2f-686b-4a05-abd5-16b830b8e792/,https://api.robinhood.com/accounts/5SE25445/,fa785cc9-e75d-40e1-ad49-9dad4a009457,https://api.robinhood.com/positions/5SE25445/7f434ac7-acef-4e92-a011-da1ac3f316dd/,,https://api.robinhood.com/instruments/7f434ac7-acef-4e92-a011-da1ac3f316dd/,7f434ac7-acef-4e92-a011-da1ac3f316dd,1.00000000,2.11000000,0.00,filled,filled,,market,buy,gfd,immediate,2.21000000,,1.00000000,,2020-01-16T17:21:59.411054Z,2020-01-16T17:21:59.941899Z,2020-01-16T17:21:59.494000Z,"[{'price': '2.11000000', 'quantity': '1.00000000', 'rounded_notional': None, 'settlement_date': '2020-01-21', 'timestamp': '2020-01-16T17:21:59.494000Z', 'id': '48036905-48d1-417f-a659-79909b2e54e1', 'ipo_access_execution_rank': None, 'trade_execution_date': None}]",False,regular_hours,False,False,,,,,,,,"{'amount': '2.21', 'currency_code': 'USD', 'currency_id': '1072fc76-1862-41ab-82c2-485837590762'}","{'amount': '2.11', 'currency_code': 'USD', 'currency_id': '1072fc76-1862-41ab-82c2-485837590762'}",,False,,,,,,False,True,False,True,0,,,2.0,user,False,,order_finalized,,
8d303668-5837-41c4-a061-d1fa167eafbc,52c82c35-7411-4a7a-95c7-7814dd23e418,https://api.robinhood.com/orders/8d303668-5837-41c4-a061-d1fa167eafbc/,https://api.robinhood.com/accounts/5SE25445/,fa785cc9-e75d-40e1-ad49-9dad4a009457,https://api.robinhood.com/positions/5SE25445/af24b7bd-027c-4f35-b796-6b234564bf59/,,https://api.robinhood.com/instruments/af24b7bd-027c-4f35-b796-6b234564bf59/,af24b7bd-027c-4f35-b796-6b234564bf59,1.00000000,2.84000000,0.00,filled,filled,,market,buy,gfd,immediate,2.97000000,,1.00000000,,2020-01-15T15:06:01.520297Z,2020-01-15T15:06:02.112503Z,2020-01-15T15:06:01.661000Z,"[{'price': '2.83500000', 'quantity': '1.00000000', 'rounded_notional': None, 'settlement_date': '2020-01-17', 'timestamp': '2020-01-15T15:06:01.661000Z', 'id': '03b36fb0-3e8d-4a07-bd36-16da1b556c01', 'ipo_access_execution_rank': None, 'trade_execution_date': None}]",False,regular_hours,False,False,,,,,,,,"{'amount': '2.97', 'currency_code': 'USD', 'currency_id': '1072fc76-1862-41ab-82c2-485837590762'}","{'amount': '2.84', 'currency_code': 'USD', 'currency_id': '1072fc76-1862-41ab-82c2-485837590762'}",,False,,,,,,False,True,False,True,0,,,2.0,user,False,,order_finalized,,
763b816b-1551-4d0d-b9b2-b5c8b331707d,7ff61c96-136e-40f9-83de-efc9c1f389e3,https://api.robinhood.com/orders/763b816b-1551-4d0d-b9b2-b5c8b331707d/,https://api.robinhood.com/accounts/5SE25445/,fa785cc9-e75d-40e1-ad49-9dad4a009457,https://api.robinhood.com/positions/5SE25445/f5d6a9ec-f1a6-4b22-a976-d255730992cf/,,https://api.robinhood.com/instruments/f5d6a9ec-f1a6-4b22-a976-d255730992cf/,f5d6a9ec-f1a6-4b22-a976-d255730992cf,11.00000000,4.16550000,0.00,filled,filled,,market,buy,gfd,immediate,4.36000000,,11.00000000,,2020-01-15T15:04:02.291915Z,2020-01-15T15:04:02.884327Z,2020-01-15T15:04:02.411000Z,"[{'price': '4.16500000', 'quantity': '11.00000000', 'rounded_notional': None, 'settlement_date': '2020-01-17', 'timestamp': '2020-01-15T15:04:02.411000Z', 'id': '1bd861cc-04ea-485c-b3fb-4815071e6e32', 'ipo_access_execution_rank': None, 'trade_execution_date': None}]",False,regular_hours,False,False,,,,,,,,"{'amount': '47.96', 'currency_code': 'USD', 'currency_id': '1072fc76-1862-41ab-82c2-485837590762'}","{'amount': '45.82', 'currency_code': 'USD', 'currency_id': '1072fc76-1862-41ab-82c2-485837590762'}",,False,,,,,,False,True,False,True,0,,,2.0,user,False,,order_finalized,,
c8e01926-d443-42a4-a5c2-eaf0fb37f8ca,6540db58-1701-4cb8-b04e-68b22b6aeef6,https://api.robinhood.com/orders/c8e01926-d443-42a4-a5c2-eaf0fb37f8ca/,https://api.robinhood.com/accounts/5SE25445/,fa785cc9-e75d-40e1-ad49-9dad4a009457,https://api.robinhood.com/positions/5SE25445/b4bec397-894b-4c7a-8f6d-ea07ccc5c844/,,https://api.robinhood.com/instruments/b4bec397-894b-4c7a-8f6d-ea07ccc5c844/,b4bec397-894b-4c7a-8f6d-ea07ccc5c844,9.00000000,0.55780000,0.00,filled,filled,,market,buy,gfd,immediate,0.58550000,,9.00000000,,2020-01-07T19:38:25.448457Z,2020-01-07T19:38:26.037402Z,2020-01-07T19:38:25.584000Z,"[{'price': '0.55790000', 'quantity': '9.00000000', 'rounded_notional': None, 'settlement_date': '2020-01-09', 'timestamp': '2020-01-07T19:38:25.584000Z', 'id': 'c2cf5cc3-04a2-4c3c-9fca-fe7678e973ad', 'ipo_access_execution_rank': None, 'trade_execution_date': None}]",False,,False,False,,,,,,,,"{'amount': '5.27', 'currency_code': 'USD', 'currency_id': '1072fc76-1862-41ab-82c2-485837590762'}","{'amount': '5.02', 'currency_code': 'USD', 'currency_id': '1072fc76-1862-41ab-82c2-485837590762'}",,False,,,,,,False,True,False,True,0,,,2.0,user,False,,order_finalized,,
906f6f1c-42ab-42dd-b7f9-7e161d2575d9,1411d22f-110f-4416-b75f-216541f7d2a9,https://api.robinhood.com/orders/906f6f1c-42ab-42dd-b7f9-7e161d2575d9/,https://api.robinhood.com/accounts/5SE25445/,fa785cc9-e75d-40e1-ad49-9dad4a009457,https://api.robinhood.com/positions/5SE25445/d450aa90-db8a-4b4b-8b61-10440c9b931c/,,https://api.robinhood.com/instruments/d450aa90-db8a-4b4b-8b61-10440c9b931c/,d450aa90-db8a-4b4b-8b61-10440c9b931c,1.00000000,8.36000000,0.00,filled,filled,,market,buy,gfd,immediate,8.77000000,,1.00000000,,2020-01-07T19:37:47.952793Z,2020-01-07T19:37:48.555808Z,2020-01-07T19:37:48.098000Z,"[{'price': '8.35780000', 'quantity': '1.00000000', 'rounded_notional': None, 'settlement_date': '2020-01-09', 'timestamp': '2020-01-07T19:37:48.098000Z', 'id': '08f30cae-b165-44c0-a045-bdd1961917c6', 'ipo_access_execution_rank': None, 'trade_execution_date': None}]",False,,False,False,,,,,,,,"{'amount': '8.77', 'currency_code': 'USD', 'currency_id': '1072fc76-1862-41ab-82c2-485837590762'}","{'amount': '8.36', 'currency_code': 'USD', 'currency_id': '1072fc76-1862-41ab-82c2-485837590762'}",,False,,,,,,False,True,False,True,0,,,2.0,user,False,,order_finalized,,
fe82d332-521f-489e-ab45-63f46b98a3ff,cfb83b81-42e5-44c3-9967-b9caa9bed3af,https://api.robinhood.com/orders/fe82d332-521f-489e-ab45-63f46b98a3ff/,https://api.robinhood.com/accounts/5SE25445/,fa785cc9-e75d-40e1-ad49-9dad4a009457,https://api.robinhood.com/positions/5SE25445/f6fb4ac4-fd18-4d92-b8e9-475d6b3279ce/,,https://api.robinhood.com/instruments/f6fb4ac4-fd18-4d92-b8e9-475d6b3279ce/,f6fb4ac4-fd18-4d92-b8e9-475d6b3279ce,20.00000000,2.43500000,0.00,filled,filled,,market,buy,gfd,immediate,2.55000000,,20.00000000,,2020-01-07T19:37:21.093144Z,2020-01-07T19:37:21.629400Z,2020-01-07T19:37:21.218000Z,"[{'price': '2.43500000', 'quantity': '20.00000000', 'rounded_notional': None, 'settlement_date': '2020-01-09', 'timestamp': '2020-01-07T19:37:21.218000Z', 'id': 'b6868836-6cb7-4f4a-8afb-e5915978b391', 'ipo_access_execution_rank': None, 'trade_execution_date': None}]",False,,False,False,,,,,,,,"{'amount': '51.00', 'currency_code': 'USD', 'currency_id': '1072fc76-1862-41ab-82c2-485837590762'}","{'amount': '48.70', 'currency_code': 'USD', 'currency_id': '1072fc76-1862-41ab-82c2-485837590762'}",,False,,,,,,False,True,False,True,0,,,2.0,user,False,,order_finalized,,
b38e3743-775b-44ea-968d-170a6198202a,61b083c2-8376-4898-85db-8ba21ffd4100,https://api.robinhood.com/orders/b38e3743-775b-44ea-968d-170a6198202a/,https://api.robinhood.com/accounts/5SE25445/,fa785cc9-e75d-40e1-ad49-9dad4a009457,https://api.robinhood.com/positions/5SE25445/71d81e7d-783c-4b8c-b574-ee50fcc4ce3a/,,https://api.robinhood.com/instruments/71d81e7d-783c-4b8c-b574-ee50fcc4ce3a/,71d81e7d-783c-4b8c-b574-ee50fcc4ce3a,15.00000000,1.84530000,0.00,filled,filled,,market,buy,gfd,immediate,1.93000000,,15.00000000,,2020-01-07T19:27:22.802846Z,2020-01-07T19:27:23.425537Z,2020-01-07T19:27:22.939000Z,"[{'price': '1.84500000', 'quantity': '15.00000000', 'rounded_notional': None, 'settlement_date': '2020-01-09', 'timestamp': '2020-01-07T19:27:22.939000Z', 'id': '6214e433-9946-41ef-9a96-73791146a55a', 'ipo_access_execution_rank': None, 'trade_execution_date': None}]",False,,False,False,,,,,,,,"{'amount': '28.95', 'currency_code': 'USD', 'currency_id': '1072fc76-1862-41ab-82c2-485837590762'}","{'amount': '27.68', 'currency_code': 'USD', 'currency_id': '1072fc76-1862-41ab-82c2-485837590762'}",,False,,,,,,False,True,False,True,0,,,2.0,user,False,,order_finalized,,
aa2b48df-c652-4446-9289-fe718bcdce6b,e2762d04-6fb0-40f8-96fc-1bef693acbed,https://api.robinhood.com/orders/aa2b48df-c652-4446-9289-fe718bcdce6b/,https://api.robinhood.com/accounts/5SE25445/,fa785cc9-e75d-40e1-ad49-9dad4a009457,https://api.robinhood.com/positions/5SE25445/71d81e7d-783c-4b8c-b574-ee50fcc4ce3a/,,https://api.robinhood.com/instruments/71d81e7d-783c-4b8c-b574-ee50fcc4ce3a/,71d81e7d-783c-4b8c-b574-ee50fcc4ce3a,40.00000000,2.04000000,0.00,filled,filled,,limit,buy,gfd,immediate,2.04000000,,40.00000000,,2020-01-02T18:32:25.669449Z,2020-01-02T18:34:41.715719Z,2020-01-02T18:34:41.276000Z,"[{'price': '2.04000000', 'quantity': '40.00000000', 'rounded_notional': None, 'settlement_date': '2020-01-06', 'timestamp': '2020-01-02T18:34:41.276000Z', 'id': 'a75f371c-eea7-473a-9445-1361d82a1506', 'ipo_access_execution_rank': None, 'trade_execution_date': None}]",True,,False,False,,,,,,,,"{'amount': '81.60', 'currency_code': 'USD', 'currency_id': '1072fc76-1862-41ab-82c2-485837590762'}","{'amount': '81.60', 'currency_code': 'USD', 'currency_id': '1072fc76-1862-41ab-82c2-485837590762'}",,False,,,,,,False,True,False,True,0,,,2.0,user,False,,order_finalized,,
6f915b9c-23e5-494b-8e69-85e5149cdd23,67814d01-40df-46b4-bdc1-1686d855572d,https://api.robinhood.com/orders/6f915b9c-23e5-494b-8e69-85e5149cdd23/,https://api.robinhood.com/accounts/5SE25445/,fa785cc9-e75d-40e1-ad49-9dad4a009457,https://api.robinhood.com/positions/5SE25445/71d81e7d-783c-4b8c-b574-ee50fcc4ce3a/,,https://api.robinhood.com/instruments/71d81e7d-783c-4b8c-b574-ee50fcc4ce3a/,71d81e7d-783c-4b8c-b574-ee50fcc4ce3a,30.00000000,2.04500000,0.00,filled,filled,,market,buy,gfd,immediate,2.14000000,,30.00000000,,2020-01-02T18:31:56.383073Z,2020-01-02T18:31:56.926626Z,2020-01-02T18:31:56.508000Z,"[{'price': '2.04500000', 'quantity': '30.00000000', 'rounded_notional': None, 'settlement_date': '2020-01-06', 'timestamp': '2020-01-02T18:31:56.508000Z', 'id': 'd74ca7bf-d3ee-42eb-9c8c-018e1cc37bfc', 'ipo_access_execution_rank': None, 'trade_execution_date': None}]",False,,False,False,,,,,,,,"{'amount': '64.20', 'currency_code': 'USD', 'currency_id': '1072fc76-1862-41ab-82c2-485837590762'}","{'amount': '61.35', 'currency_code': 'USD', 'currency_id': '1072fc76-1862-41ab-82c2-485837590762'}",,False,,,,,,False,True,False,True,0,,,2.0,user,False,,order_finalized,,
dbe96234-b150-4eb7-988e-d803645dffa6,600303a0-5174-4d66-9ac2-410acbe16589,https://api.robinhood.com/orders/dbe96234-b150-4eb7-988e-d803645dffa6/,https://api.robinhood.com/accounts/5SE25445/,fa785cc9-e75d-40e1-ad49-9dad4a009457,https://api.robinhood.com/positions/5SE25445/71d81e7d-783c-4b8c-b574-ee50fcc4ce3a/,,https://api.robinhood.com/instruments/71d81e7d-783c-4b8c-b574-ee50fcc4ce3a/,71d81e7d-783c-4b8c-b574-ee50fcc4ce3a,0.00000000,,0.00,cancelled,cancelled,,market,buy,gfd,immediate,2.25000000,,22.00000000,,2020-01-01T21:25:54.551674Z,2020-01-01T21:26:07.553243Z,2020-01-01T21:26:07.287823Z,[],False,,False,False,,,,,,,,"{'amount': '49.50', 'currency_code': 'USD', 'currency_id': '1072fc76-1862-41ab-82c2-485837590762'}",,,False,user,,,,,False,True,False,True,0,,,1.0,user,False,,order_finalized,,
f22645d1-95f6-4174-9837-547d6a944c81,61e331b7-7c63-416f-bd18-a680a37708ad,https://api.robinhood.com/orders/f22645d1-95f6-4174-9837-547d6a944c81/,https://api.robinhood.com/accounts/5SE25445/,fa785cc9-e75d-40e1-ad49-9dad4a009457,https://api.robinhood.com/positions/5SE25445/71d81e7d-783c-4b8c-b574-ee50fcc4ce3a/,,https://api.robinhood.com/instruments/71d81e7d-783c-4b8c-b574-ee50fcc4ce3a/,71d81e7d-783c-4b8c-b574-ee50fcc4ce3a,5.00000000,2.04600000,0.00,filled,filled,,market,buy,gfd,immediate,2.14000000,,5.00000000,,2019-12-31T15:26:24.164364Z,2019-12-31T15:26:24.723857Z,2019-12-31T15:26:24.264000Z,"[{'price': '2.04500000', 'quantity': '5.00000000', 'rounded_notional': None, 'settlement_date': '2020-01-03', 'timestamp': '2019-12-31T15:26:24.264000Z', 'id': 'eebd3fce-e7dd-41f1-8ca8-d3c0f18ef583', 'ipo_access_execution_rank': None, 'trade_execution_date': None}]",False,,False,False,,,,,,,,"{'amount': '10.70', 'currency_code': 'USD', 'currency_id': '1072fc76-1862-41ab-82c2-485837590762'}","{'amount': '10.23', 'currency_code': 'USD', 'currency_id': '1072fc76-1862-41ab-82c2-485837590762'}",,False,,,,,,False,True,False,True,0,,,2.0,user,False,,order_finalized,,
0e51a8df-222d-4c54-acd1-fe15552b8ca6,cbcdaa7b-fb87-4e38-bbe1-f0aaae045aa5,https://api.robinhood.com/orders/0e51a8df-222d-4c54-acd1-fe15552b8ca6/,https://api.robinhood.com/accounts/5SE25445/,fa785cc9-e75d-40e1-ad49-9dad4a009457,https://api.robinhood.com/positions/5SE25445/0dd811b3-7047-448d-96e0-7bf6ee4cfe45/,,https://api.robinhood.com/instruments/0dd811b3-7047-448d-96e0-7bf6ee4cfe45/,0dd811b3-7047-448d-96e0-7bf6ee4cfe45,1.00000000,34.97000000,0.00,filled,filled,,market,buy,gfd,immediate,36.71000000,,1.00000000,,2019-12-17T16:28:14.836971Z,2019-12-17T16:28:15.444757Z,2019-12-17T16:28:14.951000Z,"[{'price': '34.96900000', 'quantity': '1.00000000', 'rounded_notional': None, 'settlement_date': '2019-12-19', 'timestamp': '2019-12-17T16:28:14.951000Z', 'id': 'ad0db4e1-b2bf-4b97-af25-63fd1f5fa20b', 'ipo_access_execution_rank': None, 'trade_execution_date': None}]",False,,False,False,,,,,,,,"{'amount': '36.71', 'currency_code': 'USD', 'currency_id': '1072fc76-1862-41ab-82c2-485837590762'}","{'amount': '34.97', 'currency_code': 'USD', 'currency_id': '1072fc76-1862-41ab-82c2-485837590762'}",,False,,,,,,False,True,False,True,0,,,2.0,user,False,,order_finalized,,
f59cd5ed-7a10-48c8-bd80-4a84eb15e9a6,40ae1cac-56ff-48b6-bfc0-8509767e14d7,https://api.robinhood.com/orders/f59cd5ed-7a10-48c8-bd80-4a84eb15e9a6/,https://api.robinhood.com/accounts/5SE25445/,fa785cc9-e75d-40e1-ad49-9dad4a009457,https://api.robinhood.com/positions/5SE25445/af24b7bd-027c-4f35-b796-6b234564bf59/,,https://api.robinhood.com/instruments/af24b7bd-027c-4f35-b796-6b234564bf59/,af24b7bd-027c-4f35-b796-6b234564bf59,35.00000000,1.90000000,0.00,filled,filled,,market,sell,gfd,immediate,,,35.00000000,,2019-12-17T16:23:39.458374Z,2019-12-17T16:23:40.129588Z,2019-12-17T16:23:39.662000Z,"[{'price': '1.90000000', 'quantity': '35.00000000', 'rounded_notional': None, 'settlement_date': '2019-12-19', 'timestamp': '2019-12-17T16:23:39.662000Z', 'id': 'cb8133cc-de56-4ddc-a7b6-499a2d535ac7', 'ipo_access_execution_rank': None, 'trade_execution_date': None}]",False,,False,False,,,,,,,,,"{'amount': '66.50', 'currency_code': 'USD', 'currency_id': '1072fc76-1862-41ab-82c2-485837590762'}",,False,,,,,,False,True,False,True,0,,,2.0,user,False,,order_finalized,,
4285a077-c4d1-4f9c-8a70-f1dae5bee6ac,a1a73ff7-5275-4d64-b30f-35e21b0178cd,https://api.robinhood.com/orders/4285a077-c4d1-4f9c-8a70-f1dae5bee6ac/,https://api.robinhood.com/accounts/5SE25445/,fa785cc9-e75d-40e1-ad49-9dad4a009457,https://api.robinhood.com/positions/5SE25445/ef99a2c4-adb2-4163-a2df-2d5722cc75b7/,,https://api.robinhood.com/instruments/ef99a2c4-adb2-4163-a2df-2d5722cc75b7/,ef99a2c4-adb2-4163-a2df-2d5722cc75b7,2.00000000,3.13500000,0.00,filled,filled,,market,buy,gfd,immediate,3.29000000,,2.00000000,,2019-12-17T16:21:54.352761Z,2019-12-17T16:21:54.929738Z,2019-12-17T16:21:54.474000Z,"[{'price': '3.13500000', 'quantity': '2.00000000', 'rounded_notional': None, 'settlement_date': '2019-12-19', 'timestamp': '2019-12-17T16:21:54.474000Z', 'id': 'e3341998-e555-49ce-8a36-ac5e8c83b6e4', 'ipo_access_execution_rank': None, 'trade_execution_date': None}]",False,,False,False,,,,,,,,"{'amount': '6.58', 'currency_code': 'USD', 'currency_id': '1072fc76-1862-41ab-82c2-485837590762'}","{'amount': '6.27', 'currency_code': 'USD', 'currency_id': '1072fc76-1862-41ab-82c2-485837590762'}",,False,,,,,,False,True,False,True,0,,,2.0,user,False,,order_finalized,,
a22d3382-69a8-4f8c-a166-ae44f3fd9184,3d419c2e-3c8f-4365-a2de-b35bf3322b8f,https://api.robinhood.com/orders/a22d3382-69a8-4f8c-a166-ae44f3fd9184/,https://api.robinhood.com/accounts/5SE25445/,fa785cc9-e75d-40e1-ad49-9dad4a009457,https://api.robinhood.com/positions/5SE25445/d450aa90-db8a-4b4b-8b61-10440c9b931c/,,https://api.robinhood.com/instruments/d450aa90-db8a-4b4b-8b61-10440c9b931c/,d450aa90-db8a-4b4b-8b61-10440c9b931c,1.00000000,8.15000000,0.00,filled,filled,,market,sell,gfd,immediate,,,1.00000000,,2019-12-17T16:17:10.380993Z,2019-12-17T16:17:10.997799Z,2019-12-17T16:17:10.554000Z,"[{'price': '8.15000000', 'quantity': '1.00000000', 'rounded_notional': None, 'settlement_date': '2019-12-19', 'timestamp': '2019-12-17T16:17:10.554000Z', 'id': '09c7e717-a2b0-4eb2-9a89-7ef5f7e67b3f', 'ipo_access_execution_rank': None, 'trade_execution_date': None}]",False,,False,False,,,,,,,,,"{'amount': '8.15', 'currency_code': 'USD', 'currency_id': '1072fc76-1862-41ab-82c2-485837590762'}",,False,,,,,,False,True,False,True,0,,,2.0,user,False,,order_finalized,,
153bd028-0122-4fa0-9417-7a150a560c9f,ac8f7c93-08dd-4725-b5c2-75d7d7570e25,https://api.robinhood.com/orders/153bd028-0122-4fa0-9417-7a150a560c9f/,https://api.robinhood.com/accounts/5SE25445/,fa785cc9-e75d-40e1-ad49-9dad4a009457,https://api.robinhood.com/positions/5SE25445/af24b7bd-027c-4f35-b796-6b234564bf59/,,https://api.robinhood.com/instruments/af24b7bd-027c-4f35-b796-6b234564bf59/,af24b7bd-027c-4f35-b796-6b234564bf59,10.00000000,1.78000000,0.00,filled,filled,,market,buy,gfd,immediate,1.86000000,,10.00000000,,2019-11-26T17:01:07.982764Z,2019-11-26T17:01:08.580177Z,2019-11-26T17:01:08.092000Z,"[{'price': '1.78000000', 'quantity': '10.00000000', 'rounded_notional': None, 'settlement_date': '2019-11-29', 'timestamp': '2019-11-26T17:01:08.092000Z', 'id': '8456669e-e379-4f2c-92c9-44acb3e23eaf', 'ipo_access_execution_rank': None, 'trade_execution_date': None}]",False,,False,False,,,,,,,,"{'amount': '18.60', 'currency_code': 'USD', 'currency_id': '1072fc76-1862-41ab-82c2-485837590762'}","{'amount': '17.80', 'currency_code': 'USD', 'currency_id': '1072fc76-1862-41ab-82c2-485837590762'}",,False,,,,,,False,True,False,True,0,,,2.0,user,False,,order_finalized,,
867c54a8-6127-407a-a1a8-16f7a1d9a0a6,c7cede0f-a1e0-4c0b-b24f-02253b986e2e,https://api.robinhood.com/orders/867c54a8-6127-407a-a1a8-16f7a1d9a0a6/,https://api.robinhood.com/accounts/5SE25445/,fa785cc9-e75d-40e1-ad49-9dad4a009457,https://api.robinhood.com/positions/5SE25445/681574a9-a045-490d-a5f2-889f188c4605/,,https://api.robinhood.com/instruments/681574a9-a045-490d-a5f2-889f188c4605/,681574a9-a045-490d-a5f2-889f188c4605,2.00000000,8.04500000,0.00,filled,filled,,market,buy,gfd,immediate,8.44000000,,2.00000000,,2019-11-26T17:00:04.002889Z,2019-11-26T17:00:04.605883Z,2019-11-26T17:00:04.096000Z,"[{'price': '8.04500000', 'quantity': '2.00000000', 'rounded_notional': None, 'settlement_date': '2019-11-29', 'timestamp': '2019-11-26T17:00:04.096000Z', 'id': 'e12aefa7-ebb6-4926-8bbf-377639ce081f', 'ipo_access_execution_rank': None, 'trade_execution_date': None}]",False,,False,False,,,,,,,,"{'amount': '16.88', 'currency_code': 'USD', 'currency_id': '1072fc76-1862-41ab-82c2-485837590762'}","{'amount': '16.09', 'currency_code': 'USD', 'currency_id': '1072fc76-1862-41ab-82c2-485837590762'}",,False,,,,,,False,True,False,True,0,,,2.0,user,False,,order_finalized,,
3e19ab5c-4d5b-4952-ae6e-45bf6002e427,f62ed070-09ca-4311-8ff9-8770497d87e8,https://api.robinhood.com/orders/3e19ab5c-4d5b-4952-ae6e-45bf6002e427/,https://api.robinhood.com/accounts/5SE25445/,fa785cc9-e75d-40e1-ad49-9dad4a009457,https://api.robinhood.com/positions/5SE25445/1d7d38e7-cf2d-4efa-93b0-490a627788a6/,,https://api.robinhood.com/instruments/1d7d38e7-cf2d-4efa-93b0-490a627788a6/,1d7d38e7-cf2d-4efa-93b0-490a627788a6,4.00000000,4.60500000,0.00,filled,filled,,market,buy,gfd,immediate,4.83000000,,4.00000000,,2019-11-26T16:58:33.835996Z,2019-11-26T16:58:34.432337Z,2019-11-26T16:58:34.008000Z,"[{'price': '4.60500000', 'quantity': '4.00000000', 'rounded_notional': None, 'settlement_date': '2019-11-29', 'timestamp': '2019-11-26T16:58:34.008000Z', 'id': '406198d2-0f59-4cbe-881b-0494e947721a', 'ipo_access_execution_rank': None, 'trade_execution_date': None}]",False,,False,False,,,,,,,,"{'amount': '19.32', 'currency_code': 'USD', 'currency_id': '1072fc76-1862-41ab-82c2-485837590762'}","{'amount': '18.42', 'currency_code': 'USD', 'currency_id': '1072fc76-1862-41ab-82c2-485837590762'}",,False,,,,,,False,True,False,True,0,,,2.0,user,False,,order_finalized,,
acebb894-804a-4759-af31-fd30ce22981d,cdf4895d-897c-4e9b-a07b-f4ddc028ce30,https://api.robinhood.com/orders/acebb894-804a-4759-af31-fd30ce22981d/,https://api.robinhood.com/accounts/5SE25445/,fa785cc9-e75d-40e1-ad49-9dad4a009457,https://api.robinhood.com/positions/5SE25445/71d81e7d-783c-4b8c-b574-ee50fcc4ce3a/,,https://api.robinhood.com/instruments/71d81e7d-783c-4b8c-b574-ee50fcc4ce3a/,71d81e7d-783c-4b8c-b574-ee50fcc4ce3a,5.00000000,2.48600000,0.00,filled,filled,,market,buy,gfd,immediate,2.60000000,,5.00000000,,2019-11-26T16:58:10.551599Z,2019-11-26T16:58:11.111856Z,2019-11-26T16:58:10.657000Z,"[{'price': '2.48500000', 'quantity': '5.00000000', 'rounded_notional': None, 'settlement_date': '2019-11-29', 'timestamp': '2019-11-26T16:58:10.657000Z', 'id': '72180d98-8038-45c0-b9ff-b3fc3ed11cc1', 'ipo_access_execution_rank': None, 'trade_execution_date': None}]",False,,False,False,,,,,,,,"{'amount': '13.00', 'currency_code': 'USD', 'currency_id': '1072fc76-1862-41ab-82c2-485837590762'}","{'amount': '12.43', 'currency_code': 'USD', 'currency_id': '1072fc76-1862-41ab-82c2-485837590762'}",,False,,,,,,False,True,False,True,0,,,2.0,user,False,,order_finalized,,
bc450eaf-af78-4f0f-ad8b-c16fc615ec66,02aef5b0-7760-4d73-8263-b9c6e9273e00,https://api.robinhood.com/orders/bc450eaf-af78-4f0f-ad8b-c16fc615ec66/,https://api.robinhood.com/accounts/5SE25445/,fa785cc9-e75d-40e1-ad49-9dad4a009457,https://api.robinhood.com/positions/5SE25445/66de98cc-c7c1-439e-a6ee-7f7e59a4b71d/,,https://api.robinhood.com/instruments/66de98cc-c7c1-439e-a6ee-7f7e59a4b71d/,66de98cc-c7c1-439e-a6ee-7f7e59a4b71d,1.00000000,2.52000000,0.00,filled,filled,,market,sell,gfd,immediate,,,1.00000000,,2019-11-26T16:55:11.500396Z,2019-11-26T16:55:12.285149Z,2019-11-26T16:55:11.812000Z,"[{'price': '2.52480000', 'quantity': '1.00000000', 'rounded_notional': None, 'settlement_date': '2019-11-29', 'timestamp': '2019-11-26T16:55:11.812000Z', 'id': 'bcc9c9b9-1f00-4f53-847b-00b4fa5f968f', 'ipo_access_execution_rank': None, 'trade_execution_date': None}]",False,,False,False,,,,,,,,,"{'amount': '2.52', 'currency_code': 'USD', 'currency_id': '1072fc76-1862-41ab-82c2-485837590762'}",,False,,,,,,False,True,False,True,0,,,2.0,user,False,,order_finalized,,
65c224f1-473b-45f0-a261-a2b80bc8b4b2,6145e8e7-d2d8-4443-8fae-cceb85d3ef2e,https://api.robinhood.com/orders/65c224f1-473b-45f0-a261-a2b80bc8b4b2/,https://api.robinhood.com/accounts/5SE25445/,fa785cc9-e75d-40e1-ad49-9dad4a009457,https://api.robinhood.com/positions/5SE25445/f71123c6-d1de-4e1f-8045-55c474bd54e1/,,https://api.robinhood.com/instruments/f71123c6-d1de-4e1f-8045-55c474bd54e1/,f71123c6-d1de-4e1f-8045-55c474bd54e1,7.00000000,1.35000000,0.00,filled,filled,,market,sell,gfd,immediate,,,7.00000000,,2019-11-26T16:54:41.820768Z,2019-11-26T16:54:42.487195Z,2019-11-26T16:54:42.023000Z,"[{'price': '1.35000000', 'quantity': '7.00000000', 'rounded_notional': None, 'settlement_date': '2019-11-29', 'timestamp': '2019-11-26T16:54:42.023000Z', 'id': '013cefa7-b467-4ab9-91fb-13d2a2a35aed', 'ipo_access_execution_rank': None, 'trade_execution_date': None}]",False,,False,False,,,,,,,,,"{'amount': '9.45', 'currency_code': 'USD', 'currency_id': '1072fc76-1862-41ab-82c2-485837590762'}",,False,,,,,,False,True,False,True,0,,,2.0,user,False,,order_finalized,,
a7691855-8fc3-4e61-b709-56c1ec795f8d,36be1361-770c-418a-ad7d-178b257a826e,https://api.robinhood.com/orders/a7691855-8fc3-4e61-b709-56c1ec795f8d/,https://api.robinhood.com/accounts/5SE25445/,fa785cc9-e75d-40e1-ad49-9dad4a009457,https://api.robinhood.com/positions/5SE25445/bc04f71b-e031-4d38-adee-071106edece5/,,https://api.robinhood.com/instruments/bc04f71b-e031-4d38-adee-071106edece5/,bc04f71b-e031-4d38-adee-071106edece5,5.00000000,0.92800000,0.00,filled,filled,,market,sell,gfd,immediate,,,5.00000000,,2019-11-26T16:54:01.845556Z,2019-11-26T16:54:02.413916Z,2019-11-26T16:54:02.004000Z,"[{'price': '0.92770000', 'quantity': '5.00000000', 'rounded_notional': None, 'settlement_date': '2019-11-29', 'timestamp': '2019-11-26T16:54:02.004000Z', 'id': '7d0a90e3-7a16-4c1d-a462-0ce886037498', 'ipo_access_execution_rank': None, 'trade_execution_date': None}]",False,,False,False,,,,,,,,,"{'amount': '4.64', 'currency_code': 'USD', 'currency_id': '1072fc76-1862-41ab-82c2-485837590762'}",,False,,,,,,False,True,False,True,0,,,2.0,user,False,,order_finalized,,
030b8c32-816a-43cc-80e7-89342da1d185,662b1bc8-267d-4805-85e5-18e3f858f95e,https://api.robinhood.com/orders/030b8c32-816a-43cc-80e7-89342da1d185/,https://api.robinhood.com/accounts/5SE25445/,fa785cc9-e75d-40e1-ad49-9dad4a009457,https://api.robinhood.com/positions/5SE25445/7f434ac7-acef-4e92-a011-da1ac3f316dd/,,https://api.robinhood.com/instruments/7f434ac7-acef-4e92-a011-da1ac3f316dd/,7f434ac7-acef-4e92-a011-da1ac3f316dd,45.00000000,1.93870000,0.00,filled,filled,,market,sell,gfd,immediate,,,45.00000000,,2019-11-26T16:53:01.402905Z,2019-11-26T16:53:02.103298Z,2019-11-26T16:53:01.604000Z,"[{'price': '1.93870000', 'quantity': '45.00000000', 'rounded_notional': None, 'settlement_date': '2019-11-29', 'timestamp': '2019-11-26T16:53:01.604000Z', 'id': 'd0cba08c-a087-4354-8cc4-d5987d1385fe', 'ipo_access_execution_rank': None, 'trade_execution_date': None}]",False,,False,False,,,,,,,,,"{'amount': '87.24', 'currency_code': 'USD', 'currency_id': '1072fc76-1862-41ab-82c2-485837590762'}",,False,,,,,,False,True,False,True,0,,,2.0,user,False,,order_finalized,,
54a70437-b297-4bf9-9d36-b928b977e6ac,5f6d37ff-5726-4345-8736-dfa0b3bcf1c9,https://api.robinhood.com/orders/54a70437-b297-4bf9-9d36-b928b977e6ac/,https://api.robinhood.com/accounts/5SE25445/,fa785cc9-e75d-40e1-ad49-9dad4a009457,https://api.robinhood.com/positions/5SE25445/ef99a2c4-adb2-4163-a2df-2d5722cc75b7/,,https://api.robinhood.com/instruments/ef99a2c4-adb2-4163-a2df-2d5722cc75b7/,ef99a2c4-adb2-4163-a2df-2d5722cc75b7,1.00000000,3.89000000,0.00,filled,filled,,market,buy,gfd,immediate,4.07000000,,1.00000000,,2019-11-26T16:42:39.775484Z,2019-11-26T16:42:40.365252Z,2019-11-26T16:42:39.932000Z,"[{'price': '3.88500000', 'quantity': '1.00000000', 'rounded_notional': None, 'settlement_date': '2019-11-29', 'timestamp': '2019-11-26T16:42:39.932000Z', 'id': '598060f6-b3ce-414c-8595-9d4db738b92e', 'ipo_access_execution_rank': None, 'trade_execution_date': None}]",False,,False,False,,,,,,,,"{'amount': '4.07', 'currency_code': 'USD', 'currency_id': '1072fc76-1862-41ab-82c2-485837590762'}","{'amount': '3.89', 'currency_code': 'USD', 'currency_id': '1072fc76-1862-41ab-82c2-485837590762'}",,False,,,,,,False,True,False,True,0,,,2.0,user,False,,order_finalized,,
27589ed3-37cd-4246-968c-04c3725d7e57,a9b06614-a5ef-4014-98f0-280dabf35f3f,https://api.robinhood.com/orders/27589ed3-37cd-4246-968c-04c3725d7e57/,https://api.robinhood.com/accounts/5SE25445/,fa785cc9-e75d-40e1-ad49-9dad4a009457,https://api.robinhood.com/positions/5SE25445/1092a709-620a-4c81-b09a-2d3872180002/,,https://api.robinhood.com/instruments/1092a709-620a-4c81-b09a-2d3872180002/,1092a709-620a-4c81-b09a-2d3872180002,4.00000000,1.14000000,0.00,filled,filled,,market,sell,gfd,immediate,,,4.00000000,,2019-11-25T16:58:16.882257Z,2019-11-25T16:58:17.487305Z,2019-11-25T16:58:17.066000Z,"[{'price': '1.14010000', 'quantity': '4.00000000', 'rounded_notional': None, 'settlement_date': '2019-11-27', 'timestamp': '2019-11-25T16:58:17.066000Z', 'id': '377d5c6c-f3b1-4bfb-99d8-b08e027c08c7', 'ipo_access_execution_rank': None, 'trade_execution_date': None}]",False,,False,False,,,,,,,,,"{'amount': '4.56', 'currency_code': 'USD', 'currency_id': '1072fc76-1862-41ab-82c2-485837590762'}",,False,,,,,,False,True,False,True,0,,,2.0,user,False,,order_finalized,,
7fbbde33-8585-4116-8bcf-675bc712cc04,b60fc06b-c0ec-4877-bcac-789275c040c0,https://api.robinhood.com/orders/7fbbde33-8585-4116-8bcf-675bc712cc04/,https://api.robinhood.com/accounts/5SE25445/,fa785cc9-e75d-40e1-ad49-9dad4a009457,https://api.robinhood.com/positions/5SE25445/af24b7bd-027c-4f35-b796-6b234564bf59/,,https://api.robinhood.com/instruments/af24b7bd-027c-4f35-b796-6b234564bf59/,af24b7bd-027c-4f35-b796-6b234564bf59,0.00000000,,0.00,cancelled,cancelled,,limit,sell,gtc,immediate,1.88000000,,26.00000000,,2019-11-25T16:55:30.656296Z,2019-11-26T17:01:23.812278Z,2019-11-26T17:01:23.319000Z,[],False,,False,False,,,,,,,,"{'amount': '48.88', 'currency_code': 'USD', 'currency_id': '1072fc76-1862-41ab-82c2-485837590762'}",,,False,user,,,,,False,True,False,True,0,,,4.0,user,False,,order_finalized,,
dc11a776-ece6-4d49-beac-44d1921596bc,531bb2d6-88fa-44d3-9545-c62963b50051,https://api.robinhood.com/orders/dc11a776-ece6-4d49-beac-44d1921596bc/,https://api.robinhood.com/accounts/5SE25445/,fa785cc9-e75d-40e1-ad49-9dad4a009457,https://api.robinhood.com/positions/5SE25445/2bbdb493-dbb1-4e9c-ac98-6e7c93b117c0/,,https://api.robinhood.com/instruments/2bbdb493-dbb1-4e9c-ac98-6e7c93b117c0/,2bbdb493-dbb1-4e9c-ac98-6e7c93b117c0,1.00000000,5.89000000,0.00,filled,filled,,market,buy,gfd,immediate,6.17000000,,1.00000000,,2019-11-25T16:47:07.122325Z,2019-11-25T16:47:07.803145Z,2019-11-25T16:47:07.287000Z,"[{'price': '5.89000000', 'quantity': '1.00000000', 'rounded_notional': None, 'settlement_date': '2019-11-27', 'timestamp': '2019-11-25T16:47:07.287000Z', 'id': 'cb921ab1-ce27-4b33-a616-d0060a575b0c', 'ipo_access_execution_rank': None, 'trade_execution_date': None}]",False,,False,False,,,,,,,,"{'amount': '6.17', 'currency_code': 'USD', 'currency_id': '1072fc76-1862-41ab-82c2-485837590762'}","{'amount': '5.89', 'currency_code': 'USD', 'currency_id': '1072fc76-1862-41ab-82c2-485837590762'}",,False,,,,,,False,True,False,True,0,,,2.0,user,False,,order_finalized,,
8c2c2d97-2e71-4308-acb6-d217feb2c225,131ef31f-f052-4196-b9dc-1409a73929d3,https://api.robinhood.com/orders/8c2c2d97-2e71-4308-acb6-d217feb2c225/,https://api.robinhood.com/accounts/5SE25445/,fa785cc9-e75d-40e1-ad49-9dad4a009457,https://api.robinhood.com/positions/5SE25445/681574a9-a045-490d-a5f2-889f188c4605/,,https://api.robinhood.com/instruments/681574a9-a045-490d-a5f2-889f188c4605/,681574a9-a045-490d-a5f2-889f188c4605,2.00000000,8.24000000,0.00,filled,filled,,market,buy,gfd,immediate,8.64000000,,2.00000000,,2019-11-25T16:46:27.893345Z,2019-11-25T16:46:28.561872Z,2019-11-25T16:46:28.046000Z,"[{'price': '8.23990000', 'quantity': '2.00000000', 'rounded_notional': None, 'settlement_date': '2019-11-27', 'timestamp': '2019-11-25T16:46:28.046000Z', 'id': '3ac9d921-98a3-489e-99b9-69e3a829fc61', 'ipo_access_execution_rank': None, 'trade_execution_date': None}]",False,regular_hours,False,False,,,,,,,,"{'amount': '17.28', 'currency_code': 'USD', 'currency_id': '1072fc76-1862-41ab-82c2-485837590762'}","{'amount': '16.48', 'currency_code': 'USD', 'currency_id': '1072fc76-1862-41ab-82c2-485837590762'}",,False,,,,,,False,True,False,True,0,,,2.0,user,False,,order_finalized,,
a308d0de-6324-40f4-976e-d701966d516c,270c874d-be4d-4e49-a65f-10dab0aba4d8,https://api.robinhood.com/orders/a308d0de-6324-40f4-976e-d701966d516c/,https://api.robinhood.com/accounts/5SE25445/,fa785cc9-e75d-40e1-ad49-9dad4a009457,https://api.robinhood.com/positions/5SE25445/bc04f71b-e031-4d38-adee-071106edece5/,,https://api.robinhood.com/instruments/bc04f71b-e031-4d38-adee-071106edece5/,bc04f71b-e031-4d38-adee-071106edece5,2.00000000,1.02000000,0.00,filled,filled,,market,buy,gfd,immediate,1.06000000,,2.00000000,,2019-11-25T16:46:06.164271Z,2019-11-25T16:46:06.731647Z,2019-11-25T16:46:06.294000Z,"[{'price': '1.02000000', 'quantity': '2.00000000', 'rounded_notional': None, 'settlement_date': '2019-11-27', 'timestamp': '2019-11-25T16:46:06.294000Z', 'id': '60a96e08-280a-4778-8317-924c9e35069f', 'ipo_access_execution_rank': None, 'trade_execution_date': None}]",False,,False,False,,,,,,,,"{'amount': '2.12', 'currency_code': 'USD', 'currency_id': '1072fc76-1862-41ab-82c2-485837590762'}","{'amount': '2.04', 'currency_code': 'USD', 'currency_id': '1072fc76-1862-41ab-82c2-485837590762'}",,False,,,,,,False,True,False,True,0,,,2.0,user,False,,order_finalized,,
10a49d07-bf95-455c-ba2a-6b400752b6f0,94d424f4-bf6a-4c77-8fae-e86ad2035a68,https://api.robinhood.com/orders/10a49d07-bf95-455c-ba2a-6b400752b6f0/,https://api.robinhood.com/accounts/5SE25445/,fa785cc9-e75d-40e1-ad49-9dad4a009457,https://api.robinhood.com/positions/5SE25445/bc04f71b-e031-4d38-adee-071106edece5/,,https://api.robinhood.com/instruments/bc04f71b-e031-4d38-adee-071106edece5/,bc04f71b-e031-4d38-adee-071106edece5,2.00000000,1.02000000,0.00,filled,filled,,market,buy,gfd,immediate,1.06000000,,2.00000000,,2019-11-25T16:45:46.152657Z,2019-11-25T16:45:46.833818Z,2019-11-25T16:45:46.280000Z,"[{'price': '1.02000000', 'quantity': '2.00000000', 'rounded_notional': None, 'settlement_date': '2019-11-27', 'timestamp': '2019-11-25T16:45:46.280000Z', 'id': 'f6d79af5-365b-4ace-af93-7563133423f8', 'ipo_access_execution_rank': None, 'trade_execution_date': None}]",False,,False,False,,,,,,,,"{'amount': '2.12', 'currency_code': 'USD', 'currency_id': '1072fc76-1862-41ab-82c2-485837590762'}","{'amount': '2.04', 'currency_code': 'USD', 'currency_id': '1072fc76-1862-41ab-82c2-485837590762'}",,False,,,,,,False,True,False,True,0,,,2.0,user,False,,order_finalized,,
41c98fd7-69ac-44b7-91ed-b061409c9e46,2d7a6b0f-e665-40ef-9106-82f1478e430c,https://api.robinhood.com/orders/41c98fd7-69ac-44b7-91ed-b061409c9e46/,https://api.robinhood.com/accounts/5SE25445/,fa785cc9-e75d-40e1-ad49-9dad4a009457,https://api.robinhood.com/positions/5SE25445/7f434ac7-acef-4e92-a011-da1ac3f316dd/,,https://api.robinhood.com/instruments/7f434ac7-acef-4e92-a011-da1ac3f316dd/,7f434ac7-acef-4e92-a011-da1ac3f316dd,23.00000000,1.64780000,0.00,filled,filled,,market,buy,gfd,immediate,1.73000000,,23.00000000,,2019-11-25T16:45:18.589742Z,2019-11-25T16:45:19.112458Z,2019-11-25T16:45:18.676000Z,"[{'price': '1.64800000', 'quantity': '23.00000000', 'rounded_notional': None, 'settlement_date': '2019-11-27', 'timestamp': '2019-11-25T16:45:18.676000Z', 'id': '74ebf407-cae5-462c-965d-0597ac85f0c3', 'ipo_access_execution_rank': None, 'trade_execution_date': None}]",False,,False,False,,,,,,,,"{'amount': '39.79', 'currency_code': 'USD', 'currency_id': '1072fc76-1862-41ab-82c2-485837590762'}","{'amount': '37.90', 'currency_code': 'USD', 'currency_id': '1072fc76-1862-41ab-82c2-485837590762'}",,False,,,,,,False,True,False,True,0,,,2.0,user,False,,order_finalized,,
2b518b29-845e-4a59-a59c-39064d346fc2,c12f4ab9-7a31-4b8e-a50f-e34c1ce1bfe8,https://api.robinhood.com/orders/2b518b29-845e-4a59-a59c-39064d346fc2/,https://api.robinhood.com/accounts/5SE25445/,fa785cc9-e75d-40e1-ad49-9dad4a009457,https://api.robinhood.com/positions/5SE25445/24d7c10d-ae7d-4f7c-b031-12b2cfb53424/,,https://api.robinhood.com/instruments/24d7c10d-ae7d-4f7c-b031-12b2cfb53424/,24d7c10d-ae7d-4f7c-b031-12b2cfb53424,1.00000000,98.86000000,0.00,filled,filled,,market,sell,gfd,immediate,,,1.00000000,,2019-11-25T16:44:27.226971Z,2019-11-25T16:44:27.853736Z,2019-11-25T16:44:27.376000Z,"[{'price': '98.86000000', 'quantity': '1.00000000', 'rounded_notional': None, 'settlement_date': '2019-11-27', 'timestamp': '2019-11-25T16:44:27.376000Z', 'id': '3adb6491-a7bc-4ce2-8c9a-80a24ff5c137', 'ipo_access_execution_rank': None, 'trade_execution_date': None}]",False,,False,False,,,,,,,,,"{'amount': '98.86', 'currency_code': 'USD', 'currency_id': '1072fc76-1862-41ab-82c2-485837590762'}",,False,,,,,,False,True,False,True,0,,,2.0,user,False,,order_finalized,,
eeb8b567-0d82-493f-971f-d75379cf2ea3,d30e567e-b803-4168-9aa3-a88944b4e87c,https://api.robinhood.com/orders/eeb8b567-0d82-493f-971f-d75379cf2ea3/,https://api.robinhood.com/accounts/5SE25445/,fa785cc9-e75d-40e1-ad49-9dad4a009457,https://api.robinhood.com/positions/5SE25445/b003dff4-7071-46ae-9a8d-6e4b4222edf0/,,https://api.robinhood.com/instruments/b003dff4-7071-46ae-9a8d-6e4b4222edf0/,b003dff4-7071-46ae-9a8d-6e4b4222edf0,6.00000000,5.63000000,0.02,filled,filled,,market,sell,gfd,immediate,,,6.00000000,,2019-11-20T18:01:38.766960Z,2019-11-20T18:01:39.836542Z,2019-11-20T18:01:39.386000Z,"[{'price': '5.63000000', 'quantity': '6.00000000', 'rounded_notional': None, 'settlement_date': '2019-11-22', 'timestamp': '2019-11-20T18:01:39.386000Z', 'id': 'a39d5b78-4f8f-4925-9b7f-79ca610f863c', 'ipo_access_execution_rank': None, 'trade_execution_date': None}]",False,,False,False,,,,,,,,,"{'amount': '33.78', 'currency_code': 'USD', 'currency_id': '1072fc76-1862-41ab-82c2-485837590762'}",,False,,,,,,False,True,False,True,0,,,2.0,user,False,,order_finalized,,
daf67e4f-9a5f-49e2-bd80-b027bb6c7899,6e3b414c-c222-4e88-8058-f029079e039d,https://api.robinhood.com/orders/daf67e4f-9a5f-49e2-bd80-b027bb6c7899/,https://api.robinhood.com/accounts/5SE25445/,fa785cc9-e75d-40e1-ad49-9dad4a009457,https://api.robinhood.com/positions/5SE25445/39ff611b-84e7-425b-bfb8-6fe2a983fcf3/,,https://api.robinhood.com/instruments/39ff611b-84e7-425b-bfb8-6fe2a983fcf3/,39ff611b-84e7-425b-bfb8-6fe2a983fcf3,1.00000000,11.31000000,0.02,filled,filled,,market,sell,gfd,immediate,,,1.00000000,,2019-11-20T17:59:40.517874Z,2019-11-20T17:59:41.537491Z,2019-11-20T17:59:41.070000Z,"[{'price': '11.30500000', 'quantity': '1.00000000', 'rounded_notional': None, 'settlement_date': '2019-11-22', 'timestamp': '2019-11-20T17:59:41.070000Z', 'id': '2ed6d89b-f40f-4ca5-9866-e1f52eb798de', 'ipo_access_execution_rank': None, 'trade_execution_date': None}]",False,,False,False,,,,,,,,,"{'amount': '11.31', 'currency_code': 'USD', 'currency_id': '1072fc76-1862-41ab-82c2-485837590762'}",,False,,,,,,False,True,False,True,0,,,2.0,user,False,,order_finalized,,
a7a4d2ef-42b5-4bf6-8b50-5fd47e6605fc,9a0147fa-339e-4f9a-a436-02a4c8c2e29a,https://api.robinhood.com/orders/a7a4d2ef-42b5-4bf6-8b50-5fd47e6605fc/,https://api.robinhood.com/accounts/5SE25445/,fa785cc9-e75d-40e1-ad49-9dad4a009457,https://api.robinhood.com/positions/5SE25445/0dd811b3-7047-448d-96e0-7bf6ee4cfe45/,,https://api.robinhood.com/instruments/0dd811b3-7047-448d-96e0-7bf6ee4cfe45/,0dd811b3-7047-448d-96e0-7bf6ee4cfe45,1.00000000,32.62000000,0.02,filled,filled,,market,sell,gfd,immediate,,,1.00000000,,2019-11-20T17:59:29.244240Z,2019-11-20T17:59:30.122103Z,2019-11-20T17:59:29.644000Z,"[{'price': '32.61500000', 'quantity': '1.00000000', 'rounded_notional': None, 'settlement_date': '2019-11-22', 'timestamp': '2019-11-20T17:59:29.644000Z', 'id': 'cdbb9de2-53ad-450a-a907-a7962631bf9a', 'ipo_access_execution_rank': None, 'trade_execution_date': None}]",False,,False,False,,,,,,,,,"{'amount': '32.62', 'currency_code': 'USD', 'currency_id': '1072fc76-1862-41ab-82c2-485837590762'}",,False,,,,,,False,True,False,True,0,,,2.0,user,False,,order_finalized,,
2b77b0af-9feb-443b-8120-38b2ef3dc75f,c21d021d-4fb2-41a7-814b-070a632d34f4,https://api.robinhood.com/orders/2b77b0af-9feb-443b-8120-38b2ef3dc75f/,https://api.robinhood.com/accounts/5SE25445/,fa785cc9-e75d-40e1-ad49-9dad4a009457,https://api.robinhood.com/positions/5SE25445/80256dc7-45d7-4045-9c83-ae867bcceb42/,,https://api.robinhood.com/instruments/80256dc7-45d7-4045-9c83-ae867bcceb42/,80256dc7-45d7-4045-9c83-ae867bcceb42,1.00000000,1.85000000,0.02,filled,filled,,market,sell,gfd,immediate,,,1.00000000,,2019-11-20T17:59:14.550550Z,2019-11-20T17:59:15.247419Z,2019-11-20T17:59:14.794000Z,"[{'price': '1.85010000', 'quantity': '1.00000000', 'rounded_notional': None, 'settlement_date': '2019-11-22', 'timestamp': '2019-11-20T17:59:14.794000Z', 'id': '51442b5a-a751-4bf4-8645-5ab76dec5d06', 'ipo_access_execution_rank': None, 'trade_execution_date': None}]",False,,False,False,,,,,,,,,"{'amount': '1.85', 'currency_code': 'USD', 'currency_id': '1072fc76-1862-41ab-82c2-485837590762'}",,False,,,,,,False,True,False,True,0,,,2.0,user,False,,order_finalized,,
b8e3902c-16df-4510-a8ea-8caddd8402da,febba3d6-a770-4b39-9b5e-81cf79dccfe1,https://api.robinhood.com/orders/b8e3902c-16df-4510-a8ea-8caddd8402da/,https://api.robinhood.com/accounts/5SE25445/,fa785cc9-e75d-40e1-ad49-9dad4a009457,https://api.robinhood.com/positions/5SE25445/6461e073-d21d-4371-aaf0-d24e4e7657bc/,,https://api.robinhood.com/instruments/6461e073-d21d-4371-aaf0-d24e4e7657bc/,6461e073-d21d-4371-aaf0-d24e4e7657bc,1.00000000,18.05000000,0.02,filled,filled,,market,sell,gfd,immediate,,,1.00000000,,2019-11-20T17:59:00.825537Z,2019-11-20T17:59:01.462988Z,2019-11-20T17:59:01.022000Z,"[{'price': '18.05000000', 'quantity': '1.00000000', 'rounded_notional': None, 'settlement_date': '2019-11-22', 'timestamp': '2019-11-20T17:59:01.022000Z', 'id': '452e9639-302a-4d62-a8bb-87a12e0c1388', 'ipo_access_execution_rank': None, 'trade_execution_date': None}]",False,,False,False,,,,,,,,,"{'amount': '18.05', 'currency_code': 'USD', 'currency_id': '1072fc76-1862-41ab-82c2-485837590762'}",,False,,,,,,False,True,False,True,0,,,2.0,user,False,,order_finalized,,
80ae08ea-2bb2-4d33-87e0-20481066e260,cff86fac-0ce0-4b99-b989-32d27e6c3b1d,https://api.robinhood.com/orders/80ae08ea-2bb2-4d33-87e0-20481066e260/,https://api.robinhood.com/accounts/5SE25445/,fa785cc9-e75d-40e1-ad49-9dad4a009457,https://api.robinhood.com/positions/5SE25445/8f674df5-f1e0-4121-a571-11439c2f6e84/,,https://api.robinhood.com/instruments/8f674df5-f1e0-4121-a571-11439c2f6e84/,8f674df5-f1e0-4121-a571-11439c2f6e84,1.00000000,2.41000000,0.02,filled,filled,,market,sell,gfd,immediate,,,1.00000000,,2019-11-20T17:58:47.685315Z,2019-11-20T17:58:48.312451Z,2019-11-20T17:58:47.891000Z,"[{'price': '2.41000000', 'quantity': '1.00000000', 'rounded_notional': None, 'settlement_date': '2019-11-22', 'timestamp': '2019-11-20T17:58:47.891000Z', 'id': '4d69e3ea-079f-4069-9149-ca297e7ddfe1', 'ipo_access_execution_rank': None, 'trade_execution_date': None}]",False,,False,False,,,,,,,,,"{'amount': '2.41', 'currency_code': 'USD', 'currency_id': '1072fc76-1862-41ab-82c2-485837590762'}",,False,,,,,,False,True,False,True,0,,,2.0,user,False,,order_finalized,,
f35b236c-74f5-4055-aff4-3a4e85157ce4,cda7953d-9bfd-4eee-acf3-d6494a5a3533,https://api.robinhood.com/orders/f35b236c-74f5-4055-aff4-3a4e85157ce4/,https://api.robinhood.com/accounts/5SE25445/,fa785cc9-e75d-40e1-ad49-9dad4a009457,https://api.robinhood.com/positions/5SE25445/d9023dbc-23af-48a5-9447-9fd131109725/,,https://api.robinhood.com/instruments/d9023dbc-23af-48a5-9447-9fd131109725/,d9023dbc-23af-48a5-9447-9fd131109725,1.00000000,5.66000000,0.02,filled,filled,,market,sell,gfd,immediate,,,1.00000000,,2019-11-20T17:58:35.781055Z,2019-11-20T17:58:36.673530Z,2019-11-20T17:58:36.247000Z,"[{'price': '5.66100000', 'quantity': '1.00000000', 'rounded_notional': None, 'settlement_date': '2019-11-22', 'timestamp': '2019-11-20T17:58:36.247000Z', 'id': 'ce81744e-52c4-4699-b3be-a32f5b59da85', 'ipo_access_execution_rank': None, 'trade_execution_date': None}]",False,,False,False,,,,,,,,,"{'amount': '5.66', 'currency_code': 'USD', 'currency_id': '1072fc76-1862-41ab-82c2-485837590762'}",,False,,,,,,False,True,False,True,0,,,2.0,user,False,,order_finalized,,
e2ecdcc9-42c3-4eef-97a6-31a576065cf7,63cfbd23-cad2-466a-8603-16d8f7261a39,https://api.robinhood.com/orders/e2ecdcc9-42c3-4eef-97a6-31a576065cf7/,https://api.robinhood.com/accounts/5SE25445/,fa785cc9-e75d-40e1-ad49-9dad4a009457,https://api.robinhood.com/positions/5SE25445/940fc3f5-1db5-4fed-b452-f3a2e4562b5f/,,https://api.robinhood.com/instruments/940fc3f5-1db5-4fed-b452-f3a2e4562b5f/,940fc3f5-1db5-4fed-b452-f3a2e4562b5f,1.00000000,41.21000000,0.02,filled,filled,,market,sell,gfd,immediate,,,1.00000000,,2019-11-20T17:58:02.332746Z,2019-11-20T17:58:02.941411Z,2019-11-20T17:58:02.515000Z,"[{'price': '41.21010000', 'quantity': '1.00000000', 'rounded_notional': None, 'settlement_date': '2019-11-22', 'timestamp': '2019-11-20T17:58:02.515000Z', 'id': '3fc0fc7c-65c8-4fb8-8bd6-49c1f1d589ce', 'ipo_access_execution_rank': None, 'trade_execution_date': None}]",False,,False,False,,,,,,,,,"{'amount': '41.21', 'currency_code': 'USD', 'currency_id': '1072fc76-1862-41ab-82c2-485837590762'}",,False,,,,,,False,True,False,True,0,,,2.0,user,False,,order_finalized,,
210e08da-078f-4877-8cc4-8ab4978b9830,91a2067a-29cc-45ef-8814-112dbb646037,https://api.robinhood.com/orders/210e08da-078f-4877-8cc4-8ab4978b9830/,https://api.robinhood.com/accounts/5SE25445/,fa785cc9-e75d-40e1-ad49-9dad4a009457,https://api.robinhood.com/positions/5SE25445/ecf97954-2503-4efa-9a05-4d34685e6812/,,https://api.robinhood.com/instruments/ecf97954-2503-4efa-9a05-4d34685e6812/,ecf97954-2503-4efa-9a05-4d34685e6812,1.00000000,13.59000000,0.02,filled,filled,,market,sell,gfd,immediate,,,1.00000000,,2019-11-20T17:57:45.535471Z,2019-11-20T17:57:46.201808Z,2019-11-20T17:57:45.791000Z,"[{'price': '13.59000000', 'quantity': '1.00000000', 'rounded_notional': None, 'settlement_date': '2019-11-22', 'timestamp': '2019-11-20T17:57:45.791000Z', 'id': '05f72b81-d5e0-479a-aac0-b44372a0f736', 'ipo_access_execution_rank': None, 'trade_execution_date': None}]",False,,False,False,,,,,,,,,"{'amount': '13.59', 'currency_code': 'USD', 'currency_id': '1072fc76-1862-41ab-82c2-485837590762'}",,False,,,,,,False,True,False,True,0,,,2.0,user,False,,order_finalized,,
de59eada-b5a4-49ae-9a21-9d2f7e72e5de,745a9d2b-8364-4e48-97d4-e5c24a112020,https://api.robinhood.com/orders/de59eada-b5a4-49ae-9a21-9d2f7e72e5de/,https://api.robinhood.com/accounts/5SE25445/,fa785cc9-e75d-40e1-ad49-9dad4a009457,https://api.robinhood.com/positions/5SE25445/b70b8c5f-34c7-4f2b-b13f-f9a957869995/,,https://api.robinhood.com/instruments/b70b8c5f-34c7-4f2b-b13f-f9a957869995/,b70b8c5f-34c7-4f2b-b13f-f9a957869995,1.00000000,34.92000000,0.02,filled,filled,,market,sell,gfd,immediate,,,1.00000000,,2019-11-20T17:57:27.701289Z,2019-11-20T17:57:28.387814Z,2019-11-20T17:57:27.963000Z,"[{'price': '34.91500000', 'quantity': '1.00000000', 'rounded_notional': None, 'settlement_date': '2019-11-22', 'timestamp': '2019-11-20T17:57:27.963000Z', 'id': '233691fe-cb48-483c-aaf2-674e424b4489', 'ipo_access_execution_rank': None, 'trade_execution_date': None}]",False,,False,False,,,,,,,,,"{'amount': '34.92', 'currency_code': 'USD', 'currency_id': '1072fc76-1862-41ab-82c2-485837590762'}",,False,,,,,,False,True,False,True,0,,,2.0,user,False,,order_finalized,,
d630e6a4-83c8-4e35-adb4-aba2a937c13e,2ed1a63a-0264-4549-9e5c-7a38aabb3d26,https://api.robinhood.com/orders/d630e6a4-83c8-4e35-adb4-aba2a937c13e/,https://api.robinhood.com/accounts/5SE25445/,fa785cc9-e75d-40e1-ad49-9dad4a009457,https://api.robinhood.com/positions/5SE25445/9f1399e5-5023-425a-9eb5-cd3f91560189/,,https://api.robinhood.com/instruments/9f1399e5-5023-425a-9eb5-cd3f91560189/,9f1399e5-5023-425a-9eb5-cd3f91560189,1.00000000,1.87000000,0.02,filled,filled,,market,sell,gfd,immediate,,,1.00000000,,2019-11-20T17:57:13.403593Z,2019-11-20T17:57:14.139612Z,2019-11-20T17:57:13.676000Z,"[{'price': '1.86500000', 'quantity': '1.00000000', 'rounded_notional': None, 'settlement_date': '2019-11-22', 'timestamp': '2019-11-20T17:57:13.676000Z', 'id': '112eeaa2-b464-47a4-9161-f11ab0d6b9c3', 'ipo_access_execution_rank': None, 'trade_execution_date': None}]",False,,False,False,,,,,,,,,"{'amount': '1.87', 'currency_code': 'USD', 'currency_id': '1072fc76-1862-41ab-82c2-485837590762'}",,False,,,,,,False,True,False,True,0,,,2.0,user,False,,order_finalized,,
002e9b43-8c90-4b9d-871a-b93a02e275c8,e9a0695e-9089-43c7-9480-54e38c24c87f,https://api.robinhood.com/orders/002e9b43-8c90-4b9d-871a-b93a02e275c8/,https://api.robinhood.com/accounts/5SE25445/,fa785cc9-e75d-40e1-ad49-9dad4a009457,https://api.robinhood.com/positions/5SE25445/ef99a2c4-adb2-4163-a2df-2d5722cc75b7/,,https://api.robinhood.com/instruments/ef99a2c4-adb2-4163-a2df-2d5722cc75b7/,ef99a2c4-adb2-4163-a2df-2d5722cc75b7,1.00000000,3.58000000,0.02,filled,filled,,market,sell,gfd,immediate,,,1.00000000,,2019-11-20T17:56:57.327458Z,2019-11-20T17:56:58.221406Z,2019-11-20T17:56:57.762000Z,"[{'price': '3.57500000', 'quantity': '1.00000000', 'rounded_notional': None, 'settlement_date': '2019-11-22', 'timestamp': '2019-11-20T17:56:57.762000Z', 'id': '28839c9d-7452-4792-bda8-a69cff9e5ddd', 'ipo_access_execution_rank': None, 'trade_execution_date': None}]",False,,False,False,,,,,,,,,"{'amount': '3.58', 'currency_code': 'USD', 'currency_id': '1072fc76-1862-41ab-82c2-485837590762'}",,False,,,,,,False,True,False,True,0,,,2.0,user,False,,order_finalized,,
bcc2d5c0-6285-4107-a217-f376a4354213,c51a43cf-a297-4ea8-a469-0346a41a5ee0,https://api.robinhood.com/orders/bcc2d5c0-6285-4107-a217-f376a4354213/,https://api.robinhood.com/accounts/5SE25445/,fa785cc9-e75d-40e1-ad49-9dad4a009457,https://api.robinhood.com/positions/5SE25445/71d81e7d-783c-4b8c-b574-ee50fcc4ce3a/,,https://api.robinhood.com/instruments/71d81e7d-783c-4b8c-b574-ee50fcc4ce3a/,71d81e7d-783c-4b8c-b574-ee50fcc4ce3a,4.00000000,2.83500000,0.00,filled,filled,,market,buy,gfd,immediate,2.98000000,,4.00000000,,2019-11-15T19:08:46.756948Z,2019-11-15T19:08:47.342746Z,2019-11-15T19:08:46.877000Z,"[{'price': '2.83500000', 'quantity': '4.00000000', 'rounded_notional': None, 'settlement_date': '2019-11-19', 'timestamp': '2019-11-15T19:08:46.877000Z', 'id': '65bc0960-311c-43e5-b86e-8a00c3646143', 'ipo_access_execution_rank': None, 'trade_execution_date': None}]",False,,False,False,,,,,,,,"{'amount': '11.92', 'currency_code': 'USD', 'currency_id': '1072fc76-1862-41ab-82c2-485837590762'}","{'amount': '11.34', 'currency_code': 'USD', 'currency_id': '1072fc76-1862-41ab-82c2-485837590762'}",,False,,,,,,False,True,False,True,0,,,2.0,user,False,,order_finalized,,
4b2a1e70-fccd-4a44-96b6-20acc05c7d0f,7c105c71-0794-4d3a-8372-f8a6e7bfaf09,https://api.robinhood.com/orders/4b2a1e70-fccd-4a44-96b6-20acc05c7d0f/,https://api.robinhood.com/accounts/5SE25445/,fa785cc9-e75d-40e1-ad49-9dad4a009457,https://api.robinhood.com/positions/5SE25445/8f674df5-f1e0-4121-a571-11439c2f6e84/,,https://api.robinhood.com/instruments/8f674df5-f1e0-4121-a571-11439c2f6e84/,8f674df5-f1e0-4121-a571-11439c2f6e84,1.00000000,2.37000000,0.00,filled,filled,,market,buy,gfd,immediate,2.48000000,,1.00000000,,2019-11-14T17:27:06.001877Z,2019-11-14T17:27:06.696227Z,2019-11-14T17:27:06.237000Z,"[{'price': '2.36500000', 'quantity': '1.00000000', 'rounded_notional': None, 'settlement_date': '2019-11-18', 'timestamp': '2019-11-14T17:27:06.237000Z', 'id': 'c5f4c95a-83ff-46ca-9a90-b074b226dac3', 'ipo_access_execution_rank': None, 'trade_execution_date': None}]",False,,False,False,,,,,,,,"{'amount': '2.48', 'currency_code': 'USD', 'currency_id': '1072fc76-1862-41ab-82c2-485837590762'}","{'amount': '2.37', 'currency_code': 'USD', 'currency_id': '1072fc76-1862-41ab-82c2-485837590762'}",,False,,,,,,False,True,False,True,0,,,2.0,user,False,,order_finalized,,
7008c689-2ac2-43c2-8375-34e395d43137,aba2405c-a8a2-4e12-8d94-104b06ee247c,https://api.robinhood.com/orders/7008c689-2ac2-43c2-8375-34e395d43137/,https://api.robinhood.com/accounts/5SE25445/,fa785cc9-e75d-40e1-ad49-9dad4a009457,https://api.robinhood.com/positions/5SE25445/66de98cc-c7c1-439e-a6ee-7f7e59a4b71d/,,https://api.robinhood.com/instruments/66de98cc-c7c1-439e-a6ee-7f7e59a4b71d/,66de98cc-c7c1-439e-a6ee-7f7e59a4b71d,1.00000000,2.73000000,0.00,filled,filled,,market,buy,gfd,immediate,2.86000000,,1.00000000,,2019-11-14T17:26:50.883792Z,2019-11-14T17:26:51.405949Z,2019-11-14T17:26:50.983000Z,"[{'price': '2.72500000', 'quantity': '1.00000000', 'rounded_notional': None, 'settlement_date': '2019-11-18', 'timestamp': '2019-11-14T17:26:50.983000Z', 'id': '2371817a-73fc-45e9-b780-e5c865567f86', 'ipo_access_execution_rank': None, 'trade_execution_date': None}]",False,,False,False,,,,,,,,"{'amount': '2.86', 'currency_code': 'USD', 'currency_id': '1072fc76-1862-41ab-82c2-485837590762'}","{'amount': '2.73', 'currency_code': 'USD', 'currency_id': '1072fc76-1862-41ab-82c2-485837590762'}",,False,,,,,,False,True,False,True,0,,,2.0,user,False,,order_finalized,,
0f2b13c4-a0eb-425a-9ac9-679430bc7091,577acff5-f6f8-4885-8afa-eb2fb1640e55,https://api.robinhood.com/orders/0f2b13c4-a0eb-425a-9ac9-679430bc7091/,https://api.robinhood.com/accounts/5SE25445/,fa785cc9-e75d-40e1-ad49-9dad4a009457,https://api.robinhood.com/positions/5SE25445/af24b7bd-027c-4f35-b796-6b234564bf59/,,https://api.robinhood.com/instruments/af24b7bd-027c-4f35-b796-6b234564bf59/,af24b7bd-027c-4f35-b796-6b234564bf59,10.00000000,1.88000000,0.00,filled,filled,,market,buy,gfd,immediate,1.96000000,,10.00000000,,2019-11-14T15:14:48.897634Z,2019-11-14T15:14:49.479306Z,2019-11-14T15:14:49.009000Z,"[{'price': '1.88000000', 'quantity': '10.00000000', 'rounded_notional': None, 'settlement_date': '2019-11-18', 'timestamp': '2019-11-14T15:14:49.009000Z', 'id': '9b69553a-0ec2-42d1-942c-48ca6e1675c2', 'ipo_access_execution_rank': None, 'trade_execution_date': None}]",False,,False,False,,,,,,,,"{'amount': '19.60', 'currency_code': 'USD', 'currency_id': '1072fc76-1862-41ab-82c2-485837590762'}","{'amount': '18.80', 'currency_code': 'USD', 'currency_id': '1072fc76-1862-41ab-82c2-485837590762'}",,False,,,,,,False,True,False,True,0,,,2.0,user,False,,order_finalized,,
0f6caff1-bfa3-4cf5-a3e7-75b9c6c99a1e,c371a0dd-2b43-4ff0-acc5-209d4e4fce16,https://api.robinhood.com/orders/0f6caff1-bfa3-4cf5-a3e7-75b9c6c99a1e/,https://api.robinhood.com/accounts/5SE25445/,fa785cc9-e75d-40e1-ad49-9dad4a009457,https://api.robinhood.com/positions/5SE25445/48bbe4a0-d167-4bfe-8d3b-494f9bb56350/,,https://api.robinhood.com/instruments/48bbe4a0-d167-4bfe-8d3b-494f9bb56350/,48bbe4a0-d167-4bfe-8d3b-494f9bb56350,1.00000000,37.24000000,0.00,filled,filled,,market,buy,gfd,immediate,39.07000000,,1.00000000,,2019-11-13T20:59:54.386409Z,2019-11-13T20:59:55.015555Z,2019-11-13T20:59:54.537000Z,"[{'price': '37.23500000', 'quantity': '1.00000000', 'rounded_notional': None, 'settlement_date': '2019-11-15', 'timestamp': '2019-11-13T20:59:54.537000Z', 'id': 'e0a21e3c-c1ad-477e-bf59-53b32b1396ae', 'ipo_access_execution_rank': None, 'trade_execution_date': None}]",False,,False,False,,,,,,,,"{'amount': '39.07', 'currency_code': 'USD', 'currency_id': '1072fc76-1862-41ab-82c2-485837590762'}","{'amount': '37.24', 'currency_code': 'USD', 'currency_id': '1072fc76-1862-41ab-82c2-485837590762'}",,False,,,,,,False,True,False,True,0,,,2.0,user,False,,order_finalized,,
71af6cfd-5179-4613-9152-354476a440f3,5860e132-851f-4a2c-b225-6324e6eb248e,https://api.robinhood.com/orders/71af6cfd-5179-4613-9152-354476a440f3/,https://api.robinhood.com/accounts/5SE25445/,fa785cc9-e75d-40e1-ad49-9dad4a009457,https://api.robinhood.com/positions/5SE25445/6461e073-d21d-4371-aaf0-d24e4e7657bc/,,https://api.robinhood.com/instruments/6461e073-d21d-4371-aaf0-d24e4e7657bc/,6461e073-d21d-4371-aaf0-d24e4e7657bc,1.00000000,17.79000000,0.00,filled,filled,,market,buy,gfd,immediate,18.67000000,,1.00000000,,2019-11-13T20:57:57.271368Z,2019-11-13T20:57:57.826863Z,2019-11-13T20:57:57.365000Z,"[{'price': '17.78780000', 'quantity': '1.00000000', 'rounded_notional': None, 'settlement_date': '2019-11-15', 'timestamp': '2019-11-13T20:57:57.365000Z', 'id': '8f823a30-cb37-4968-86ff-575edeb47538', 'ipo_access_execution_rank': None, 'trade_execution_date': None}]",False,,False,False,,,,,,,,"{'amount': '18.67', 'currency_code': 'USD', 'currency_id': '1072fc76-1862-41ab-82c2-485837590762'}","{'amount': '17.79', 'currency_code': 'USD', 'currency_id': '1072fc76-1862-41ab-82c2-485837590762'}",,False,,,,,,False,True,False,True,0,,,2.0,user,False,,order_finalized,,
de45a66e-1d8d-4951-b84c-925da8decb7e,2e99e1a3-aa31-468d-a80e-9748e800fd28,https://api.robinhood.com/orders/de45a66e-1d8d-4951-b84c-925da8decb7e/,https://api.robinhood.com/accounts/5SE25445/,fa785cc9-e75d-40e1-ad49-9dad4a009457,https://api.robinhood.com/positions/5SE25445/ef99a2c4-adb2-4163-a2df-2d5722cc75b7/,,https://api.robinhood.com/instruments/ef99a2c4-adb2-4163-a2df-2d5722cc75b7/,ef99a2c4-adb2-4163-a2df-2d5722cc75b7,23.00000000,3.36520000,0.02,filled,filled,,market,sell,gfd,immediate,,,23.00000000,,2019-11-13T20:52:26.376372Z,2019-11-13T20:52:27.287404Z,2019-11-13T20:52:26.797000Z,"[{'price': '3.36500000', 'quantity': '23.00000000', 'rounded_notional': None, 'settlement_date': '2019-11-15', 'timestamp': '2019-11-13T20:52:26.797000Z', 'id': '48de13be-700f-4fb1-b711-8478814d2934', 'ipo_access_execution_rank': None, 'trade_execution_date': None}]",False,,False,False,,,,,,,,,"{'amount': '77.40', 'currency_code': 'USD', 'currency_id': '1072fc76-1862-41ab-82c2-485837590762'}",,False,,,,,,False,True,False,True,0,,,2.0,user,False,,order_finalized,,
766a82e5-11cc-447f-85a8-3a916b53289a,28a571f6-d304-4a0e-a5fe-4884bd5fe8c5,https://api.robinhood.com/orders/766a82e5-11cc-447f-85a8-3a916b53289a/,https://api.robinhood.com/accounts/5SE25445/,fa785cc9-e75d-40e1-ad49-9dad4a009457,https://api.robinhood.com/positions/5SE25445/80256dc7-45d7-4045-9c83-ae867bcceb42/,,https://api.robinhood.com/instruments/80256dc7-45d7-4045-9c83-ae867bcceb42/,80256dc7-45d7-4045-9c83-ae867bcceb42,1.00000000,1.70000000,0.00,filled,filled,,market,buy,gfd,immediate,1.77000000,,1.00000000,,2019-11-13T20:46:51.179936Z,2019-11-13T20:46:51.837353Z,2019-11-13T20:46:51.325000Z,"[{'price': '1.69500000', 'quantity': '1.00000000', 'rounded_notional': None, 'settlement_date': '2019-11-15', 'timestamp': '2019-11-13T20:46:51.325000Z', 'id': '8ef51a54-fdad-4a2a-af13-db485e493847', 'ipo_access_execution_rank': None, 'trade_execution_date': None}]",False,,False,False,,,,,,,,"{'amount': '1.77', 'currency_code': 'USD', 'currency_id': '1072fc76-1862-41ab-82c2-485837590762'}","{'amount': '1.70', 'currency_code': 'USD', 'currency_id': '1072fc76-1862-41ab-82c2-485837590762'}",,False,,,,,,False,True,False,True,0,,,2.0,user,False,,order_finalized,,
e1ef35f6-1ffb-4ded-b253-ea567b01f811,d2ed2c89-1cdc-4daa-80c9-2096ac59bdd5,https://api.robinhood.com/orders/e1ef35f6-1ffb-4ded-b253-ea567b01f811/,https://api.robinhood.com/accounts/5SE25445/,fa785cc9-e75d-40e1-ad49-9dad4a009457,https://api.robinhood.com/positions/5SE25445/39ff611b-84e7-425b-bfb8-6fe2a983fcf3/,,https://api.robinhood.com/instruments/39ff611b-84e7-425b-bfb8-6fe2a983fcf3/,39ff611b-84e7-425b-bfb8-6fe2a983fcf3,1.00000000,11.26000000,0.00,filled,filled,,market,buy,gfd,immediate,11.81000000,,1.00000000,,2019-11-13T20:46:09.250162Z,2019-11-13T20:46:09.844384Z,2019-11-13T20:46:09.374000Z,"[{'price': '11.26000000', 'quantity': '1.00000000', 'rounded_notional': None, 'settlement_date': '2019-11-15', 'timestamp': '2019-11-13T20:46:09.374000Z', 'id': '7f646d0d-0aca-481e-be00-cf87465b2c26', 'ipo_access_execution_rank': None, 'trade_execution_date': None}]",False,,False,False,,,,,,,,"{'amount': '11.81', 'currency_code': 'USD', 'currency_id': '1072fc76-1862-41ab-82c2-485837590762'}","{'amount': '11.26', 'currency_code': 'USD', 'currency_id': '1072fc76-1862-41ab-82c2-485837590762'}",,False,,,,,,False,True,False,True,0,,,2.0,user,False,,order_finalized,,
30192e63-06a9-4564-8dae-78469beba9ca,0c939727-c2ee-4df1-a9aa-f9ae5edf4600,https://api.robinhood.com/orders/30192e63-06a9-4564-8dae-78469beba9ca/,https://api.robinhood.com/accounts/5SE25445/,fa785cc9-e75d-40e1-ad49-9dad4a009457,https://api.robinhood.com/positions/5SE25445/940fc3f5-1db5-4fed-b452-f3a2e4562b5f/,,https://api.robinhood.com/instruments/940fc3f5-1db5-4fed-b452-f3a2e4562b5f/,940fc3f5-1db5-4fed-b452-f3a2e4562b5f,1.00000000,37.53000000,0.00,filled,filled,,market,buy,gfd,immediate,39.40000000,,1.00000000,,2019-11-13T20:45:34.913947Z,2019-11-13T20:45:35.518653Z,2019-11-13T20:45:35.037000Z,"[{'price': '37.52500000', 'quantity': '1.00000000', 'rounded_notional': None, 'settlement_date': '2019-11-15', 'timestamp': '2019-11-13T20:45:35.037000Z', 'id': '2dc778af-8a44-4d75-9e9a-5f41e2633ca8', 'ipo_access_execution_rank': None, 'trade_execution_date': None}]",False,,False,False,,,,,,,,"{'amount': '39.40', 'currency_code': 'USD', 'currency_id': '1072fc76-1862-41ab-82c2-485837590762'}","{'amount': '37.53', 'currency_code': 'USD', 'currency_id': '1072fc76-1862-41ab-82c2-485837590762'}",,False,,,,,,False,True,False,True,0,,,2.0,user,False,,order_finalized,,
74993e94-7bc4-4d58-b2a4-1d21c8dd13b2,ba87edf5-98a6-45d9-bbe5-da38d2086c7b,https://api.robinhood.com/orders/74993e94-7bc4-4d58-b2a4-1d21c8dd13b2/,https://api.robinhood.com/accounts/5SE25445/,fa785cc9-e75d-40e1-ad49-9dad4a009457,https://api.robinhood.com/positions/5SE25445/1092a709-620a-4c81-b09a-2d3872180002/,,https://api.robinhood.com/instruments/1092a709-620a-4c81-b09a-2d3872180002/,1092a709-620a-4c81-b09a-2d3872180002,2.00000000,0.99500000,0.00,filled,filled,,market,buy,gfd,immediate,1.04000000,,2.00000000,,2019-11-13T20:44:33.176277Z,2019-11-13T20:44:33.701296Z,2019-11-13T20:44:33.292000Z,"[{'price': '0.99710000', 'quantity': '2.00000000', 'rounded_notional': None, 'settlement_date': '2019-11-15', 'timestamp': '2019-11-13T20:44:33.292000Z', 'id': '3a8a050c-23eb-45c9-af8b-4e04bbba89e1', 'ipo_access_execution_rank': None, 'trade_execution_date': None}]",False,,False,False,,,,,,,,"{'amount': '2.08', 'currency_code': 'USD', 'currency_id': '1072fc76-1862-41ab-82c2-485837590762'}","{'amount': '1.99', 'currency_code': 'USD', 'currency_id': '1072fc76-1862-41ab-82c2-485837590762'}",,False,,,,,,False,True,False,True,0,,,2.0,user,False,,order_finalized,,
a6fab49a-5394-4121-9598-2bc2d20dd142,de92ffe5-4a2d-4247-b022-26f6d9f08bcf,https://api.robinhood.com/orders/a6fab49a-5394-4121-9598-2bc2d20dd142/,https://api.robinhood.com/accounts/5SE25445/,fa785cc9-e75d-40e1-ad49-9dad4a009457,https://api.robinhood.com/positions/5SE25445/d450aa90-db8a-4b4b-8b61-10440c9b931c/,,https://api.robinhood.com/instruments/d450aa90-db8a-4b4b-8b61-10440c9b931c/,d450aa90-db8a-4b4b-8b61-10440c9b931c,1.00000000,8.69000000,0.00,filled,filled,,market,buy,gfd,immediate,9.12000000,,1.00000000,,2019-11-13T20:44:18.420074Z,2019-11-13T20:44:19.009363Z,2019-11-13T20:44:18.565000Z,"[{'price': '8.68630000', 'quantity': '1.00000000', 'rounded_notional': None, 'settlement_date': '2019-11-15', 'timestamp': '2019-11-13T20:44:18.565000Z', 'id': '1767e260-d111-49de-adcc-48afba4172a7', 'ipo_access_execution_rank': None, 'trade_execution_date': None}]",False,,False,False,,,,,,,,"{'amount': '9.12', 'currency_code': 'USD', 'currency_id': '1072fc76-1862-41ab-82c2-485837590762'}","{'amount': '8.69', 'currency_code': 'USD', 'currency_id': '1072fc76-1862-41ab-82c2-485837590762'}",,False,,,,,,False,True,False,True,0,,,2.0,user,False,,order_finalized,,
09db6a97-58da-4852-afd2-202279eadb95,49b98479-6193-4b4c-b223-114ec4b5550b,https://api.robinhood.com/orders/09db6a97-58da-4852-afd2-202279eadb95/,https://api.robinhood.com/accounts/5SE25445/,fa785cc9-e75d-40e1-ad49-9dad4a009457,https://api.robinhood.com/positions/5SE25445/af24b7bd-027c-4f35-b796-6b234564bf59/,,https://api.robinhood.com/instruments/af24b7bd-027c-4f35-b796-6b234564bf59/,af24b7bd-027c-4f35-b796-6b234564bf59,8.00000000,1.68500000,0.00,filled,filled,,market,buy,gfd,immediate,1.76000000,,8.00000000,,2019-11-13T20:43:01.000992Z,2019-11-13T20:43:01.866318Z,2019-11-13T20:43:01.418000Z,"[{'price': '1.68500000', 'quantity': '8.00000000', 'rounded_notional': None, 'settlement_date': '2019-11-15', 'timestamp': '2019-11-13T20:43:01.418000Z', 'id': '4ddffac1-9722-4355-be4d-ade0b417d0e9', 'ipo_access_execution_rank': None, 'trade_execution_date': None}]",False,,False,False,,,,,,,,"{'amount': '14.08', 'currency_code': 'USD', 'currency_id': '1072fc76-1862-41ab-82c2-485837590762'}","{'amount': '13.48', 'currency_code': 'USD', 'currency_id': '1072fc76-1862-41ab-82c2-485837590762'}",,False,,,,,,False,True,False,True,0,,,2.0,user,False,,order_finalized,,
759ccda7-a0db-4536-afe6-21447302db23,b7fa3f7f-5d54-4162-9454-a3121c2b61db,https://api.robinhood.com/orders/759ccda7-a0db-4536-afe6-21447302db23/,https://api.robinhood.com/accounts/5SE25445/,fa785cc9-e75d-40e1-ad49-9dad4a009457,https://api.robinhood.com/positions/5SE25445/af24b7bd-027c-4f35-b796-6b234564bf59/,,https://api.robinhood.com/instruments/af24b7bd-027c-4f35-b796-6b234564bf59/,af24b7bd-027c-4f35-b796-6b234564bf59,8.00000000,2.00500000,0.00,filled,filled,,market,buy,gfd,immediate,2.11000000,,8.00000000,,2019-11-07T20:53:59.612898Z,2019-11-07T20:54:00.167365Z,2019-11-07T20:53:59.734000Z,"[{'price': '2.00500000', 'quantity': '8.00000000', 'rounded_notional': None, 'settlement_date': '2019-11-12', 'timestamp': '2019-11-07T20:53:59.734000Z', 'id': '38f9533d-4cd4-48f6-a9e7-112cb99a9eb8', 'ipo_access_execution_rank': None, 'trade_execution_date': None}]",False,,False,False,,,,,,,,"{'amount': '16.88', 'currency_code': 'USD', 'currency_id': '1072fc76-1862-41ab-82c2-485837590762'}","{'amount': '16.04', 'currency_code': 'USD', 'currency_id': '1072fc76-1862-41ab-82c2-485837590762'}",,False,,,,,,False,True,False,True,0,,,2.0,user,False,,order_finalized,,
bd4a7e34-4fcb-4149-ae8e-6d71fa9ed0a6,136a146b-ccb2-447c-b5d7-16407d30ffab,https://api.robinhood.com/orders/bd4a7e34-4fcb-4149-ae8e-6d71fa9ed0a6/,https://api.robinhood.com/accounts/5SE25445/,fa785cc9-e75d-40e1-ad49-9dad4a009457,https://api.robinhood.com/positions/5SE25445/b70b8c5f-34c7-4f2b-b13f-f9a957869995/,,https://api.robinhood.com/instruments/b70b8c5f-34c7-4f2b-b13f-f9a957869995/,b70b8c5f-34c7-4f2b-b13f-f9a957869995,1.00000000,32.72000000,0.00,filled,filled,,market,buy,gfd,immediate,34.35000000,,1.00000000,,2019-11-07T17:08:29.660628Z,2019-11-07T17:08:30.230036Z,2019-11-07T17:08:29.799000Z,"[{'price': '32.71700000', 'quantity': '1.00000000', 'rounded_notional': None, 'settlement_date': '2019-11-12', 'timestamp': '2019-11-07T17:08:29.799000Z', 'id': '8edf1bd9-28a7-4b61-86a6-f28d39db3566', 'ipo_access_execution_rank': None, 'trade_execution_date': None}]",False,,False,False,,,,,,,,"{'amount': '34.35', 'currency_code': 'USD', 'currency_id': '1072fc76-1862-41ab-82c2-485837590762'}","{'amount': '32.72', 'currency_code': 'USD', 'currency_id': '1072fc76-1862-41ab-82c2-485837590762'}",,False,,,,,,False,True,False,True,0,,,2.0,user,False,,order_finalized,,
51b4ad29-7c12-4be9-839a-0775cd9e67cf,98c08d5b-7cb2-4df6-82f3-3518d29a054e,https://api.robinhood.com/orders/51b4ad29-7c12-4be9-839a-0775cd9e67cf/,https://api.robinhood.com/accounts/5SE25445/,fa785cc9-e75d-40e1-ad49-9dad4a009457,https://api.robinhood.com/positions/5SE25445/d9023dbc-23af-48a5-9447-9fd131109725/,,https://api.robinhood.com/instruments/d9023dbc-23af-48a5-9447-9fd131109725/,d9023dbc-23af-48a5-9447-9fd131109725,1.00000000,5.64000000,0.00,filled,filled,,market,buy,gfd,immediate,5.92000000,,1.00000000,,2019-11-06T20:49:43.766911Z,2019-11-06T20:49:44.311754Z,2019-11-06T20:49:43.858000Z,"[{'price': '5.63700000', 'quantity': '1.00000000', 'rounded_notional': None, 'settlement_date': '2019-11-08', 'timestamp': '2019-11-06T20:49:43.858000Z', 'id': 'cd57bf18-976a-4a50-a72a-648d88522d05', 'ipo_access_execution_rank': None, 'trade_execution_date': None}]",False,,False,False,,,,,,,,"{'amount': '5.92', 'currency_code': 'USD', 'currency_id': '1072fc76-1862-41ab-82c2-485837590762'}","{'amount': '5.64', 'currency_code': 'USD', 'currency_id': '1072fc76-1862-41ab-82c2-485837590762'}",,False,,,,,,False,True,False,True,0,,,2.0,user,False,,order_finalized,,
34cf1553-e1c6-41a6-9166-0fd68da808af,98eddcc4-8f24-4cc9-b813-f8ef2f6712c0,https://api.robinhood.com/orders/34cf1553-e1c6-41a6-9166-0fd68da808af/,https://api.robinhood.com/accounts/5SE25445/,fa785cc9-e75d-40e1-ad49-9dad4a009457,https://api.robinhood.com/positions/5SE25445/bc04f71b-e031-4d38-adee-071106edece5/,,https://api.robinhood.com/instruments/bc04f71b-e031-4d38-adee-071106edece5/,bc04f71b-e031-4d38-adee-071106edece5,1.00000000,2.02000000,0.00,filled,filled,,market,buy,gfd,immediate,2.12000000,,1.00000000,,2019-11-06T20:49:18.852795Z,2019-11-06T20:49:19.436561Z,2019-11-06T20:49:19.018000Z,"[{'price': '2.02000000', 'quantity': '1.00000000', 'rounded_notional': None, 'settlement_date': '2019-11-08', 'timestamp': '2019-11-06T20:49:19.018000Z', 'id': '9c260aaa-444c-48dd-9427-f745b7b60e02', 'ipo_access_execution_rank': None, 'trade_execution_date': None}]",False,,False,False,,,,,,,,"{'amount': '2.12', 'currency_code': 'USD', 'currency_id': '1072fc76-1862-41ab-82c2-485837590762'}","{'amount': '2.02', 'currency_code': 'USD', 'currency_id': '1072fc76-1862-41ab-82c2-485837590762'}",,False,,,,,,False,True,False,True,0,,,2.0,user,False,,order_finalized,,
eacbeea9-4244-4277-8a34-4e9d08faabc1,fe281178-b5cc-4d64-b178-2e4ffa6a4079,https://api.robinhood.com/orders/eacbeea9-4244-4277-8a34-4e9d08faabc1/,https://api.robinhood.com/accounts/5SE25445/,fa785cc9-e75d-40e1-ad49-9dad4a009457,https://api.robinhood.com/positions/5SE25445/ed43fb39-0eb7-4ae2-9658-9524c71289d3/,,https://api.robinhood.com/instruments/ed43fb39-0eb7-4ae2-9658-9524c71289d3/,ed43fb39-0eb7-4ae2-9658-9524c71289d3,1.00000000,22.78000000,0.00,filled,filled,,market,buy,gfd,immediate,23.91000000,,1.00000000,,2019-11-06T20:48:34.890072Z,2019-11-06T20:48:35.562768Z,2019-11-06T20:48:35.073000Z,"[{'price': '22.78000000', 'quantity': '1.00000000', 'rounded_notional': None, 'settlement_date': '2019-11-08', 'timestamp': '2019-11-06T20:48:35.073000Z', 'id': '3219f260-8447-4fea-91df-17d5bb6ee7ca', 'ipo_access_execution_rank': None, 'trade_execution_date': None}]",False,,False,False,,,,,,,,"{'amount': '23.91', 'currency_code': 'USD', 'currency_id': '1072fc76-1862-41ab-82c2-485837590762'}","{'amount': '22.78', 'currency_code': 'USD', 'currency_id': '1072fc76-1862-41ab-82c2-485837590762'}",,False,,,,,,False,True,False,True,0,,,2.0,user,False,,order_finalized,,
708c9b46-f3bd-4cfc-9645-e9bf55a783cb,9bb6c6e3-1344-412c-91a6-2ea19de3fff4,https://api.robinhood.com/orders/708c9b46-f3bd-4cfc-9645-e9bf55a783cb/,https://api.robinhood.com/accounts/5SE25445/,fa785cc9-e75d-40e1-ad49-9dad4a009457,https://api.robinhood.com/positions/5SE25445/80e57408-d0ad-40da-9b82-f8a20854c93e/,,https://api.robinhood.com/instruments/80e57408-d0ad-40da-9b82-f8a20854c93e/,80e57408-d0ad-40da-9b82-f8a20854c93e,1.00000000,2.92000000,0.00,filled,filled,,market,buy,gfd,immediate,3.05000000,,1.00000000,,2019-11-06T20:47:03.303832Z,2019-11-06T20:47:03.860855Z,2019-11-06T20:47:03.427000Z,"[{'price': '2.91500000', 'quantity': '1.00000000', 'rounded_notional': None, 'settlement_date': '2019-11-08', 'timestamp': '2019-11-06T20:47:03.427000Z', 'id': '3695c4e0-eeac-405f-baf9-b972fde674e1', 'ipo_access_execution_rank': None, 'trade_execution_date': None}]",False,,False,False,,,,,,,,"{'amount': '3.05', 'currency_code': 'USD', 'currency_id': '1072fc76-1862-41ab-82c2-485837590762'}","{'amount': '2.92', 'currency_code': 'USD', 'currency_id': '1072fc76-1862-41ab-82c2-485837590762'}",,False,,,,,,False,True,False,True,0,,,2.0,user,False,,order_finalized,,
00eb7fd2-a683-40a0-963c-1e1c344ab3f5,a4000e18-9e52-4aa0-8a02-edb1037fa273,https://api.robinhood.com/orders/00eb7fd2-a683-40a0-963c-1e1c344ab3f5/,https://api.robinhood.com/accounts/5SE25445/,fa785cc9-e75d-40e1-ad49-9dad4a009457,https://api.robinhood.com/positions/5SE25445/71d81e7d-783c-4b8c-b574-ee50fcc4ce3a/,,https://api.robinhood.com/instruments/71d81e7d-783c-4b8c-b574-ee50fcc4ce3a/,71d81e7d-783c-4b8c-b574-ee50fcc4ce3a,9.00000000,3.75560000,0.02,filled,filled,,market,sell,gfd,immediate,,,9.00000000,,2019-11-06T20:43:11.204444Z,2019-11-06T20:43:11.941714Z,2019-11-06T20:43:11.450000Z,"[{'price': '3.75500000', 'quantity': '9.00000000', 'rounded_notional': None, 'settlement_date': '2019-11-08', 'timestamp': '2019-11-06T20:43:11.450000Z', 'id': 'a8647968-04d2-4f56-bce5-e06ecc9ffb34', 'ipo_access_execution_rank': None, 'trade_execution_date': None}]",False,,False,False,,,,,,,,,"{'amount': '33.80', 'currency_code': 'USD', 'currency_id': '1072fc76-1862-41ab-82c2-485837590762'}",,False,,,,,,False,True,False,True,0,,,2.0,user,False,,order_finalized,,
ce8caee7-a50e-4fde-b97f-08275574352e,c76d4b49-d77f-444c-8a60-da95df7593e7,https://api.robinhood.com/orders/ce8caee7-a50e-4fde-b97f-08275574352e/,https://api.robinhood.com/accounts/5SE25445/,fa785cc9-e75d-40e1-ad49-9dad4a009457,https://api.robinhood.com/positions/5SE25445/f71123c6-d1de-4e1f-8045-55c474bd54e1/,,https://api.robinhood.com/instruments/f71123c6-d1de-4e1f-8045-55c474bd54e1/,f71123c6-d1de-4e1f-8045-55c474bd54e1,4.00000000,1.55000000,0.00,filled,filled,,limit,buy,gfd,immediate,1.55000000,,4.00000000,,2019-11-06T15:47:33.204811Z,2019-11-06T16:20:44.354814Z,2019-11-06T16:20:19.264000Z,"[{'price': '1.55000000', 'quantity': '4.00000000', 'rounded_notional': None, 'settlement_date': '2019-11-08', 'timestamp': '2019-11-06T16:20:19.264000Z', 'id': 'c2a38f28-0ecc-4dfe-9216-1d1a99ceab29', 'ipo_access_execution_rank': None, 'trade_execution_date': None}]",True,,False,False,,,,,,,,"{'amount': '6.20', 'currency_code': 'USD', 'currency_id': '1072fc76-1862-41ab-82c2-485837590762'}","{'amount': '6.20', 'currency_code': 'USD', 'currency_id': '1072fc76-1862-41ab-82c2-485837590762'}",,False,,,,,,False,True,False,True,0,,,2.0,user,False,,order_finalized,,
3c657a6f-3638-4ed6-9bd7-c8dcac3b68e9,d0cd2090-b5eb-4ae0-8eb6-bd5177457f14,https://api.robinhood.com/orders/3c657a6f-3638-4ed6-9bd7-c8dcac3b68e9/,https://api.robinhood.com/accounts/5SE25445/,fa785cc9-e75d-40e1-ad49-9dad4a009457,https://api.robinhood.com/positions/5SE25445/175731c2-c8cf-4136-ada7-4e8e9decafe2/,,https://api.robinhood.com/instruments/175731c2-c8cf-4136-ada7-4e8e9decafe2/,175731c2-c8cf-4136-ada7-4e8e9decafe2,1.00000000,13.19000000,0.00,filled,filled,,market,buy,gfd,immediate,13.83000000,,1.00000000,,2019-11-06T15:46:38.314473Z,2019-11-06T15:46:55.480678Z,2019-11-06T15:46:38.451000Z,"[{'price': '13.18800000', 'quantity': '1.00000000', 'rounded_notional': None, 'settlement_date': '2019-11-08', 'timestamp': '2019-11-06T15:46:38.451000Z', 'id': '12bbe449-eca4-4c78-ad44-7ccaab208e98', 'ipo_access_execution_rank': None, 'trade_execution_date': None}]",False,,False,False,,,,,,,,"{'amount': '13.83', 'currency_code': 'USD', 'currency_id': '1072fc76-1862-41ab-82c2-485837590762'}","{'amount': '13.19', 'currency_code': 'USD', 'currency_id': '1072fc76-1862-41ab-82c2-485837590762'}",,False,,,,,,False,True,False,True,0,,,2.0,user,False,,order_finalized,,
7be7ffc6-f715-46bc-8948-da2acb7c1248,16afc3c7-8f54-4994-bc88-3b3a4645e7fe,https://api.robinhood.com/orders/7be7ffc6-f715-46bc-8948-da2acb7c1248/,https://api.robinhood.com/accounts/5SE25445/,fa785cc9-e75d-40e1-ad49-9dad4a009457,https://api.robinhood.com/positions/5SE25445/f71123c6-d1de-4e1f-8045-55c474bd54e1/,,https://api.robinhood.com/instruments/f71123c6-d1de-4e1f-8045-55c474bd54e1/,f71123c6-d1de-4e1f-8045-55c474bd54e1,2.00000000,1.56000000,0.00,filled,filled,,market,buy,gfd,immediate,1.62000000,,2.00000000,,2019-11-06T15:46:14.953871Z,2019-11-06T15:46:15.520245Z,2019-11-06T15:46:15.051000Z,"[{'price': '1.55860000', 'quantity': '2.00000000', 'rounded_notional': None, 'settlement_date': '2019-11-08', 'timestamp': '2019-11-06T15:46:15.051000Z', 'id': '2aa4185e-95d7-4611-a043-4c0f9ea9595f', 'ipo_access_execution_rank': None, 'trade_execution_date': None}]",False,,False,False,,,,,,,,"{'amount': '3.24', 'currency_code': 'USD', 'currency_id': '1072fc76-1862-41ab-82c2-485837590762'}","{'amount': '3.12', 'currency_code': 'USD', 'currency_id': '1072fc76-1862-41ab-82c2-485837590762'}",,False,,,,,,False,True,False,True,0,,,2.0,user,False,,order_finalized,,
c379d83e-ece4-47e9-bb6f-5301c3e7442a,dd422b8c-c436-4451-81a1-e607e88ae873,https://api.robinhood.com/orders/c379d83e-ece4-47e9-bb6f-5301c3e7442a/,https://api.robinhood.com/accounts/5SE25445/,fa785cc9-e75d-40e1-ad49-9dad4a009457,https://api.robinhood.com/positions/5SE25445/1092a709-620a-4c81-b09a-2d3872180002/,,https://api.robinhood.com/instruments/1092a709-620a-4c81-b09a-2d3872180002/,1092a709-620a-4c81-b09a-2d3872180002,1.00000000,1.14000000,0.00,filled,filled,,market,buy,gfd,immediate,1.19000000,,1.00000000,,2019-11-06T15:33:38.006777Z,2019-11-06T15:33:55.811412Z,2019-11-06T15:33:38.119000Z,"[{'price': '1.13730000', 'quantity': '1.00000000', 'rounded_notional': None, 'settlement_date': '2019-11-08', 'timestamp': '2019-11-06T15:33:38.119000Z', 'id': '31acbafb-8e21-4914-990f-43b041effc77', 'ipo_access_execution_rank': None, 'trade_execution_date': None}]",False,,False,False,,,,,,,,"{'amount': '1.19', 'currency_code': 'USD', 'currency_id': '1072fc76-1862-41ab-82c2-485837590762'}","{'amount': '1.14', 'currency_code': 'USD', 'currency_id': '1072fc76-1862-41ab-82c2-485837590762'}",,False,,,,,,False,True,False,True,0,,,2.0,user,False,,order_finalized,,
003f9eea-981e-42f9-a335-ed9849ec47c0,70d2decb-1633-4559-9d15-fa765800cebf,https://api.robinhood.com/orders/003f9eea-981e-42f9-a335-ed9849ec47c0/,https://api.robinhood.com/accounts/5SE25445/,fa785cc9-e75d-40e1-ad49-9dad4a009457,https://api.robinhood.com/positions/5SE25445/f786c13a-e28f-42a2-8e0e-c7e479688136/,,https://api.robinhood.com/instruments/f786c13a-e28f-42a2-8e0e-c7e479688136/,f786c13a-e28f-42a2-8e0e-c7e479688136,6.00000000,2.14500000,0.00,filled,filled,,market,buy,gfd,immediate,2.25000000,,6.00000000,,2019-11-06T15:01:53.210202Z,2019-11-06T15:02:14.823281Z,2019-11-06T15:01:53.321000Z,"[{'price': '2.14500000', 'quantity': '6.00000000', 'rounded_notional': None, 'settlement_date': '2019-11-08', 'timestamp': '2019-11-06T15:01:53.321000Z', 'id': '115ff2e0-7138-49c4-b033-42b46df98485', 'ipo_access_execution_rank': None, 'trade_execution_date': None}]",False,,False,False,,,,,,,,"{'amount': '13.50', 'currency_code': 'USD', 'currency_id': '1072fc76-1862-41ab-82c2-485837590762'}","{'amount': '12.87', 'currency_code': 'USD', 'currency_id': '1072fc76-1862-41ab-82c2-485837590762'}",,False,,,,,,False,True,False,True,0,,,2.0,user,False,,order_finalized,,
1deaa027-13e7-4363-968f-3711880e35a7,9c6ee26f-84d1-423a-aa39-dec460a04962,https://api.robinhood.com/orders/1deaa027-13e7-4363-968f-3711880e35a7/,https://api.robinhood.com/accounts/5SE25445/,fa785cc9-e75d-40e1-ad49-9dad4a009457,https://api.robinhood.com/positions/5SE25445/9f1399e5-5023-425a-9eb5-cd3f91560189/,,https://api.robinhood.com/instruments/9f1399e5-5023-425a-9eb5-cd3f91560189/,9f1399e5-5023-425a-9eb5-cd3f91560189,8.00000000,2.11000000,0.02,filled,filled,,market,sell,gfd,immediate,,,8.00000000,,2019-11-06T14:58:25.716511Z,2019-11-06T14:58:46.270045Z,2019-11-06T14:58:25.939000Z,"[{'price': '2.11000000', 'quantity': '8.00000000', 'rounded_notional': None, 'settlement_date': '2019-11-08', 'timestamp': '2019-11-06T14:58:25.939000Z', 'id': 'ffbb35fa-dd52-4cef-9c16-eb24b07c16cf', 'ipo_access_execution_rank': None, 'trade_execution_date': None}]",False,,False,False,,,,,,,,,"{'amount': '16.88', 'currency_code': 'USD', 'currency_id': '1072fc76-1862-41ab-82c2-485837590762'}",,False,,,,,,False,True,False,True,0,,,2.0,user,False,,order_finalized,,
ca21ae02-cefd-423c-8665-2b1cf1284528,4c6c22fc-2b6c-4716-bc15-89cb85a2fda8,https://api.robinhood.com/orders/ca21ae02-cefd-423c-8665-2b1cf1284528/,https://api.robinhood.com/accounts/5SE25445/,fa785cc9-e75d-40e1-ad49-9dad4a009457,https://api.robinhood.com/positions/5SE25445/9f1399e5-5023-425a-9eb5-cd3f91560189/,,https://api.robinhood.com/instruments/9f1399e5-5023-425a-9eb5-cd3f91560189/,9f1399e5-5023-425a-9eb5-cd3f91560189,0.00000000,,0.00,cancelled,cancelled,,limit,sell,gfd,immediate,2.16000000,,8.00000000,,2019-11-06T14:50:51.180072Z,2019-11-06T14:57:59.128180Z,2019-11-06T14:57:31.660000Z,[],False,,False,False,,,,,,,,"{'amount': '17.28', 'currency_code': 'USD', 'currency_id': '1072fc76-1862-41ab-82c2-485837590762'}",,,False,user,,,,,False,True,False,True,0,,,3.0,user,False,,order_finalized,,
1ffa0a31-a40c-47b9-8997-72ec83a5d345,ae50dbfc-ad85-40d2-b395-95c0124de669,https://api.robinhood.com/orders/1ffa0a31-a40c-47b9-8997-72ec83a5d345/,https://api.robinhood.com/accounts/5SE25445/,fa785cc9-e75d-40e1-ad49-9dad4a009457,https://api.robinhood.com/positions/5SE25445/681574a9-a045-490d-a5f2-889f188c4605/,,https://api.robinhood.com/instruments/681574a9-a045-490d-a5f2-889f188c4605/,681574a9-a045-490d-a5f2-889f188c4605,1.00000000,9.86000000,0.00,filled,filled,,market,buy,gfd,immediate,10.34000000,,1.00000000,,2019-11-05T19:55:57.939061Z,2019-11-05T19:55:58.496419Z,2019-11-05T19:55:58.043000Z,"[{'price': '9.85500000', 'quantity': '1.00000000', 'rounded_notional': None, 'settlement_date': '2019-11-07', 'timestamp': '2019-11-05T19:55:58.043000Z', 'id': '3e38f827-41aa-4da0-9e88-677405692614', 'ipo_access_execution_rank': None, 'trade_execution_date': None}]",False,,False,False,,,,,,,,"{'amount': '10.34', 'currency_code': 'USD', 'currency_id': '1072fc76-1862-41ab-82c2-485837590762'}","{'amount': '9.86', 'currency_code': 'USD', 'currency_id': '1072fc76-1862-41ab-82c2-485837590762'}",,False,,,,,,False,True,False,True,0,,,2.0,user,False,,order_finalized,,
d29556c8-86e0-4e86-8f23-0df1af3a2cbb,578cbf76-043b-4a05-91a1-a6aba4bb94ef,https://api.robinhood.com/orders/d29556c8-86e0-4e86-8f23-0df1af3a2cbb/,https://api.robinhood.com/accounts/5SE25445/,fa785cc9-e75d-40e1-ad49-9dad4a009457,https://api.robinhood.com/positions/5SE25445/7f434ac7-acef-4e92-a011-da1ac3f316dd/,,https://api.robinhood.com/instruments/7f434ac7-acef-4e92-a011-da1ac3f316dd/,7f434ac7-acef-4e92-a011-da1ac3f316dd,5.00000000,2.06000000,0.00,filled,filled,,limit,buy,gfd,immediate,2.06000000,,5.00000000,,2019-11-05T14:46:33.903093Z,2019-11-05T15:00:34.794322Z,2019-11-05T15:00:34.322000Z,"[{'price': '2.06000000', 'quantity': '5.00000000', 'rounded_notional': None, 'settlement_date': '2019-11-07', 'timestamp': '2019-11-05T15:00:34.322000Z', 'id': '86860867-8766-4bc8-b4d5-fd52b79c27c6', 'ipo_access_execution_rank': None, 'trade_execution_date': None}]",False,,False,False,,,,,,,,"{'amount': '10.30', 'currency_code': 'USD', 'currency_id': '1072fc76-1862-41ab-82c2-485837590762'}","{'amount': '10.30', 'currency_code': 'USD', 'currency_id': '1072fc76-1862-41ab-82c2-485837590762'}",,False,,,,,,False,True,False,True,0,,,2.0,user,False,,order_finalized,,
4efc56b7-b45f-4c60-a9eb-12335f0c4dd3,93cb161d-9fe8-4d0e-88f7-2bf3fa817ad1,https://api.robinhood.com/orders/4efc56b7-b45f-4c60-a9eb-12335f0c4dd3/,https://api.robinhood.com/accounts/5SE25445/,fa785cc9-e75d-40e1-ad49-9dad4a009457,https://api.robinhood.com/positions/5SE25445/f6fb4ac4-fd18-4d92-b8e9-475d6b3279ce/,,https://api.robinhood.com/instruments/f6fb4ac4-fd18-4d92-b8e9-475d6b3279ce/,f6fb4ac4-fd18-4d92-b8e9-475d6b3279ce,3.00000000,2.85000000,0.02,filled,filled,,market,sell,gfd,immediate,,,3.00000000,,2019-11-05T14:45:34.275614Z,2019-11-05T14:45:34.884071Z,2019-11-05T14:45:34.492000Z,"[{'price': '2.85030000', 'quantity': '3.00000000', 'rounded_notional': None, 'settlement_date': '2019-11-07', 'timestamp': '2019-11-05T14:45:34.492000Z', 'id': 'd8e897d8-96a4-4e9b-ad76-6614db842084', 'ipo_access_execution_rank': None, 'trade_execution_date': None}]",False,,False,False,,,,,,,,,"{'amount': '8.55', 'currency_code': 'USD', 'currency_id': '1072fc76-1862-41ab-82c2-485837590762'}",,False,,,,,,False,True,False,True,0,,,2.0,user,False,,order_finalized,,
36dd01ae-c708-41ab-a823-c5cd8927b256,5c313c5f-6976-46a6-a7bf-20b72461d97d,https://api.robinhood.com/orders/36dd01ae-c708-41ab-a823-c5cd8927b256/,https://api.robinhood.com/accounts/5SE25445/,fa785cc9-e75d-40e1-ad49-9dad4a009457,https://api.robinhood.com/positions/5SE25445/d450aa90-db8a-4b4b-8b61-10440c9b931c/,,https://api.robinhood.com/instruments/d450aa90-db8a-4b4b-8b61-10440c9b931c/,d450aa90-db8a-4b4b-8b61-10440c9b931c,1.00000000,9.93000000,0.00,filled,filled,,market,buy,gfd,immediate,10.42000000,,1.00000000,,2019-11-04T17:37:29.188609Z,2019-11-04T17:37:29.732697Z,2019-11-04T17:37:29.292000Z,"[{'price': '9.92700000', 'quantity': '1.00000000', 'rounded_notional': None, 'settlement_date': '2019-11-06', 'timestamp': '2019-11-04T17:37:29.292000Z', 'id': '38f599b4-e194-41e0-a95e-060eae2779e7', 'ipo_access_execution_rank': None, 'trade_execution_date': None}]",False,,False,False,,,,,,,,"{'amount': '10.42', 'currency_code': 'USD', 'currency_id': '1072fc76-1862-41ab-82c2-485837590762'}","{'amount': '9.93', 'currency_code': 'USD', 'currency_id': '1072fc76-1862-41ab-82c2-485837590762'}",,False,,,,,,False,True,False,True,0,,,2.0,user,False,,order_finalized,,
bb5734a8-a266-4170-9d4b-fe516ee77011,81da8d8e-f73a-4173-a13a-bd1645e5a16e,https://api.robinhood.com/orders/bb5734a8-a266-4170-9d4b-fe516ee77011/,https://api.robinhood.com/accounts/5SE25445/,fa785cc9-e75d-40e1-ad49-9dad4a009457,https://api.robinhood.com/positions/5SE25445/24d7c10d-ae7d-4f7c-b031-12b2cfb53424/,,https://api.robinhood.com/instruments/24d7c10d-ae7d-4f7c-b031-12b2cfb53424/,24d7c10d-ae7d-4f7c-b031-12b2cfb53424,1.00000000,97.46000000,0.00,filled,filled,,market,buy,gfd,immediate,102.31000000,,1.00000000,,2019-11-04T17:35:13.770102Z,2019-11-04T17:35:14.292459Z,2019-11-04T17:35:13.885000Z,"[{'price': '97.45500000', 'quantity': '1.00000000', 'rounded_notional': None, 'settlement_date': '2019-11-06', 'timestamp': '2019-11-04T17:35:13.885000Z', 'id': '2ea16511-c96f-49bc-b9c7-0ac58c0f2407', 'ipo_access_execution_rank': None, 'trade_execution_date': None}]",False,,False,False,,,,,,,,"{'amount': '102.31', 'currency_code': 'USD', 'currency_id': '1072fc76-1862-41ab-82c2-485837590762'}","{'amount': '97.46', 'currency_code': 'USD', 'currency_id': '1072fc76-1862-41ab-82c2-485837590762'}",,False,,,,,,False,True,False,True,0,,,2.0,user,False,,order_finalized,,
a48ac939-32ee-4280-85b5-da8aa083dc06,ac464ae7-d5d4-4825-9585-ff92e954d57e,https://api.robinhood.com/orders/a48ac939-32ee-4280-85b5-da8aa083dc06/,https://api.robinhood.com/accounts/5SE25445/,fa785cc9-e75d-40e1-ad49-9dad4a009457,https://api.robinhood.com/positions/5SE25445/ca6f3da5-c8f7-48c9-948e-b74aed0d6816/,,https://api.robinhood.com/instruments/ca6f3da5-c8f7-48c9-948e-b74aed0d6816/,ca6f3da5-c8f7-48c9-948e-b74aed0d6816,1.00000000,16.05000000,0.00,filled,filled,,market,buy,gfd,immediate,16.84000000,,1.00000000,,2019-11-04T17:27:59.888045Z,2019-11-04T17:28:00.467884Z,2019-11-04T17:27:59.990000Z,"[{'price': '16.04700000', 'quantity': '1.00000000', 'rounded_notional': None, 'settlement_date': '2019-11-06', 'timestamp': '2019-11-04T17:27:59.990000Z', 'id': 'f3cd764a-259b-4fd7-b9a7-c87953544919', 'ipo_access_execution_rank': None, 'trade_execution_date': None}]",False,,False,False,,,,,,,,"{'amount': '16.84', 'currency_code': 'USD', 'currency_id': '1072fc76-1862-41ab-82c2-485837590762'}","{'amount': '16.05', 'currency_code': 'USD', 'currency_id': '1072fc76-1862-41ab-82c2-485837590762'}",,False,,,,,,False,True,False,True,0,,,2.0,user,False,,order_finalized,,
2d9bc730-202e-4f2b-82af-f3d1ec1fcd21,6169ec52-8eab-4fcd-91ba-e80f474255d1,https://api.robinhood.com/orders/2d9bc730-202e-4f2b-82af-f3d1ec1fcd21/,https://api.robinhood.com/accounts/5SE25445/,fa785cc9-e75d-40e1-ad49-9dad4a009457,https://api.robinhood.com/positions/5SE25445/0dd811b3-7047-448d-96e0-7bf6ee4cfe45/,,https://api.robinhood.com/instruments/0dd811b3-7047-448d-96e0-7bf6ee4cfe45/,0dd811b3-7047-448d-96e0-7bf6ee4cfe45,1.00000000,32.31000000,0.00,filled,filled,,market,buy,gfd,immediate,33.92000000,,1.00000000,,2019-11-04T17:27:23.919642Z,2019-11-04T17:27:24.455978Z,2019-11-04T17:27:24.016000Z,"[{'price': '32.30500000', 'quantity': '1.00000000', 'rounded_notional': None, 'settlement_date': '2019-11-06', 'timestamp': '2019-11-04T17:27:24.016000Z', 'id': 'b9e56b28-286a-452d-ae00-7936d09ea548', 'ipo_access_execution_rank': None, 'trade_execution_date': None}]",False,,False,False,,,,,,,,"{'amount': '33.92', 'currency_code': 'USD', 'currency_id': '1072fc76-1862-41ab-82c2-485837590762'}","{'amount': '32.31', 'currency_code': 'USD', 'currency_id': '1072fc76-1862-41ab-82c2-485837590762'}",,False,,,,,,False,True,False,True,0,,,2.0,user,False,,order_finalized,,
0675df8e-cf60-48b3-8ed3-35b1f53c3c7e,f806cdec-b20e-45f6-83cd-6494534c2a72,https://api.robinhood.com/orders/0675df8e-cf60-48b3-8ed3-35b1f53c3c7e/,https://api.robinhood.com/accounts/5SE25445/,fa785cc9-e75d-40e1-ad49-9dad4a009457,https://api.robinhood.com/positions/5SE25445/9f1399e5-5023-425a-9eb5-cd3f91560189/,,https://api.robinhood.com/instruments/9f1399e5-5023-425a-9eb5-cd3f91560189/,9f1399e5-5023-425a-9eb5-cd3f91560189,1.00000000,1.74000000,0.00,filled,filled,,market,buy,gfd,immediate,1.82000000,,1.00000000,,2019-11-04T17:24:31.257380Z,2019-11-04T17:24:31.833351Z,2019-11-04T17:24:31.393000Z,"[{'price': '1.73500000', 'quantity': '1.00000000', 'rounded_notional': None, 'settlement_date': '2019-11-06', 'timestamp': '2019-11-04T17:24:31.393000Z', 'id': '65bc6ff3-874f-472b-ad67-e52fc280ed0d', 'ipo_access_execution_rank': None, 'trade_execution_date': None}]",False,,False,False,,,,,,,,"{'amount': '1.82', 'currency_code': 'USD', 'currency_id': '1072fc76-1862-41ab-82c2-485837590762'}","{'amount': '1.74', 'currency_code': 'USD', 'currency_id': '1072fc76-1862-41ab-82c2-485837590762'}",,False,,,,,,False,True,False,True,0,,,2.0,user,False,,order_finalized,,
d4efbdfa-a76e-46ae-ae39-adf93a823f6b,eecdb74d-978d-41a4-9577-3f1757a37672,https://api.robinhood.com/orders/d4efbdfa-a76e-46ae-ae39-adf93a823f6b/,https://api.robinhood.com/accounts/5SE25445/,fa785cc9-e75d-40e1-ad49-9dad4a009457,https://api.robinhood.com/positions/5SE25445/ef99a2c4-adb2-4163-a2df-2d5722cc75b7/,,https://api.robinhood.com/instruments/ef99a2c4-adb2-4163-a2df-2d5722cc75b7/,ef99a2c4-adb2-4163-a2df-2d5722cc75b7,12.00000000,2.80500000,0.00,filled,filled,,market,buy,gfd,immediate,2.94000000,,12.00000000,,2019-11-04T17:23:51.191928Z,2019-11-04T17:23:51.718267Z,2019-11-04T17:23:51.273000Z,"[{'price': '2.80500000', 'quantity': '12.00000000', 'rounded_notional': None, 'settlement_date': '2019-11-06', 'timestamp': '2019-11-04T17:23:51.273000Z', 'id': '33ca3e0d-0b7e-4512-85d9-7cc5818479a0', 'ipo_access_execution_rank': None, 'trade_execution_date': None}]",False,,False,False,,,,,,,,"{'amount': '35.28', 'currency_code': 'USD', 'currency_id': '1072fc76-1862-41ab-82c2-485837590762'}","{'amount': '33.66', 'currency_code': 'USD', 'currency_id': '1072fc76-1862-41ab-82c2-485837590762'}",,False,,,,,,False,True,False,True,0,,,2.0,user,False,,order_finalized,,
68116eb7-e7d4-49f0-882d-486d936a75c1,d853a559-fa49-4bf3-aacd-d02e7a513184,https://api.robinhood.com/orders/68116eb7-e7d4-49f0-882d-486d936a75c1/,https://api.robinhood.com/accounts/5SE25445/,fa785cc9-e75d-40e1-ad49-9dad4a009457,https://api.robinhood.com/positions/5SE25445/f5d6a9ec-f1a6-4b22-a976-d255730992cf/,,https://api.robinhood.com/instruments/f5d6a9ec-f1a6-4b22-a976-d255730992cf/,f5d6a9ec-f1a6-4b22-a976-d255730992cf,3.00000000,5.24000000,0.00,filled,filled,,market,buy,gfd,immediate,5.50000000,,3.00000000,,2019-11-04T17:23:17.582804Z,2019-11-04T17:23:18.187154Z,2019-11-04T17:23:17.705000Z,"[{'price': '5.24000000', 'quantity': '3.00000000', 'rounded_notional': None, 'settlement_date': '2019-11-06', 'timestamp': '2019-11-04T17:23:17.705000Z', 'id': 'ebb748e2-ddbe-4e8e-9e6c-6c9b8535e12c', 'ipo_access_execution_rank': None, 'trade_execution_date': None}]",False,,False,False,,,,,,,,"{'amount': '16.50', 'currency_code': 'USD', 'currency_id': '1072fc76-1862-41ab-82c2-485837590762'}","{'amount': '15.72', 'currency_code': 'USD', 'currency_id': '1072fc76-1862-41ab-82c2-485837590762'}",,False,,,,,,False,True,False,True,0,,,2.0,user,False,,order_finalized,,
628c9c27-56e0-4525-8215-24fbb6638247,7d6c13ce-103a-4e2d-a98a-4a2ee635686f,https://api.robinhood.com/orders/628c9c27-56e0-4525-8215-24fbb6638247/,https://api.robinhood.com/accounts/5SE25445/,fa785cc9-e75d-40e1-ad49-9dad4a009457,https://api.robinhood.com/positions/5SE25445/9f1399e5-5023-425a-9eb5-cd3f91560189/,,https://api.robinhood.com/instruments/9f1399e5-5023-425a-9eb5-cd3f91560189/,9f1399e5-5023-425a-9eb5-cd3f91560189,4.00000000,1.73500000,0.00,filled,filled,,market,buy,gfd,immediate,1.82000000,,4.00000000,,2019-11-04T17:22:59.208379Z,2019-11-04T17:22:59.784526Z,2019-11-04T17:22:59.306000Z,"[{'price': '1.73500000', 'quantity': '4.00000000', 'rounded_notional': None, 'settlement_date': '2019-11-06', 'timestamp': '2019-11-04T17:22:59.306000Z', 'id': 'f0ced285-eb98-400a-92f2-fca96a4293c2', 'ipo_access_execution_rank': None, 'trade_execution_date': None}]",False,,False,False,,,,,,,,"{'amount': '7.28', 'currency_code': 'USD', 'currency_id': '1072fc76-1862-41ab-82c2-485837590762'}","{'amount': '6.94', 'currency_code': 'USD', 'currency_id': '1072fc76-1862-41ab-82c2-485837590762'}",,False,,,,,,False,True,False,True,0,,,2.0,user,False,,order_finalized,,
dce0cecf-e424-4dbf-b8ac-bebfc360dcbf,cd0a1363-d7e3-408f-8bc8-02ff4c0d353d,https://api.robinhood.com/orders/dce0cecf-e424-4dbf-b8ac-bebfc360dcbf/,https://api.robinhood.com/accounts/5SE25445/,fa785cc9-e75d-40e1-ad49-9dad4a009457,https://api.robinhood.com/positions/5SE25445/f6fb4ac4-fd18-4d92-b8e9-475d6b3279ce/,,https://api.robinhood.com/instruments/f6fb4ac4-fd18-4d92-b8e9-475d6b3279ce/,f6fb4ac4-fd18-4d92-b8e9-475d6b3279ce,2.00000000,2.82500000,0.00,filled,filled,,market,buy,gfd,immediate,2.96000000,,2.00000000,,2019-11-04T17:22:43.415903Z,2019-11-04T17:22:43.901093Z,2019-11-04T17:22:43.505000Z,"[{'price': '2.82500000', 'quantity': '2.00000000', 'rounded_notional': None, 'settlement_date': '2019-11-06', 'timestamp': '2019-11-04T17:22:43.505000Z', 'id': '7522017d-683d-4b35-a00c-5d7e128817d0', 'ipo_access_execution_rank': None, 'trade_execution_date': None}]",False,,False,False,,,,,,,,"{'amount': '5.92', 'currency_code': 'USD', 'currency_id': '1072fc76-1862-41ab-82c2-485837590762'}","{'amount': '5.65', 'currency_code': 'USD', 'currency_id': '1072fc76-1862-41ab-82c2-485837590762'}",,False,,,,,,False,True,False,True,0,,,2.0,user,False,,order_finalized,,
3233a496-a1f5-4ccf-82fe-ed5ed88ac2cd,972a7e03-c8c9-4027-a4c6-075014e46a6e,https://api.robinhood.com/orders/3233a496-a1f5-4ccf-82fe-ed5ed88ac2cd/,https://api.robinhood.com/accounts/5SE25445/,fa785cc9-e75d-40e1-ad49-9dad4a009457,https://api.robinhood.com/positions/5SE25445/ecf97954-2503-4efa-9a05-4d34685e6812/,,https://api.robinhood.com/instruments/ecf97954-2503-4efa-9a05-4d34685e6812/,ecf97954-2503-4efa-9a05-4d34685e6812,1.00000000,12.79000000,0.00,filled,filled,,market,buy,gfd,immediate,13.42000000,,1.00000000,,2019-11-04T17:19:39.896293Z,2019-11-04T17:19:40.468797Z,2019-11-04T17:19:40.033000Z,"[{'price': '12.78500000', 'quantity': '1.00000000', 'rounded_notional': None, 'settlement_date': '2019-11-06', 'timestamp': '2019-11-04T17:19:40.033000Z', 'id': 'aec74ead-3d30-4655-9cd0-72f0e212bbd3', 'ipo_access_execution_rank': None, 'trade_execution_date': None}]",False,,False,False,,,,,,,,"{'amount': '13.42', 'currency_code': 'USD', 'currency_id': '1072fc76-1862-41ab-82c2-485837590762'}","{'amount': '12.79', 'currency_code': 'USD', 'currency_id': '1072fc76-1862-41ab-82c2-485837590762'}",,False,,,,,,False,True,False,True,0,,,2.0,user,False,,order_finalized,,
b73766a0-fe37-4294-8e00-efc0f0c0e3db,30a22920-2c03-4737-8a60-f861a1b46c22,https://api.robinhood.com/orders/b73766a0-fe37-4294-8e00-efc0f0c0e3db/,https://api.robinhood.com/accounts/5SE25445/,fa785cc9-e75d-40e1-ad49-9dad4a009457,https://api.robinhood.com/positions/5SE25445/7f434ac7-acef-4e92-a011-da1ac3f316dd/,,https://api.robinhood.com/instruments/7f434ac7-acef-4e92-a011-da1ac3f316dd/,7f434ac7-acef-4e92-a011-da1ac3f316dd,10.00000000,2.12100000,0.00,filled,filled,,market,buy,gfd,immediate,2.20000000,,10.00000000,,2019-11-01T14:23:50.938300Z,2019-11-01T14:23:51.487612Z,2019-11-01T14:23:51.051000Z,"[{'price': '2.12100000', 'quantity': '10.00000000', 'rounded_notional': None, 'settlement_date': '2019-11-05', 'timestamp': '2019-11-01T14:23:51.051000Z', 'id': '2c535acf-d134-4e55-b704-3dd543f844cc', 'ipo_access_execution_rank': None, 'trade_execution_date': None}]",False,,False,False,,,,,,,,"{'amount': '22.00', 'currency_code': 'USD', 'currency_id': '1072fc76-1862-41ab-82c2-485837590762'}","{'amount': '21.21', 'currency_code': 'USD', 'currency_id': '1072fc76-1862-41ab-82c2-485837590762'}",,False,,,,,,False,True,False,True,0,,,2.0,user,False,,order_finalized,,
98b4bf6d-98ea-42a0-ba34-552274e278cd,e8cf91d0-832d-4e94-a561-852ce70941ec,https://api.robinhood.com/orders/98b4bf6d-98ea-42a0-ba34-552274e278cd/,https://api.robinhood.com/accounts/5SE25445/,fa785cc9-e75d-40e1-ad49-9dad4a009457,https://api.robinhood.com/positions/5SE25445/bc04f71b-e031-4d38-adee-071106edece5/,,https://api.robinhood.com/instruments/bc04f71b-e031-4d38-adee-071106edece5/,bc04f71b-e031-4d38-adee-071106edece5,1.00000000,2.73000000,0.02,filled,filled,,market,sell,gfd,immediate,,,1.00000000,,2019-11-01T13:57:53.877409Z,2019-11-01T13:57:54.634687Z,2019-11-01T13:57:54.150000Z,"[{'price': '2.73000000', 'quantity': '1.00000000', 'rounded_notional': None, 'settlement_date': '2019-11-05', 'timestamp': '2019-11-01T13:57:54.150000Z', 'id': 'b39f93de-5e68-4a04-a442-eeb1b6f73817', 'ipo_access_execution_rank': None, 'trade_execution_date': None}]",False,,False,False,,,,,,,,,"{'amount': '2.73', 'currency_code': 'USD', 'currency_id': '1072fc76-1862-41ab-82c2-485837590762'}",,False,,,,,,False,True,False,True,0,,,2.0,user,False,,order_finalized,,
b5795b88-57f2-441f-a1ff-aad556213195,fb4a2849-ed37-4870-9867-bc364ce7a719,https://api.robinhood.com/orders/b5795b88-57f2-441f-a1ff-aad556213195/,https://api.robinhood.com/accounts/5SE25445/,fa785cc9-e75d-40e1-ad49-9dad4a009457,https://api.robinhood.com/positions/5SE25445/7f434ac7-acef-4e92-a011-da1ac3f316dd/,,https://api.robinhood.com/instruments/7f434ac7-acef-4e92-a011-da1ac3f316dd/,7f434ac7-acef-4e92-a011-da1ac3f316dd,4.00000000,2.15000000,0.00,filled,filled,,market,buy,gfd,immediate,2.23000000,,4.00000000,,2019-11-01T13:47:37.309765Z,2019-11-01T13:47:37.950825Z,2019-11-01T13:47:37.487000Z,"[{'price': '2.15000000', 'quantity': '4.00000000', 'rounded_notional': None, 'settlement_date': '2019-11-05', 'timestamp': '2019-11-01T13:47:37.487000Z', 'id': '03fabf56-ae78-49fe-8b45-0d2d01d822cd', 'ipo_access_execution_rank': None, 'trade_execution_date': None}]",False,,False,False,,,,,,,,"{'amount': '8.92', 'currency_code': 'USD', 'currency_id': '1072fc76-1862-41ab-82c2-485837590762'}","{'amount': '8.60', 'currency_code': 'USD', 'currency_id': '1072fc76-1862-41ab-82c2-485837590762'}",,False,,,,,,False,True,False,True,0,,,2.0,user,False,,order_finalized,,
5ec1118f-40be-42f8-b6e4-33736eb6ac3d,cd21c212-36c0-4f28-aefc-7880fd905a3f,https://api.robinhood.com/orders/5ec1118f-40be-42f8-b6e4-33736eb6ac3d/,https://api.robinhood.com/accounts/5SE25445/,fa785cc9-e75d-40e1-ad49-9dad4a009457,https://api.robinhood.com/positions/5SE25445/9a5095d4-628d-4edf-a803-389731e35fb8/,,https://api.robinhood.com/instruments/9a5095d4-628d-4edf-a803-389731e35fb8/,9a5095d4-628d-4edf-a803-389731e35fb8,13.00000000,16.52080000,0.02,filled,filled,,market,sell,gfd,immediate,,,13.00000000,,2019-10-30T18:57:36.888202Z,2019-10-30T18:57:37.532901Z,2019-10-30T18:57:37.098000Z,"[{'price': '16.52050000', 'quantity': '13.00000000', 'rounded_notional': None, 'settlement_date': '2019-11-01', 'timestamp': '2019-10-30T18:57:37.098000Z', 'id': 'd67f0814-e04e-4f5d-bb5a-fea38d23eba0', 'ipo_access_execution_rank': None, 'trade_execution_date': None}]",False,,False,False,,,,,,,,,"{'amount': '214.77', 'currency_code': 'USD', 'currency_id': '1072fc76-1862-41ab-82c2-485837590762'}",,False,,,,,,False,True,False,True,0,,,2.0,user,False,,order_finalized,,
ebebfa98-e1d1-4140-bdca-ad1b342e7269,db9123ab-7c97-4151-8553-d85b5e49a56d,https://api.robinhood.com/orders/ebebfa98-e1d1-4140-bdca-ad1b342e7269/,https://api.robinhood.com/accounts/5SE25445/,fa785cc9-e75d-40e1-ad49-9dad4a009457,https://api.robinhood.com/positions/5SE25445/f786c13a-e28f-42a2-8e0e-c7e479688136/,,https://api.robinhood.com/instruments/f786c13a-e28f-42a2-8e0e-c7e479688136/,f786c13a-e28f-42a2-8e0e-c7e479688136,12.00000000,2.25000000,0.02,filled,filled,,market,sell,gfd,immediate,,,12.00000000,,2019-10-30T18:56:48.244290Z,2019-10-30T18:56:48.917497Z,2019-10-30T18:56:48.458000Z,"[{'price': '2.25010000', 'quantity': '12.00000000', 'rounded_notional': None, 'settlement_date': '2019-11-01', 'timestamp': '2019-10-30T18:56:48.458000Z', 'id': '88a47b47-aecd-4fb8-9996-91f892969a8b', 'ipo_access_execution_rank': None, 'trade_execution_date': None}]",False,,False,False,,,,,,,,,"{'amount': '27.00', 'currency_code': 'USD', 'currency_id': '1072fc76-1862-41ab-82c2-485837590762'}",,False,,,,,,False,True,False,True,0,,,2.0,user,False,,order_finalized,,
4b714dc4-457c-45fe-acf6-b8d382dc9751,82816675-e235-4892-9a8a-40f8cac91b2b,https://api.robinhood.com/orders/4b714dc4-457c-45fe-acf6-b8d382dc9751/,https://api.robinhood.com/accounts/5SE25445/,fa785cc9-e75d-40e1-ad49-9dad4a009457,https://api.robinhood.com/positions/5SE25445/ef99a2c4-adb2-4163-a2df-2d5722cc75b7/,,https://api.robinhood.com/instruments/ef99a2c4-adb2-4163-a2df-2d5722cc75b7/,ef99a2c4-adb2-4163-a2df-2d5722cc75b7,12.00000000,2.61000000,0.00,filled,filled,,limit,buy,gfd,immediate,2.61000000,,12.00000000,,2019-10-30T18:54:57.432754Z,2019-10-30T18:54:58.003090Z,2019-10-30T18:54:57.548000Z,"[{'price': '2.61000000', 'quantity': '12.00000000', 'rounded_notional': None, 'settlement_date': '2019-11-01', 'timestamp': '2019-10-30T18:54:57.548000Z', 'id': '291c7e8b-64c5-4b8f-a2df-08e8417cd84a', 'ipo_access_execution_rank': None, 'trade_execution_date': None}]",True,,False,False,,,,,,,,"{'amount': '31.32', 'currency_code': 'USD', 'currency_id': '1072fc76-1862-41ab-82c2-485837590762'}","{'amount': '31.32', 'currency_code': 'USD', 'currency_id': '1072fc76-1862-41ab-82c2-485837590762'}",,False,,,,,,False,True,False,True,0,,,2.0,user,False,,order_finalized,,
902dfddf-4899-4267-a3c2-5f61bc692746,622c3199-7738-42e1-968e-7e8a35e62ad1,https://api.robinhood.com/orders/902dfddf-4899-4267-a3c2-5f61bc692746/,https://api.robinhood.com/accounts/5SE25445/,fa785cc9-e75d-40e1-ad49-9dad4a009457,https://api.robinhood.com/positions/5SE25445/f5d6a9ec-f1a6-4b22-a976-d255730992cf/,,https://api.robinhood.com/instruments/f5d6a9ec-f1a6-4b22-a976-d255730992cf/,f5d6a9ec-f1a6-4b22-a976-d255730992cf,7.00000000,5.10570000,0.04,filled,filled,,market,sell,gfd,immediate,,,7.00000000,,2019-10-28T17:23:34.227377Z,2019-10-28T17:23:34.863843Z,2019-10-28T17:23:34.429000Z,"[{'price': '5.10500000', 'quantity': '4.00000000', 'rounded_notional': None, 'settlement_date': '2019-10-30', 'timestamp': '2019-10-28T17:23:34.427000Z', 'id': '0a22a2ba-46e6-4a27-ac40-8e5b8b90707f', 'ipo_access_execution_rank': None, 'trade_execution_date': None}, {'price': '5.10500000', 'quantity': '3.00000000', 'rounded_notional': None, 'settlement_date': '2019-10-30', 'timestamp': '2019-10-28T17:23:34.429000Z', 'id': '987806fa-191c-4e36-9d44-25682cb192c9', 'ipo_access_execution_rank': None, 'trade_execution_date': None}]",False,,False,False,,,,,,,,,"{'amount': '35.74', 'currency_code': 'USD', 'currency_id': '1072fc76-1862-41ab-82c2-485837590762'}",,False,,,,,,False,True,False,True,0,,,3.0,user,False,,order_finalized,,
4d181787-b1d2-42f1-9c4a-5b57105d0981,5077194f-e156-48a9-9eef-82f062fc7a03,https://api.robinhood.com/orders/4d181787-b1d2-42f1-9c4a-5b57105d0981/,https://api.robinhood.com/accounts/5SE25445/,fa785cc9-e75d-40e1-ad49-9dad4a009457,https://api.robinhood.com/positions/5SE25445/f6fb4ac4-fd18-4d92-b8e9-475d6b3279ce/,,https://api.robinhood.com/instruments/f6fb4ac4-fd18-4d92-b8e9-475d6b3279ce/,f6fb4ac4-fd18-4d92-b8e9-475d6b3279ce,3.00000000,2.58330000,0.02,filled,filled,,market,sell,gfd,immediate,,,3.00000000,,2019-10-28T17:23:05.241971Z,2019-10-28T17:23:05.911972Z,2019-10-28T17:23:05.482000Z,"[{'price': '2.58300000', 'quantity': '3.00000000', 'rounded_notional': None, 'settlement_date': '2019-10-30', 'timestamp': '2019-10-28T17:23:05.482000Z', 'id': '33822b20-2ad4-4a9d-8b8d-f860b6249328', 'ipo_access_execution_rank': None, 'trade_execution_date': None}]",False,,False,False,,,,,,,,,"{'amount': '7.75', 'currency_code': 'USD', 'currency_id': '1072fc76-1862-41ab-82c2-485837590762'}",,False,,,,,,False,True,False,True,0,,,2.0,user,False,,order_finalized,,
9eee1afc-55e0-45e3-9efa-916f66ec8108,d8ad59a3-2112-4f54-90b8-ba735e28522e,https://api.robinhood.com/orders/9eee1afc-55e0-45e3-9efa-916f66ec8108/,https://api.robinhood.com/accounts/5SE25445/,fa785cc9-e75d-40e1-ad49-9dad4a009457,https://api.robinhood.com/positions/5SE25445/2bbdb493-dbb1-4e9c-ac98-6e7c93b117c0/,,https://api.robinhood.com/instruments/2bbdb493-dbb1-4e9c-ac98-6e7c93b117c0/,2bbdb493-dbb1-4e9c-ac98-6e7c93b117c0,1.00000000,6.45000000,0.00,filled,filled,,market,buy,gfd,immediate,6.77000000,,1.00000000,,2019-10-28T15:47:28.017027Z,2019-10-28T15:47:28.621906Z,2019-10-28T15:47:28.140000Z,"[{'price': '6.44700000', 'quantity': '1.00000000', 'rounded_notional': None, 'settlement_date': '2019-10-30', 'timestamp': '2019-10-28T15:47:28.140000Z', 'id': '7a2ea0fa-ece0-4de4-9a57-edadf9da888e', 'ipo_access_execution_rank': None, 'trade_execution_date': None}]",False,,False,False,,,,,,,,"{'amount': '6.77', 'currency_code': 'USD', 'currency_id': '1072fc76-1862-41ab-82c2-485837590762'}","{'amount': '6.45', 'currency_code': 'USD', 'currency_id': '1072fc76-1862-41ab-82c2-485837590762'}",,False,,,,,,False,True,False,True,0,,,2.0,user,False,,order_finalized,,
02a2a99e-6f30-4721-b838-3b264ee82888,b8ada128-94c1-495a-8e47-e527128eeeb2,https://api.robinhood.com/orders/02a2a99e-6f30-4721-b838-3b264ee82888/,https://api.robinhood.com/accounts/5SE25445/,fa785cc9-e75d-40e1-ad49-9dad4a009457,https://api.robinhood.com/positions/5SE25445/b4bec397-894b-4c7a-8f6d-ea07ccc5c844/,,https://api.robinhood.com/instruments/b4bec397-894b-4c7a-8f6d-ea07ccc5c844/,b4bec397-894b-4c7a-8f6d-ea07ccc5c844,5.00000000,0.38200000,0.00,filled,filled,,market,buy,gfd,immediate,0.40070000,,5.00000000,,2019-10-28T15:21:07.794036Z,2019-10-28T15:21:08.366481Z,2019-10-28T15:21:07.921000Z,"[{'price': '0.38261000', 'quantity': '5.00000000', 'rounded_notional': None, 'settlement_date': '2019-10-30', 'timestamp': '2019-10-28T15:21:07.921000Z', 'id': '9edc26c7-7cc8-4326-b1a9-6678fbb27357', 'ipo_access_execution_rank': None, 'trade_execution_date': None}]",False,,False,False,,,,,,,,"{'amount': '2.01', 'currency_code': 'USD', 'currency_id': '1072fc76-1862-41ab-82c2-485837590762'}","{'amount': '1.91', 'currency_code': 'USD', 'currency_id': '1072fc76-1862-41ab-82c2-485837590762'}",,False,,,,,,False,True,False,True,0,,,2.0,user,False,,order_finalized,,
ceb37f7d-abe6-44c4-aa45-ad2052914c5e,2df637db-f968-4ba1-9906-d50c87b6d58d,https://api.robinhood.com/orders/ceb37f7d-abe6-44c4-aa45-ad2052914c5e/,https://api.robinhood.com/accounts/5SE25445/,fa785cc9-e75d-40e1-ad49-9dad4a009457,https://api.robinhood.com/positions/5SE25445/f71123c6-d1de-4e1f-8045-55c474bd54e1/,,https://api.robinhood.com/instruments/f71123c6-d1de-4e1f-8045-55c474bd54e1/,f71123c6-d1de-4e1f-8045-55c474bd54e1,1.00000000,1.71000000,0.00,filled,filled,,market,buy,gfd,immediate,1.78000000,,1.00000000,,2019-10-28T15:19:41.108526Z,2019-10-28T15:19:41.717190Z,2019-10-28T15:19:41.244000Z,"[{'price': '1.70990000', 'quantity': '1.00000000', 'rounded_notional': None, 'settlement_date': '2019-10-30', 'timestamp': '2019-10-28T15:19:41.244000Z', 'id': '1ee0176c-4418-464b-ab63-d819e40adeb6', 'ipo_access_execution_rank': None, 'trade_execution_date': None}]",False,,False,False,,,,,,,,"{'amount': '1.78', 'currency_code': 'USD', 'currency_id': '1072fc76-1862-41ab-82c2-485837590762'}","{'amount': '1.71', 'currency_code': 'USD', 'currency_id': '1072fc76-1862-41ab-82c2-485837590762'}",,False,,,,,,False,True,False,True,0,,,2.0,user,False,,order_finalized,,
6a653ba0-29e3-4e39-81ae-80cff915e3f6,2dbf577d-f16f-4e98-9a3a-080c80a8003c,https://api.robinhood.com/orders/6a653ba0-29e3-4e39-81ae-80cff915e3f6/,https://api.robinhood.com/accounts/5SE25445/,fa785cc9-e75d-40e1-ad49-9dad4a009457,https://api.robinhood.com/positions/5SE25445/1092a709-620a-4c81-b09a-2d3872180002/,,https://api.robinhood.com/instruments/1092a709-620a-4c81-b09a-2d3872180002/,1092a709-620a-4c81-b09a-2d3872180002,1.00000000,1.33000000,0.00,filled,filled,,market,buy,gfd,immediate,1.38000000,,1.00000000,,2019-10-28T15:18:55.477587Z,2019-10-28T15:18:56.091862Z,2019-10-28T15:18:55.642000Z,"[{'price': '1.32700000', 'quantity': '1.00000000', 'rounded_notional': None, 'settlement_date': '2019-10-30', 'timestamp': '2019-10-28T15:18:55.642000Z', 'id': 'd6d2edb1-5d0e-4455-bb6c-4daf7b8581a5', 'ipo_access_execution_rank': None, 'trade_execution_date': None}]",False,,False,False,,,,,,,,"{'amount': '1.38', 'currency_code': 'USD', 'currency_id': '1072fc76-1862-41ab-82c2-485837590762'}","{'amount': '1.33', 'currency_code': 'USD', 'currency_id': '1072fc76-1862-41ab-82c2-485837590762'}",,False,,,,,,False,True,False,True,0,,,2.0,user,False,,order_finalized,,
7364b54c-6d51-4d06-8384-eb8cd231d83c,39c61e90-100e-4caa-a4bf-fef643980ecc,https://api.robinhood.com/orders/7364b54c-6d51-4d06-8384-eb8cd231d83c/,https://api.robinhood.com/accounts/5SE25445/,fa785cc9-e75d-40e1-ad49-9dad4a009457,https://api.robinhood.com/positions/5SE25445/71d81e7d-783c-4b8c-b574-ee50fcc4ce3a/,,https://api.robinhood.com/instruments/71d81e7d-783c-4b8c-b574-ee50fcc4ce3a/,71d81e7d-783c-4b8c-b574-ee50fcc4ce3a,1.00000000,3.82000000,0.02,filled,filled,,market,sell,gfd,immediate,,,1.00000000,,2019-10-28T15:15:48.755879Z,2019-10-28T15:15:49.701314Z,2019-10-28T15:15:49.226000Z,"[{'price': '3.81500000', 'quantity': '1.00000000', 'rounded_notional': None, 'settlement_date': '2019-10-30', 'timestamp': '2019-10-28T15:15:49.226000Z', 'id': '403a8ce1-df5b-40f1-bfd9-1691174be847', 'ipo_access_execution_rank': None, 'trade_execution_date': None}]",False,,False,False,,,,,,,,,"{'amount': '3.82', 'currency_code': 'USD', 'currency_id': '1072fc76-1862-41ab-82c2-485837590762'}",,False,,,,,,False,True,False,True,0,,,2.0,user,False,,order_finalized,,
1ad0e85b-2f75-4723-b0c5-7a22f2ded2de,792a61f8-6dee-4b0e-a8a9-b755643c4289,https://api.robinhood.com/orders/1ad0e85b-2f75-4723-b0c5-7a22f2ded2de/,https://api.robinhood.com/accounts/5SE25445/,fa785cc9-e75d-40e1-ad49-9dad4a009457,https://api.robinhood.com/positions/5SE25445/7f434ac7-acef-4e92-a011-da1ac3f316dd/,,https://api.robinhood.com/instruments/7f434ac7-acef-4e92-a011-da1ac3f316dd/,7f434ac7-acef-4e92-a011-da1ac3f316dd,2.00000000,2.19500000,0.00,filled,filled,,market,buy,gfd,immediate,2.32000000,,2.00000000,,2019-10-28T15:13:28.464119Z,2019-10-28T15:13:29.034771Z,2019-10-28T15:13:28.561000Z,"[{'price': '2.19400000', 'quantity': '2.00000000', 'rounded_notional': None, 'settlement_date': '2019-10-30', 'timestamp': '2019-10-28T15:13:28.561000Z', 'id': '2f96201f-dd29-4736-b776-b326c3e483be', 'ipo_access_execution_rank': None, 'trade_execution_date': None}]",False,,False,False,,,,,,,,"{'amount': '4.64', 'currency_code': 'USD', 'currency_id': '1072fc76-1862-41ab-82c2-485837590762'}","{'amount': '4.39', 'currency_code': 'USD', 'currency_id': '1072fc76-1862-41ab-82c2-485837590762'}",,False,,,,,,False,True,False,True,0,,,2.0,user,False,,order_finalized,,
3ebcc70f-f92c-4c3d-a98c-edc75319e89d,2961205c-a7d7-4d5b-b488-120b0a2101df,https://api.robinhood.com/orders/3ebcc70f-f92c-4c3d-a98c-edc75319e89d/,https://api.robinhood.com/accounts/5SE25445/,fa785cc9-e75d-40e1-ad49-9dad4a009457,https://api.robinhood.com/positions/5SE25445/71d81e7d-783c-4b8c-b574-ee50fcc4ce3a/,,https://api.robinhood.com/instruments/71d81e7d-783c-4b8c-b574-ee50fcc4ce3a/,71d81e7d-783c-4b8c-b574-ee50fcc4ce3a,12.00000000,3.81500000,0.02,filled,filled,,market,sell,gfd,immediate,,,12.00000000,,2019-10-28T15:04:43.423879Z,2019-10-28T15:04:43.948716Z,2019-10-28T15:04:43.588000Z,"[{'price': '3.81500000', 'quantity': '12.00000000', 'rounded_notional': None, 'settlement_date': '2019-10-30', 'timestamp': '2019-10-28T15:04:43.588000Z', 'id': '5676df2d-11f6-4acd-a724-53fd558d431d', 'ipo_access_execution_rank': None, 'trade_execution_date': None}]",False,,False,False,,,,,,,,,"{'amount': '45.78', 'currency_code': 'USD', 'currency_id': '1072fc76-1862-41ab-82c2-485837590762'}",,False,,,,,,False,True,False,True,0,,,2.0,user,False,,order_finalized,,
3d8113dc-dbee-4d49-b75e-f9c6d582cf12,3d2b6b40-1d85-4913-81e1-c63dd021a17d,https://api.robinhood.com/orders/3d8113dc-dbee-4d49-b75e-f9c6d582cf12/,https://api.robinhood.com/accounts/5SE25445/,fa785cc9-e75d-40e1-ad49-9dad4a009457,https://api.robinhood.com/positions/5SE25445/b003dff4-7071-46ae-9a8d-6e4b4222edf0/,,https://api.robinhood.com/instruments/b003dff4-7071-46ae-9a8d-6e4b4222edf0/,b003dff4-7071-46ae-9a8d-6e4b4222edf0,1.00000000,5.59000000,0.00,filled,filled,,market,buy,gfd,immediate,5.86000000,,1.00000000,,2019-10-28T14:55:38.506641Z,2019-10-28T14:55:39.246793Z,2019-10-28T14:55:38.608000Z,"[{'price': '5.58500000', 'quantity': '1.00000000', 'rounded_notional': None, 'settlement_date': '2019-10-30', 'timestamp': '2019-10-28T14:55:38.608000Z', 'id': '1f1718fb-819d-42b0-afad-b203187427b8', 'ipo_access_execution_rank': None, 'trade_execution_date': None}]",False,,False,False,,,,,,,,"{'amount': '5.86', 'currency_code': 'USD', 'currency_id': '1072fc76-1862-41ab-82c2-485837590762'}","{'amount': '5.59', 'currency_code': 'USD', 'currency_id': '1072fc76-1862-41ab-82c2-485837590762'}",,False,,,,,,False,True,False,True,0,,,2.0,user,False,,order_finalized,,
49fb1d77-7ace-492b-bbb9-f13881b38529,83a7829e-89cd-4925-9fa4-ee6bd8c2a946,https://api.robinhood.com/orders/49fb1d77-7ace-492b-bbb9-f13881b38529/,https://api.robinhood.com/accounts/5SE25445/,fa785cc9-e75d-40e1-ad49-9dad4a009457,https://api.robinhood.com/positions/5SE25445/9a5095d4-628d-4edf-a803-389731e35fb8/,,https://api.robinhood.com/instruments/9a5095d4-628d-4edf-a803-389731e35fb8/,9a5095d4-628d-4edf-a803-389731e35fb8,6.00000000,16.58500000,0.00,filled,filled,,market,buy,gfd,immediate,17.41000000,,6.00000000,,2019-10-28T14:54:52.072146Z,2019-10-28T14:54:52.725877Z,2019-10-28T14:54:52.283000Z,"[{'price': '16.58500000', 'quantity': '6.00000000', 'rounded_notional': None, 'settlement_date': '2019-10-30', 'timestamp': '2019-10-28T14:54:52.283000Z', 'id': 'aeb2ac4b-a823-459b-9ef9-166596db76b2', 'ipo_access_execution_rank': None, 'trade_execution_date': None}]",False,,False,False,,,,,,,,"{'amount': '104.46', 'currency_code': 'USD', 'currency_id': '1072fc76-1862-41ab-82c2-485837590762'}","{'amount': '99.51', 'currency_code': 'USD', 'currency_id': '1072fc76-1862-41ab-82c2-485837590762'}",,False,,,,,,False,True,False,True,0,,,2.0,user,False,,order_finalized,,
82fa9dd8-c70d-4299-8fa4-6fd5f5de2de4,47e3e2d1-5795-4230-b3c7-5e163c1f3d48,https://api.robinhood.com/orders/82fa9dd8-c70d-4299-8fa4-6fd5f5de2de4/,https://api.robinhood.com/accounts/5SE25445/,fa785cc9-e75d-40e1-ad49-9dad4a009457,https://api.robinhood.com/positions/5SE25445/f786c13a-e28f-42a2-8e0e-c7e479688136/,,https://api.robinhood.com/instruments/f786c13a-e28f-42a2-8e0e-c7e479688136/,f786c13a-e28f-42a2-8e0e-c7e479688136,10.00000000,2.39500000,0.00,filled,filled,,market,buy,gfd,immediate,2.51000000,,10.00000000,,2019-10-28T14:54:16.741673Z,2019-10-28T14:54:17.368690Z,2019-10-28T14:54:16.907000Z,"[{'price': '2.39500000', 'quantity': '10.00000000', 'rounded_notional': None, 'settlement_date': '2019-10-30', 'timestamp': '2019-10-28T14:54:16.907000Z', 'id': 'af7a594d-9cfa-4920-8596-12c035ddb2bb', 'ipo_access_execution_rank': None, 'trade_execution_date': None}]",False,,False,False,,,,,,,,"{'amount': '25.10', 'currency_code': 'USD', 'currency_id': '1072fc76-1862-41ab-82c2-485837590762'}","{'amount': '23.95', 'currency_code': 'USD', 'currency_id': '1072fc76-1862-41ab-82c2-485837590762'}",,False,,,,,,False,True,False,True,0,,,2.0,user,False,,order_finalized,,
c887794a-63b0-4624-b03f-8806ee5f0b8f,3a724438-d11e-4a22-85e1-f5c04066e4f6,https://api.robinhood.com/orders/c887794a-63b0-4624-b03f-8806ee5f0b8f/,https://api.robinhood.com/accounts/5SE25445/,fa785cc9-e75d-40e1-ad49-9dad4a009457,https://api.robinhood.com/positions/5SE25445/f5d6a9ec-f1a6-4b22-a976-d255730992cf/,,https://api.robinhood.com/instruments/f5d6a9ec-f1a6-4b22-a976-d255730992cf/,f5d6a9ec-f1a6-4b22-a976-d255730992cf,3.00000000,4.98000000,0.00,filled,filled,,market,buy,gfd,immediate,5.21000000,,3.00000000,,2019-10-28T14:28:13.853007Z,2019-10-28T14:28:14.574460Z,2019-10-28T14:28:14.033000Z,"[{'price': '4.98000000', 'quantity': '3.00000000', 'rounded_notional': None, 'settlement_date': '2019-10-30', 'timestamp': '2019-10-28T14:28:14.033000Z', 'id': '96bbb12e-f27a-438e-9275-caae8b5b4a7d', 'ipo_access_execution_rank': None, 'trade_execution_date': None}]",False,,False,False,,,,,,,,"{'amount': '15.63', 'currency_code': 'USD', 'currency_id': '1072fc76-1862-41ab-82c2-485837590762'}","{'amount': '14.94', 'currency_code': 'USD', 'currency_id': '1072fc76-1862-41ab-82c2-485837590762'}",,False,,,,,,False,True,False,True,0,,,2.0,user,False,,order_finalized,,
73574041-b5a6-4da4-914a-f8ea7ef37522,44914001-77a1-4dcd-9c7e-175f542a64c0,https://api.robinhood.com/orders/73574041-b5a6-4da4-914a-f8ea7ef37522/,https://api.robinhood.com/accounts/5SE25445/,fa785cc9-e75d-40e1-ad49-9dad4a009457,https://api.robinhood.com/positions/5SE25445/c9334c71-c95d-4da0-b6c2-13a01f306c50/,,https://api.robinhood.com/instruments/c9334c71-c95d-4da0-b6c2-13a01f306c50/,c9334c71-c95d-4da0-b6c2-13a01f306c50,3.00000000,9.28670000,0.02,filled,filled,,market,sell,gfd,immediate,,,3.00000000,,2019-10-28T14:10:41.365790Z,2019-10-28T14:10:41.974477Z,2019-10-28T14:10:41.479000Z,"[{'price': '9.28500000', 'quantity': '3.00000000', 'rounded_notional': None, 'settlement_date': '2019-10-30', 'timestamp': '2019-10-28T14:10:41.479000Z', 'id': '0fb0785d-a442-4b12-b1d8-6c690e94612c', 'ipo_access_execution_rank': None, 'trade_execution_date': None}]",False,,False,False,,,,,,,,,"{'amount': '27.86', 'currency_code': 'USD', 'currency_id': '1072fc76-1862-41ab-82c2-485837590762'}",,False,,,,,,False,True,False,True,0,,,2.0,user,False,,order_finalized,,
5fedc51e-cfbe-478d-b3bc-9e8343282381,ac5a37eb-3487-445a-8455-cac2fda5e311,https://api.robinhood.com/orders/5fedc51e-cfbe-478d-b3bc-9e8343282381/,https://api.robinhood.com/accounts/5SE25445/,fa785cc9-e75d-40e1-ad49-9dad4a009457,https://api.robinhood.com/positions/5SE25445/b003dff4-7071-46ae-9a8d-6e4b4222edf0/,,https://api.robinhood.com/instruments/b003dff4-7071-46ae-9a8d-6e4b4222edf0/,b003dff4-7071-46ae-9a8d-6e4b4222edf0,4.00000000,5.59000000,0.00,filled,filled,,market,buy,gfd,immediate,5.86000000,,4.00000000,,2019-10-28T14:08:21.146399Z,2019-10-28T14:08:21.793924Z,2019-10-28T14:08:21.339000Z,"[{'price': '5.59000000', 'quantity': '4.00000000', 'rounded_notional': None, 'settlement_date': '2019-10-30', 'timestamp': '2019-10-28T14:08:21.339000Z', 'id': '15a6f0e8-c8db-4ccf-989c-53e0681f4e9f', 'ipo_access_execution_rank': None, 'trade_execution_date': None}]",False,,False,False,,,,,,,,"{'amount': '23.44', 'currency_code': 'USD', 'currency_id': '1072fc76-1862-41ab-82c2-485837590762'}","{'amount': '22.36', 'currency_code': 'USD', 'currency_id': '1072fc76-1862-41ab-82c2-485837590762'}",,False,,,,,,False,True,False,True,0,,,2.0,user,False,,order_finalized,,
cd639702-002f-42f2-a639-db0a6f56c007,1d30051c-5b4c-4a67-90a4-2e23e26bd393,https://api.robinhood.com/orders/cd639702-002f-42f2-a639-db0a6f56c007/,https://api.robinhood.com/accounts/5SE25445/,fa785cc9-e75d-40e1-ad49-9dad4a009457,https://api.robinhood.com/positions/5SE25445/9f1399e5-5023-425a-9eb5-cd3f91560189/,,https://api.robinhood.com/instruments/9f1399e5-5023-425a-9eb5-cd3f91560189/,9f1399e5-5023-425a-9eb5-cd3f91560189,1.00000000,1.47000000,0.00,filled,filled,,market,buy,gfd,immediate,1.54000000,,1.00000000,,2019-10-28T14:04:58.855937Z,2019-10-28T14:04:59.409492Z,2019-10-28T14:04:58.959000Z,"[{'price': '1.47000000', 'quantity': '1.00000000', 'rounded_notional': None, 'settlement_date': '2019-10-30', 'timestamp': '2019-10-28T14:04:58.959000Z', 'id': 'f5184c7e-a013-46cf-9d5d-25a214596cac', 'ipo_access_execution_rank': None, 'trade_execution_date': None}]",False,,False,False,,,,,,,,"{'amount': '1.54', 'currency_code': 'USD', 'currency_id': '1072fc76-1862-41ab-82c2-485837590762'}","{'amount': '1.47', 'currency_code': 'USD', 'currency_id': '1072fc76-1862-41ab-82c2-485837590762'}",,False,,,,,,False,True,False,True,0,,,2.0,user,False,,order_finalized,,
7b0c90b6-989f-4bc7-9352-f725f4130814,546fe8d1-57c1-4247-962d-f63e53d00f29,https://api.robinhood.com/orders/7b0c90b6-989f-4bc7-9352-f725f4130814/,https://api.robinhood.com/accounts/5SE25445/,fa785cc9-e75d-40e1-ad49-9dad4a009457,https://api.robinhood.com/positions/5SE25445/5b2693ed-080a-4744-9158-2efcb60558b8/,,https://api.robinhood.com/instruments/5b2693ed-080a-4744-9158-2efcb60558b8/,5b2693ed-080a-4744-9158-2efcb60558b8,10.00000000,0.09600000,0.02,filled,filled,,market,sell,gfd,immediate,,,10.00000000,,2019-10-28T14:04:02.280705Z,2019-10-28T14:04:03.025254Z,2019-10-28T14:04:02.570000Z,"[{'price': '0.09600000', 'quantity': '10.00000000', 'rounded_notional': None, 'settlement_date': '2019-10-30', 'timestamp': '2019-10-28T14:04:02.570000Z', 'id': 'd239ba42-edd7-4812-abc0-ab8531ba246b', 'ipo_access_execution_rank': None, 'trade_execution_date': None}]",False,,False,False,,,,,,,,,"{'amount': '0.96', 'currency_code': 'USD', 'currency_id': '1072fc76-1862-41ab-82c2-485837590762'}",,False,,,,,,False,True,False,True,0,,,2.0,user,False,,order_finalized,,
4af0a4cf-a377-47d5-9719-68b0169a3f08,c8c771f6-298c-40da-9f24-e24b944241ec,https://api.robinhood.com/orders/4af0a4cf-a377-47d5-9719-68b0169a3f08/,https://api.robinhood.com/accounts/5SE25445/,fa785cc9-e75d-40e1-ad49-9dad4a009457,https://api.robinhood.com/positions/5SE25445/9f1399e5-5023-425a-9eb5-cd3f91560189/,,https://api.robinhood.com/instruments/9f1399e5-5023-425a-9eb5-cd3f91560189/,9f1399e5-5023-425a-9eb5-cd3f91560189,1.00000000,1.49000000,0.00,filled,filled,,market,buy,gfd,immediate,1.55000000,,1.00000000,,2019-10-28T14:03:14.327139Z,2019-10-28T14:03:14.878537Z,2019-10-28T14:03:14.437000Z,"[{'price': '1.48500000', 'quantity': '1.00000000', 'rounded_notional': None, 'settlement_date': '2019-10-30', 'timestamp': '2019-10-28T14:03:14.437000Z', 'id': 'f57d4c2c-5369-4d4c-94d1-914871879fc7', 'ipo_access_execution_rank': None, 'trade_execution_date': None}]",False,,False,False,,,,,,,,"{'amount': '1.55', 'currency_code': 'USD', 'currency_id': '1072fc76-1862-41ab-82c2-485837590762'}","{'amount': '1.49', 'currency_code': 'USD', 'currency_id': '1072fc76-1862-41ab-82c2-485837590762'}",,False,,,,,,False,True,False,True,0,,,2.0,user,False,,order_finalized,,
928d5318-1c71-4e59-af22-9fc40494b312,353e4059-9c11-4431-bd4d-4dc350d3b48d,https://api.robinhood.com/orders/928d5318-1c71-4e59-af22-9fc40494b312/,https://api.robinhood.com/accounts/5SE25445/,fa785cc9-e75d-40e1-ad49-9dad4a009457,https://api.robinhood.com/positions/5SE25445/9a5095d4-628d-4edf-a803-389731e35fb8/,,https://api.robinhood.com/instruments/9a5095d4-628d-4edf-a803-389731e35fb8/,9a5095d4-628d-4edf-a803-389731e35fb8,1.00000000,16.62000000,0.00,filled,filled,,market,buy,gfd,immediate,17.44000000,,1.00000000,,2019-10-28T14:02:58.389395Z,2019-10-28T14:02:59.020748Z,2019-10-28T14:02:58.568000Z,"[{'price': '16.61950000', 'quantity': '1.00000000', 'rounded_notional': None, 'settlement_date': '2019-10-30', 'timestamp': '2019-10-28T14:02:58.568000Z', 'id': '8ea1f6b0-7363-432a-b329-b0e93a93af79', 'ipo_access_execution_rank': None, 'trade_execution_date': None}]",False,,False,False,,,,,,,,"{'amount': '17.44', 'currency_code': 'USD', 'currency_id': '1072fc76-1862-41ab-82c2-485837590762'}","{'amount': '16.62', 'currency_code': 'USD', 'currency_id': '1072fc76-1862-41ab-82c2-485837590762'}",,False,,,,,,False,True,False,True,0,,,2.0,user,False,,order_finalized,,
fc5b9e17-b0e2-493a-84e2-cb68bf60fad4,7bdc032d-4941-40f2-8f1d-e14451d805ca,https://api.robinhood.com/orders/fc5b9e17-b0e2-493a-84e2-cb68bf60fad4/,https://api.robinhood.com/accounts/5SE25445/,fa785cc9-e75d-40e1-ad49-9dad4a009457,https://api.robinhood.com/positions/5SE25445/1d7d38e7-cf2d-4efa-93b0-490a627788a6/,,https://api.robinhood.com/instruments/1d7d38e7-cf2d-4efa-93b0-490a627788a6/,1d7d38e7-cf2d-4efa-93b0-490a627788a6,2.00000000,5.51500000,0.00,filled,filled,,market,buy,gfd,immediate,5.77000000,,2.00000000,,2019-10-28T13:57:17.726362Z,2019-10-28T13:57:18.386364Z,2019-10-28T13:57:17.887000Z,"[{'price': '5.51500000', 'quantity': '2.00000000', 'rounded_notional': None, 'settlement_date': '2019-10-30', 'timestamp': '2019-10-28T13:57:17.887000Z', 'id': '0be77a9a-d4ce-47d5-a788-56a9d699d996', 'ipo_access_execution_rank': None, 'trade_execution_date': None}]",False,,False,False,,,,,,,,"{'amount': '11.54', 'currency_code': 'USD', 'currency_id': '1072fc76-1862-41ab-82c2-485837590762'}","{'amount': '11.03', 'currency_code': 'USD', 'currency_id': '1072fc76-1862-41ab-82c2-485837590762'}",,False,,,,,,False,True,False,True,0,,,2.0,user,False,,order_finalized,,
06c7a089-75c6-4a00-a418-3d598f8247ec,f0c5f594-1631-49b3-b43e-ec052a679427,https://api.robinhood.com/orders/06c7a089-75c6-4a00-a418-3d598f8247ec/,https://api.robinhood.com/accounts/5SE25445/,fa785cc9-e75d-40e1-ad49-9dad4a009457,https://api.robinhood.com/positions/5SE25445/f6fb4ac4-fd18-4d92-b8e9-475d6b3279ce/,,https://api.robinhood.com/instruments/f6fb4ac4-fd18-4d92-b8e9-475d6b3279ce/,f6fb4ac4-fd18-4d92-b8e9-475d6b3279ce,2.00000000,2.47500000,0.00,filled,filled,,market,buy,gfd,immediate,2.59000000,,2.00000000,,2019-10-28T13:57:00.901058Z,2019-10-28T13:57:01.398685Z,2019-10-28T13:57:00.997000Z,"[{'price': '2.47500000', 'quantity': '2.00000000', 'rounded_notional': None, 'settlement_date': '2019-10-30', 'timestamp': '2019-10-28T13:57:00.997000Z', 'id': '268eb48a-652e-467c-99d3-e7f7f4945940', 'ipo_access_execution_rank': None, 'trade_execution_date': None}]",False,,False,False,,,,,,,,"{'amount': '5.18', 'currency_code': 'USD', 'currency_id': '1072fc76-1862-41ab-82c2-485837590762'}","{'amount': '4.95', 'currency_code': 'USD', 'currency_id': '1072fc76-1862-41ab-82c2-485837590762'}",,False,,,,,,False,True,False,True,0,,,2.0,user,False,,order_finalized,,
b004357d-e872-4f44-bb93-8a85e0f63580,5bac78b8-b950-4c7a-b182-fe52835745a9,https://api.robinhood.com/orders/b004357d-e872-4f44-bb93-8a85e0f63580/,https://api.robinhood.com/accounts/5SE25445/,fa785cc9-e75d-40e1-ad49-9dad4a009457,https://api.robinhood.com/positions/5SE25445/6df56bd0-0bf2-44ab-8875-f94fd8526942/,,https://api.robinhood.com/instruments/6df56bd0-0bf2-44ab-8875-f94fd8526942/,6df56bd0-0bf2-44ab-8875-f94fd8526942,27.00000000,8.70520000,0.02,filled,filled,,market,sell,gfd,immediate,,,27.00000000,,2019-10-28T13:52:09.779653Z,2019-10-28T13:52:10.804617Z,2019-10-28T13:52:10.230000Z,"[{'price': '8.70500000', 'quantity': '27.00000000', 'rounded_notional': None, 'settlement_date': '2019-10-30', 'timestamp': '2019-10-28T13:52:10.230000Z', 'id': '58beb4ef-05b8-4f03-a234-733c0f93d638', 'ipo_access_execution_rank': None, 'trade_execution_date': None}]",False,,False,False,,,,,,,,,"{'amount': '235.04', 'currency_code': 'USD', 'currency_id': '1072fc76-1862-41ab-82c2-485837590762'}",,False,,,,,,False,True,False,True,0,,,2.0,user,False,,order_finalized,,
c1f5cc28-380d-4833-9609-d16c4693312c,327a95ce-16bd-4f15-9a40-895ec99d0f6d,https://api.robinhood.com/orders/c1f5cc28-380d-4833-9609-d16c4693312c/,https://api.robinhood.com/accounts/5SE25445/,fa785cc9-e75d-40e1-ad49-9dad4a009457,https://api.robinhood.com/positions/5SE25445/5b2693ed-080a-4744-9158-2efcb60558b8/,,https://api.robinhood.com/instruments/5b2693ed-080a-4744-9158-2efcb60558b8/,5b2693ed-080a-4744-9158-2efcb60558b8,10.00000000,0.08600000,0.00,filled,filled,,market,buy,gfd,immediate,0.09050000,,10.00000000,,2019-10-25T16:02:55.872428Z,2019-10-25T16:02:56.451009Z,2019-10-25T16:02:56.009000Z,"[{'price': '0.08630000', 'quantity': '10.00000000', 'rounded_notional': None, 'settlement_date': '2019-10-29', 'timestamp': '2019-10-25T16:02:56.009000Z', 'id': '9b781bf8-85ed-4082-bc23-d75a22a7f759', 'ipo_access_execution_rank': None, 'trade_execution_date': None}]",False,,False,False,,,,,,,,"{'amount': '0.91', 'currency_code': 'USD', 'currency_id': '1072fc76-1862-41ab-82c2-485837590762'}","{'amount': '0.86', 'currency_code': 'USD', 'currency_id': '1072fc76-1862-41ab-82c2-485837590762'}",,False,,,,,,False,True,False,True,0,,,2.0,user,False,,order_finalized,,
a044c110-f59b-4e16-9399-91cb9537e489,9d40fc5f-04af-4c09-aee7-b78551b05983,https://api.robinhood.com/orders/a044c110-f59b-4e16-9399-91cb9537e489/,https://api.robinhood.com/accounts/5SE25445/,fa785cc9-e75d-40e1-ad49-9dad4a009457,https://api.robinhood.com/positions/5SE25445/9f1399e5-5023-425a-9eb5-cd3f91560189/,,https://api.robinhood.com/instruments/9f1399e5-5023-425a-9eb5-cd3f91560189/,9f1399e5-5023-425a-9eb5-cd3f91560189,1.00000000,1.57000000,0.00,filled,filled,,market,buy,gfd,immediate,1.64000000,,1.00000000,,2019-10-23T16:06:44.007877Z,2019-10-23T16:06:44.596085Z,2019-10-23T16:06:44.127000Z,"[{'price': '1.56610000', 'quantity': '1.00000000', 'rounded_notional': None, 'settlement_date': '2019-10-25', 'timestamp': '2019-10-23T16:06:44.127000Z', 'id': '70fd1130-e361-4adb-9c6f-0302beacbb02', 'ipo_access_execution_rank': None, 'trade_execution_date': None}]",False,,False,False,,,,,,,,"{'amount': '1.64', 'currency_code': 'USD', 'currency_id': '1072fc76-1862-41ab-82c2-485837590762'}","{'amount': '1.57', 'currency_code': 'USD', 'currency_id': '1072fc76-1862-41ab-82c2-485837590762'}",,False,,,,,,False,True,False,True,0,,,2.0,user,False,,order_finalized,,
7cf39d86-e197-4e9a-bdc7-03dd532325c5,0edc41ab-a92e-42e6-8df5-056888ae8b26,https://api.robinhood.com/orders/7cf39d86-e197-4e9a-bdc7-03dd532325c5/,https://api.robinhood.com/accounts/5SE25445/,fa785cc9-e75d-40e1-ad49-9dad4a009457,https://api.robinhood.com/positions/5SE25445/f6fb4ac4-fd18-4d92-b8e9-475d6b3279ce/,,https://api.robinhood.com/instruments/f6fb4ac4-fd18-4d92-b8e9-475d6b3279ce/,f6fb4ac4-fd18-4d92-b8e9-475d6b3279ce,1.00000000,2.24000000,0.00,filled,filled,,market,buy,gfd,immediate,2.34000000,,1.00000000,,2019-10-23T16:06:31.722768Z,2019-10-23T16:06:32.262274Z,2019-10-23T16:06:31.827000Z,"[{'price': '2.23700000', 'quantity': '1.00000000', 'rounded_notional': None, 'settlement_date': '2019-10-25', 'timestamp': '2019-10-23T16:06:31.827000Z', 'id': '226b772b-abd5-4b03-aaec-c2a134a8ae1e', 'ipo_access_execution_rank': None, 'trade_execution_date': None}]",False,,False,False,,,,,,,,"{'amount': '2.34', 'currency_code': 'USD', 'currency_id': '1072fc76-1862-41ab-82c2-485837590762'}","{'amount': '2.24', 'currency_code': 'USD', 'currency_id': '1072fc76-1862-41ab-82c2-485837590762'}",,False,,,,,,False,True,False,True,0,,,2.0,user,False,,order_finalized,,
2ef22d07-4818-4b91-b15d-2f43a0f96a03,d267b9c2-2653-4bbe-bb5b-906b580f4d48,https://api.robinhood.com/orders/2ef22d07-4818-4b91-b15d-2f43a0f96a03/,https://api.robinhood.com/accounts/5SE25445/,fa785cc9-e75d-40e1-ad49-9dad4a009457,https://api.robinhood.com/positions/5SE25445/7f434ac7-acef-4e92-a011-da1ac3f316dd/,,https://api.robinhood.com/instruments/7f434ac7-acef-4e92-a011-da1ac3f316dd/,7f434ac7-acef-4e92-a011-da1ac3f316dd,0.00000000,,0.00,cancelled,cancelled,,limit,sell,gtc,immediate,2.80000000,,2.00000000,,2019-10-22T14:16:23.884577Z,2019-10-28T14:51:33.888932Z,2019-10-28T14:51:33.437000Z,[],False,,False,False,,,,,,,,"{'amount': '5.60', 'currency_code': 'USD', 'currency_id': '1072fc76-1862-41ab-82c2-485837590762'}",,,False,user,,,,,False,True,False,True,0,,,11.0,user,False,,order_finalized,,
8e9eacc3-d33e-4d66-9610-a0955412fa08,fe5f1357-4678-43ad-bde8-6b06abadcf74,https://api.robinhood.com/orders/8e9eacc3-d33e-4d66-9610-a0955412fa08/,https://api.robinhood.com/accounts/5SE25445/,fa785cc9-e75d-40e1-ad49-9dad4a009457,https://api.robinhood.com/positions/5SE25445/f6fb4ac4-fd18-4d92-b8e9-475d6b3279ce/,,https://api.robinhood.com/instruments/f6fb4ac4-fd18-4d92-b8e9-475d6b3279ce/,f6fb4ac4-fd18-4d92-b8e9-475d6b3279ce,0.00000000,,0.00,cancelled,cancelled,,limit,sell,gtc,immediate,2.50000000,,1.00000000,,2019-10-22T14:15:02.244651Z,2019-10-25T15:59:24.574686Z,2019-10-25T15:59:24.125000Z,[],False,,False,False,,,,,,,,"{'amount': '2.50', 'currency_code': 'USD', 'currency_id': '1072fc76-1862-41ab-82c2-485837590762'}",,,False,user,,,,,False,True,False,True,0,,,9.0,user,False,,order_finalized,,
9dc671b6-c71f-4259-bb5b-7a63c3aca2e0,658aae6c-8d6d-43b9-aa0b-fd0e8b293f88,https://api.robinhood.com/orders/9dc671b6-c71f-4259-bb5b-7a63c3aca2e0/,https://api.robinhood.com/accounts/5SE25445/,fa785cc9-e75d-40e1-ad49-9dad4a009457,https://api.robinhood.com/positions/5SE25445/6df56bd0-0bf2-44ab-8875-f94fd8526942/,,https://api.robinhood.com/instruments/6df56bd0-0bf2-44ab-8875-f94fd8526942/,6df56bd0-0bf2-44ab-8875-f94fd8526942,0.00000000,,0.00,cancelled,cancelled,,limit,sell,gtc,immediate,9.50000000,,28.00000000,,2019-10-22T14:12:01.147583Z,2019-10-28T13:51:34.313638Z,2019-10-28T13:51:33.867000Z,[],False,,False,False,,,,,,,,"{'amount': '266.00', 'currency_code': 'USD', 'currency_id': '1072fc76-1862-41ab-82c2-485837590762'}",,,False,user,,,,,False,True,False,True,0,,,15.0,user,False,,order_finalized,,
14cd35f5-c217-47b2-b248-2c8aba1bdd06,f55ea395-cadb-46ca-880d-c8e3a404422f,https://api.robinhood.com/orders/14cd35f5-c217-47b2-b248-2c8aba1bdd06/,https://api.robinhood.com/accounts/5SE25445/,fa785cc9-e75d-40e1-ad49-9dad4a009457,https://api.robinhood.com/positions/5SE25445/1bd0c248-ad06-413d-99ae-9baaaa3acd06/,,https://api.robinhood.com/instruments/1bd0c248-ad06-413d-99ae-9baaaa3acd06/,1bd0c248-ad06-413d-99ae-9baaaa3acd06,1.00000000,17.21000000,0.00,filled,filled,,limit,buy,gfd,immediate,17.21000000,,1.00000000,,2019-10-22T14:04:49.641346Z,2019-10-22T14:04:50.309922Z,2019-10-22T14:04:49.776000Z,"[{'price': '17.20500000', 'quantity': '1.00000000', 'rounded_notional': None, 'settlement_date': '2019-10-24', 'timestamp': '2019-10-22T14:04:49.776000Z', 'id': 'b0da3f4d-b49d-4e7a-b54c-058c1628ceae', 'ipo_access_execution_rank': None, 'trade_execution_date': None}]",True,,False,False,,,,,,,,"{'amount': '17.21', 'currency_code': 'USD', 'currency_id': '1072fc76-1862-41ab-82c2-485837590762'}","{'amount': '17.21', 'currency_code': 'USD', 'currency_id': '1072fc76-1862-41ab-82c2-485837590762'}",,False,,,,,,False,True,False,True,0,,,2.0,user,False,,order_finalized,,
2d828b37-9aa8-4261-aed6-4406430f1f35,ebd2b6ba-bc42-4af2-8dc7-ee0028223fda,https://api.robinhood.com/orders/2d828b37-9aa8-4261-aed6-4406430f1f35/,https://api.robinhood.com/accounts/5SE25445/,fa785cc9-e75d-40e1-ad49-9dad4a009457,https://api.robinhood.com/positions/5SE25445/5b2693ed-080a-4744-9158-2efcb60558b8/,,https://api.robinhood.com/instruments/5b2693ed-080a-4744-9158-2efcb60558b8/,5b2693ed-080a-4744-9158-2efcb60558b8,9.00000000,0.11330000,0.02,filled,filled,,market,sell,gfd,immediate,,,9.00000000,,2019-10-22T14:04:05.667560Z,2019-10-22T14:04:06.204000Z,2019-10-22T14:04:05.806000Z,"[{'price': '0.11330000', 'quantity': '9.00000000', 'rounded_notional': None, 'settlement_date': '2019-10-24', 'timestamp': '2019-10-22T14:04:05.806000Z', 'id': '3266b08f-f870-4b0e-a608-435869797a2e', 'ipo_access_execution_rank': None, 'trade_execution_date': None}]",False,,False,False,,,,,,,,,"{'amount': '1.02', 'currency_code': 'USD', 'currency_id': '1072fc76-1862-41ab-82c2-485837590762'}",,False,,,,,,False,True,False,True,0,,,2.0,user,False,,order_finalized,,
b1b151e1-f730-4b33-a9e4-e4875e460c0d,34ef5a4c-f1ae-41ec-bac9-0f3b755c18de,https://api.robinhood.com/orders/b1b151e1-f730-4b33-a9e4-e4875e460c0d/,https://api.robinhood.com/accounts/5SE25445/,fa785cc9-e75d-40e1-ad49-9dad4a009457,https://api.robinhood.com/positions/5SE25445/6df56bd0-0bf2-44ab-8875-f94fd8526942/,,https://api.robinhood.com/instruments/6df56bd0-0bf2-44ab-8875-f94fd8526942/,6df56bd0-0bf2-44ab-8875-f94fd8526942,1.00000000,8.99000000,0.00,filled,filled,,market,buy,gfd,immediate,9.43000000,,1.00000000,,2019-10-22T13:40:11.176480Z,2019-10-22T13:40:11.766194Z,2019-10-22T13:40:11.287000Z,"[{'price': '8.98500000', 'quantity': '1.00000000', 'rounded_notional': None, 'settlement_date': '2019-10-24', 'timestamp': '2019-10-22T13:40:11.287000Z', 'id': '4e713a07-0474-488b-a994-937429a068c0', 'ipo_access_execution_rank': None, 'trade_execution_date': None}]",False,,False,False,,,,,,,,"{'amount': '9.43', 'currency_code': 'USD', 'currency_id': '1072fc76-1862-41ab-82c2-485837590762'}","{'amount': '8.99', 'currency_code': 'USD', 'currency_id': '1072fc76-1862-41ab-82c2-485837590762'}",,False,,,,,,False,True,False,True,0,,,2.0,user,False,,order_finalized,,
fb6c2328-6a89-4cac-874d-50c3b9264ce3,f486ed2c-7fa4-4e28-b344-97fed5915f5e,https://api.robinhood.com/orders/fb6c2328-6a89-4cac-874d-50c3b9264ce3/,https://api.robinhood.com/accounts/5SE25445/,fa785cc9-e75d-40e1-ad49-9dad4a009457,https://api.robinhood.com/positions/5SE25445/f5d6a9ec-f1a6-4b22-a976-d255730992cf/,,https://api.robinhood.com/instruments/f5d6a9ec-f1a6-4b22-a976-d255730992cf/,f5d6a9ec-f1a6-4b22-a976-d255730992cf,4.00000000,4.55500000,0.00,filled,filled,,market,buy,gfd,immediate,4.78000000,,4.00000000,,2019-10-21T16:29:35.705868Z,2019-10-21T16:29:36.327967Z,2019-10-21T16:29:35.856000Z,"[{'price': '4.55500000', 'quantity': '4.00000000', 'rounded_notional': None, 'settlement_date': '2019-10-23', 'timestamp': '2019-10-21T16:29:35.856000Z', 'id': 'bad539b0-9622-49fa-b592-c0c616c013e2', 'ipo_access_execution_rank': None, 'trade_execution_date': None}]",False,,False,False,,,,,,,,"{'amount': '19.12', 'currency_code': 'USD', 'currency_id': '1072fc76-1862-41ab-82c2-485837590762'}","{'amount': '18.22', 'currency_code': 'USD', 'currency_id': '1072fc76-1862-41ab-82c2-485837590762'}",,False,,,,,,False,True,False,True,0,,,2.0,user,False,,order_finalized,,
68164393-faf2-4a6a-9984-d50f10398c1f,fb4844ce-9688-49d0-9de4-9fbd992cb45f,https://api.robinhood.com/orders/68164393-faf2-4a6a-9984-d50f10398c1f/,https://api.robinhood.com/accounts/5SE25445/,fa785cc9-e75d-40e1-ad49-9dad4a009457,https://api.robinhood.com/positions/5SE25445/6df56bd0-0bf2-44ab-8875-f94fd8526942/,,https://api.robinhood.com/instruments/6df56bd0-0bf2-44ab-8875-f94fd8526942/,6df56bd0-0bf2-44ab-8875-f94fd8526942,23.00000000,9.10520000,0.00,filled,filled,,market,buy,gfd,immediate,9.56000000,,23.00000000,,2019-10-21T16:26:48.209801Z,2019-10-21T16:26:48.841726Z,2019-10-21T16:26:48.337000Z,"[{'price': '9.10500000', 'quantity': '23.00000000', 'rounded_notional': None, 'settlement_date': '2019-10-23', 'timestamp': '2019-10-21T16:26:48.337000Z', 'id': '80dc9b2c-e356-4e59-bfc2-13dc57f4b4d0', 'ipo_access_execution_rank': None, 'trade_execution_date': None}]",False,,False,False,,,,,,,,"{'amount': '219.88', 'currency_code': 'USD', 'currency_id': '1072fc76-1862-41ab-82c2-485837590762'}","{'amount': '209.42', 'currency_code': 'USD', 'currency_id': '1072fc76-1862-41ab-82c2-485837590762'}",,False,,,,,,False,True,False,True,0,,,2.0,user,False,,order_finalized,,
968b1dc6-9c19-4f25-82ff-eb54823107bc,542833e9-01d6-4203-8af3-6140431d7b79,https://api.robinhood.com/orders/968b1dc6-9c19-4f25-82ff-eb54823107bc/,https://api.robinhood.com/accounts/5SE25445/,fa785cc9-e75d-40e1-ad49-9dad4a009457,https://api.robinhood.com/positions/5SE25445/c9334c71-c95d-4da0-b6c2-13a01f306c50/,,https://api.robinhood.com/instruments/c9334c71-c95d-4da0-b6c2-13a01f306c50/,c9334c71-c95d-4da0-b6c2-13a01f306c50,3.00000000,10.31000000,0.00,filled,filled,,market,buy,gfd,immediate,10.82000000,,3.00000000,,2019-10-21T16:26:18.819542Z,2019-10-21T16:26:19.488515Z,2019-10-21T16:26:19.013000Z,"[{'price': '10.30990000', 'quantity': '3.00000000', 'rounded_notional': None, 'settlement_date': '2019-10-23', 'timestamp': '2019-10-21T16:26:19.013000Z', 'id': 'ebe4f008-e8f1-4b86-8988-44ab4e4f32a0', 'ipo_access_execution_rank': None, 'trade_execution_date': None}]",False,,False,False,,,,,,,,"{'amount': '32.46', 'currency_code': 'USD', 'currency_id': '1072fc76-1862-41ab-82c2-485837590762'}","{'amount': '30.93', 'currency_code': 'USD', 'currency_id': '1072fc76-1862-41ab-82c2-485837590762'}",,False,,,,,,False,True,False,True,0,,,2.0,user,False,,order_finalized,,
86e046d2-c25a-4dba-aad3-925d8a99d937,93dac23f-37b0-45e8-9aac-bac07dca4d95,https://api.robinhood.com/orders/86e046d2-c25a-4dba-aad3-925d8a99d937/,https://api.robinhood.com/accounts/5SE25445/,fa785cc9-e75d-40e1-ad49-9dad4a009457,https://api.robinhood.com/positions/5SE25445/6df56bd0-0bf2-44ab-8875-f94fd8526942/,,https://api.robinhood.com/instruments/6df56bd0-0bf2-44ab-8875-f94fd8526942/,6df56bd0-0bf2-44ab-8875-f94fd8526942,3.00000000,9.10670000,0.00,filled,filled,,market,buy,gfd,immediate,9.55000000,,3.00000000,,2019-10-21T16:23:49.642261Z,2019-10-21T16:23:50.282524Z,2019-10-21T16:23:49.817000Z,"[{'price': '9.10500000', 'quantity': '3.00000000', 'rounded_notional': None, 'settlement_date': '2019-10-23', 'timestamp': '2019-10-21T16:23:49.817000Z', 'id': 'ae4381ff-a258-4c78-b069-5e49303f09e3', 'ipo_access_execution_rank': None, 'trade_execution_date': None}]",False,,False,False,,,,,,,,"{'amount': '28.65', 'currency_code': 'USD', 'currency_id': '1072fc76-1862-41ab-82c2-485837590762'}","{'amount': '27.32', 'currency_code': 'USD', 'currency_id': '1072fc76-1862-41ab-82c2-485837590762'}",,False,,,,,,False,True,False,True,0,,,2.0,user,False,,order_finalized,,
aaacc510-ab8d-4ec0-802b-cd2cf49da409,18077bab-ed19-4afb-884f-7aa7991b36ac,https://api.robinhood.com/orders/aaacc510-ab8d-4ec0-802b-cd2cf49da409/,https://api.robinhood.com/accounts/5SE25445/,fa785cc9-e75d-40e1-ad49-9dad4a009457,https://api.robinhood.com/positions/5SE25445/9a5095d4-628d-4edf-a803-389731e35fb8/,,https://api.robinhood.com/instruments/9a5095d4-628d-4edf-a803-389731e35fb8/,9a5095d4-628d-4edf-a803-389731e35fb8,17.00000000,16.76000000,0.02,filled,filled,,market,sell,gfd,immediate,,,17.00000000,,2019-10-21T16:23:35.494754Z,2019-10-21T16:23:36.147866Z,2019-10-21T16:23:35.695000Z,"[{'price': '16.76000000', 'quantity': '17.00000000', 'rounded_notional': None, 'settlement_date': '2019-10-23', 'timestamp': '2019-10-21T16:23:35.695000Z', 'id': 'c375b891-447a-462f-891b-2ac5b44728a8', 'ipo_access_execution_rank': None, 'trade_execution_date': None}]",False,,False,False,,,,,,,,,"{'amount': '284.92', 'currency_code': 'USD', 'currency_id': '1072fc76-1862-41ab-82c2-485837590762'}",,False,,,,,,False,True,False,True,0,,,2.0,user,False,,order_finalized,,
63dffaae-300d-42b7-8342-6f09253c8b2b,f07f0cbc-3405-48c7-a36c-0c7953814e48,https://api.robinhood.com/orders/63dffaae-300d-42b7-8342-6f09253c8b2b/,https://api.robinhood.com/accounts/5SE25445/,fa785cc9-e75d-40e1-ad49-9dad4a009457,https://api.robinhood.com/positions/5SE25445/175731c2-c8cf-4136-ada7-4e8e9decafe2/,,https://api.robinhood.com/instruments/175731c2-c8cf-4136-ada7-4e8e9decafe2/,175731c2-c8cf-4136-ada7-4e8e9decafe2,1.00000000,13.68000000,0.00,filled,filled,,market,buy,gfd,immediate,14.34000000,,1.00000000,,2019-10-21T16:10:14.100365Z,2019-10-21T16:10:14.679653Z,2019-10-21T16:10:14.254000Z,"[{'price': '13.68000000', 'quantity': '1.00000000', 'rounded_notional': None, 'settlement_date': '2019-10-23', 'timestamp': '2019-10-21T16:10:14.254000Z', 'id': '42dec75c-e344-48ec-80a5-d016f297fffb', 'ipo_access_execution_rank': None, 'trade_execution_date': None}]",False,,False,False,,,,,,,,"{'amount': '14.34', 'currency_code': 'USD', 'currency_id': '1072fc76-1862-41ab-82c2-485837590762'}","{'amount': '13.68', 'currency_code': 'USD', 'currency_id': '1072fc76-1862-41ab-82c2-485837590762'}",,False,,,,,,False,True,False,True,0,,,2.0,user,False,,order_finalized,,
1af09eb4-905c-4ec0-a330-ef7fc018874d,4675af2c-a720-4ef4-bcf0-276608a4eb53,https://api.robinhood.com/orders/1af09eb4-905c-4ec0-a330-ef7fc018874d/,https://api.robinhood.com/accounts/5SE25445/,fa785cc9-e75d-40e1-ad49-9dad4a009457,https://api.robinhood.com/positions/5SE25445/1d7d38e7-cf2d-4efa-93b0-490a627788a6/,,https://api.robinhood.com/instruments/1d7d38e7-cf2d-4efa-93b0-490a627788a6/,1d7d38e7-cf2d-4efa-93b0-490a627788a6,2.00000000,4.72000000,0.00,filled,filled,,market,buy,gfd,immediate,4.94000000,,2.00000000,,2019-10-21T16:09:54.320564Z,2019-10-21T16:09:54.940676Z,2019-10-21T16:09:54.439000Z,"[{'price': '4.71810000', 'quantity': '2.00000000', 'rounded_notional': None, 'settlement_date': '2019-10-23', 'timestamp': '2019-10-21T16:09:54.439000Z', 'id': '3d5edb6d-670f-404b-bcd9-8ce6bb9a64ab', 'ipo_access_execution_rank': None, 'trade_execution_date': None}]",False,,False,False,,,,,,,,"{'amount': '9.88', 'currency_code': 'USD', 'currency_id': '1072fc76-1862-41ab-82c2-485837590762'}","{'amount': '9.44', 'currency_code': 'USD', 'currency_id': '1072fc76-1862-41ab-82c2-485837590762'}",,False,,,,,,False,True,False,True,0,,,2.0,user,False,,order_finalized,,
ee4136c6-1849-4d0b-aee3-23f84f246f72,59ea18a9-9fb6-4e0e-babb-c1d699bf0d11,https://api.robinhood.com/orders/ee4136c6-1849-4d0b-aee3-23f84f246f72/,https://api.robinhood.com/accounts/5SE25445/,fa785cc9-e75d-40e1-ad49-9dad4a009457,https://api.robinhood.com/positions/5SE25445/f786c13a-e28f-42a2-8e0e-c7e479688136/,,https://api.robinhood.com/instruments/f786c13a-e28f-42a2-8e0e-c7e479688136/,f786c13a-e28f-42a2-8e0e-c7e479688136,2.00000000,2.61000000,0.00,filled,filled,,market,buy,gfd,immediate,2.73000000,,2.00000000,,2019-10-21T16:09:31.629141Z,2019-10-21T16:09:32.180897Z,2019-10-21T16:09:31.758000Z,"[{'price': '2.60990000', 'quantity': '2.00000000', 'rounded_notional': None, 'settlement_date': '2019-10-23', 'timestamp': '2019-10-21T16:09:31.758000Z', 'id': 'bc2081a9-ddea-47f8-8ac4-b1ee7924cbf1', 'ipo_access_execution_rank': None, 'trade_execution_date': None}]",False,,False,False,,,,,,,,"{'amount': '5.46', 'currency_code': 'USD', 'currency_id': '1072fc76-1862-41ab-82c2-485837590762'}","{'amount': '5.22', 'currency_code': 'USD', 'currency_id': '1072fc76-1862-41ab-82c2-485837590762'}",,False,,,,,,False,True,False,True,0,,,2.0,user,False,,order_finalized,,
f44a9ae2-6e66-42af-a44d-10bfe661c47f,d2dcc9ed-937b-42c0-8eec-bf9625735ba8,https://api.robinhood.com/orders/f44a9ae2-6e66-42af-a44d-10bfe661c47f/,https://api.robinhood.com/accounts/5SE25445/,fa785cc9-e75d-40e1-ad49-9dad4a009457,https://api.robinhood.com/positions/5SE25445/f6fb4ac4-fd18-4d92-b8e9-475d6b3279ce/,,https://api.robinhood.com/instruments/f6fb4ac4-fd18-4d92-b8e9-475d6b3279ce/,f6fb4ac4-fd18-4d92-b8e9-475d6b3279ce,30.00000000,2.07500000,0.02,filled,filled,,market,sell,gfd,immediate,,,30.00000000,,2019-10-21T16:08:18.613526Z,2019-10-21T16:08:19.253432Z,2019-10-21T16:08:18.798000Z,"[{'price': '2.07500000', 'quantity': '30.00000000', 'rounded_notional': None, 'settlement_date': '2019-10-23', 'timestamp': '2019-10-21T16:08:18.798000Z', 'id': 'f02fc0f1-d451-4d4b-a307-5a724240f412', 'ipo_access_execution_rank': None, 'trade_execution_date': None}]",False,,False,False,,,,,,,,,"{'amount': '62.25', 'currency_code': 'USD', 'currency_id': '1072fc76-1862-41ab-82c2-485837590762'}",,False,,,,,,False,True,False,True,0,,,2.0,user,False,,order_finalized,,
85fd0d77-e22b-4210-a240-7912f65b7a37,511d1898-ac7b-46b1-abb6-acdb3d545c30,https://api.robinhood.com/orders/85fd0d77-e22b-4210-a240-7912f65b7a37/,https://api.robinhood.com/accounts/5SE25445/,fa785cc9-e75d-40e1-ad49-9dad4a009457,https://api.robinhood.com/positions/5SE25445/7f434ac7-acef-4e92-a011-da1ac3f316dd/,,https://api.robinhood.com/instruments/7f434ac7-acef-4e92-a011-da1ac3f316dd/,7f434ac7-acef-4e92-a011-da1ac3f316dd,1.00000000,2.30000000,0.00,filled,filled,,limit,buy,gfd,immediate,2.30000000,,1.00000000,,2019-10-18T18:58:33.378193Z,2019-10-18T18:58:44.005793Z,2019-10-18T18:58:43.522000Z,"[{'price': '2.30000000', 'quantity': '1.00000000', 'rounded_notional': None, 'settlement_date': '2019-10-22', 'timestamp': '2019-10-18T18:58:43.522000Z', 'id': '2d88a830-2351-4767-9d52-e092016c71c9', 'ipo_access_execution_rank': None, 'trade_execution_date': None}]",True,,False,False,,,,,,,,"{'amount': '2.30', 'currency_code': 'USD', 'currency_id': '1072fc76-1862-41ab-82c2-485837590762'}","{'amount': '2.30', 'currency_code': 'USD', 'currency_id': '1072fc76-1862-41ab-82c2-485837590762'}",,False,,,,,,False,True,False,True,0,,,2.0,user,False,,order_finalized,,
e9c39554-ea59-42ee-b218-626594b819d8,52127749-313f-4b34-8b04-219022916059,https://api.robinhood.com/orders/e9c39554-ea59-42ee-b218-626594b819d8/,https://api.robinhood.com/accounts/5SE25445/,fa785cc9-e75d-40e1-ad49-9dad4a009457,https://api.robinhood.com/positions/5SE25445/9a5095d4-628d-4edf-a803-389731e35fb8/,,https://api.robinhood.com/instruments/9a5095d4-628d-4edf-a803-389731e35fb8/,9a5095d4-628d-4edf-a803-389731e35fb8,8.00000000,16.58000000,0.00,filled,filled,,limit,buy,gfd,immediate,16.58000000,,8.00000000,,2019-10-18T18:57:46.307417Z,2019-10-18T18:57:46.823357Z,2019-10-18T18:57:46.404000Z,"[{'price': '16.57980000', 'quantity': '8.00000000', 'rounded_notional': None, 'settlement_date': '2019-10-22', 'timestamp': '2019-10-18T18:57:46.404000Z', 'id': '71e43f3f-c943-4748-bc3e-80af33af92ae', 'ipo_access_execution_rank': None, 'trade_execution_date': None}]",True,,False,False,,,,,,,,"{'amount': '132.64', 'currency_code': 'USD', 'currency_id': '1072fc76-1862-41ab-82c2-485837590762'}","{'amount': '132.64', 'currency_code': 'USD', 'currency_id': '1072fc76-1862-41ab-82c2-485837590762'}",,False,,,,,,False,True,False,True,0,,,2.0,user,False,,order_finalized,,
05aafa4e-931e-4d74-840f-69f22ed6965d,433b0a08-1862-494d-afa7-e0ed9a122e96,https://api.robinhood.com/orders/05aafa4e-931e-4d74-840f-69f22ed6965d/,https://api.robinhood.com/accounts/5SE25445/,fa785cc9-e75d-40e1-ad49-9dad4a009457,https://api.robinhood.com/positions/5SE25445/71d81e7d-783c-4b8c-b574-ee50fcc4ce3a/,,https://api.robinhood.com/instruments/71d81e7d-783c-4b8c-b574-ee50fcc4ce3a/,71d81e7d-783c-4b8c-b574-ee50fcc4ce3a,22.00000000,3.69000000,0.00,filled,filled,,limit,buy,gfd,immediate,3.69000000,,22.00000000,,2019-10-18T18:50:31.792142Z,2019-10-18T18:50:44.510071Z,2019-10-18T18:50:44.104000Z,"[{'price': '3.69000000', 'quantity': '22.00000000', 'rounded_notional': None, 'settlement_date': '2019-10-22', 'timestamp': '2019-10-18T18:50:44.104000Z', 'id': '5b6c91a6-8e9f-415b-850a-5c652eb42fc3', 'ipo_access_execution_rank': None, 'trade_execution_date': None}]",True,,False,False,,,,,,,,"{'amount': '81.18', 'currency_code': 'USD', 'currency_id': '1072fc76-1862-41ab-82c2-485837590762'}","{'amount': '81.18', 'currency_code': 'USD', 'currency_id': '1072fc76-1862-41ab-82c2-485837590762'}",,False,,,,,,False,True,False,True,0,,,2.0,user,False,,order_finalized,,
5d0df570-cc77-4a8d-b81c-8e256d46303d,44a73f59-2092-484e-a9e7-b94332c41f24,https://api.robinhood.com/orders/5d0df570-cc77-4a8d-b81c-8e256d46303d/,https://api.robinhood.com/accounts/5SE25445/,fa785cc9-e75d-40e1-ad49-9dad4a009457,https://api.robinhood.com/positions/5SE25445/f6fb4ac4-fd18-4d92-b8e9-475d6b3279ce/,,https://api.robinhood.com/instruments/f6fb4ac4-fd18-4d92-b8e9-475d6b3279ce/,f6fb4ac4-fd18-4d92-b8e9-475d6b3279ce,10.00000000,1.97500000,0.00,filled,filled,,limit,buy,gtc,immediate,1.98000000,,10.00000000,,2019-10-18T13:53:06.391867Z,2019-10-18T13:53:06.980389Z,2019-10-18T13:53:06.497000Z,"[{'price': '1.97500000', 'quantity': '10.00000000', 'rounded_notional': None, 'settlement_date': '2019-10-22', 'timestamp': '2019-10-18T13:53:06.497000Z', 'id': 'c323b0de-cbbe-4618-a662-4a142c91ffb1', 'ipo_access_execution_rank': None, 'trade_execution_date': None}]",False,,False,False,,,,,,,,"{'amount': '19.80', 'currency_code': 'USD', 'currency_id': '1072fc76-1862-41ab-82c2-485837590762'}","{'amount': '19.75', 'currency_code': 'USD', 'currency_id': '1072fc76-1862-41ab-82c2-485837590762'}",,False,,,,,,False,True,False,True,0,,,2.0,user,False,,order_finalized,,
4f2ed7e7-09b2-4185-affe-37a6f3b421aa,7072492b-4db3-4cb2-9fee-fcaac070f665,https://api.robinhood.com/orders/4f2ed7e7-09b2-4185-affe-37a6f3b421aa/,https://api.robinhood.com/accounts/5SE25445/,fa785cc9-e75d-40e1-ad49-9dad4a009457,https://api.robinhood.com/positions/5SE25445/7f434ac7-acef-4e92-a011-da1ac3f316dd/,,https://api.robinhood.com/instruments/7f434ac7-acef-4e92-a011-da1ac3f316dd/,7f434ac7-acef-4e92-a011-da1ac3f316dd,1.00000000,2.33000000,0.00,filled,filled,,market,buy,gfd,immediate,2.44000000,,1.00000000,,2019-10-17T19:50:58.066327Z,2019-10-17T19:50:58.671460Z,2019-10-17T19:50:58.207000Z,"[{'price': '2.32500000', 'quantity': '1.00000000', 'rounded_notional': None, 'settlement_date': '2019-10-21', 'timestamp': '2019-10-17T19:50:58.207000Z', 'id': 'ed4e5910-2077-412e-b4f1-440025ee8551', 'ipo_access_execution_rank': None, 'trade_execution_date': None}]",False,,False,False,,,,,,,,"{'amount': '2.44', 'currency_code': 'USD', 'currency_id': '1072fc76-1862-41ab-82c2-485837590762'}","{'amount': '2.33', 'currency_code': 'USD', 'currency_id': '1072fc76-1862-41ab-82c2-485837590762'}",,False,,,,,,False,True,False,True,0,,,2.0,user,False,,order_finalized,,
ac3f27eb-6743-4c4f-a422-81db5e141315,bae441ce-4f92-44c5-a6bf-59f4c5f9f114,https://api.robinhood.com/orders/ac3f27eb-6743-4c4f-a422-81db5e141315/,https://api.robinhood.com/accounts/5SE25445/,fa785cc9-e75d-40e1-ad49-9dad4a009457,https://api.robinhood.com/positions/5SE25445/9a5095d4-628d-4edf-a803-389731e35fb8/,,https://api.robinhood.com/instruments/9a5095d4-628d-4edf-a803-389731e35fb8/,9a5095d4-628d-4edf-a803-389731e35fb8,10.00000000,16.57000000,0.00,filled,filled,,market,buy,gfd,immediate,17.39000000,,10.00000000,,2019-10-17T19:36:01.772978Z,2019-10-17T19:36:02.360319Z,2019-10-17T19:36:01.866000Z,"[{'price': '16.56980000', 'quantity': '10.00000000', 'rounded_notional': None, 'settlement_date': '2019-10-21', 'timestamp': '2019-10-17T19:36:01.866000Z', 'id': 'f4414566-6e6c-4e12-bc54-fd6b3175f2be', 'ipo_access_execution_rank': None, 'trade_execution_date': None}]",False,,False,False,,,,,,,,"{'amount': '173.90', 'currency_code': 'USD', 'currency_id': '1072fc76-1862-41ab-82c2-485837590762'}","{'amount': '165.70', 'currency_code': 'USD', 'currency_id': '1072fc76-1862-41ab-82c2-485837590762'}",,False,,,,,,False,True,False,True,0,,,2.0,user,False,,order_finalized,,
77169a3d-25e3-46c4-97ad-ab30ba8a1779,689ec82c-3399-4038-821e-1c0450fa2bd1,https://api.robinhood.com/orders/77169a3d-25e3-46c4-97ad-ab30ba8a1779/,https://api.robinhood.com/accounts/5SE25445/,fa785cc9-e75d-40e1-ad49-9dad4a009457,https://api.robinhood.com/positions/5SE25445/175731c2-c8cf-4136-ada7-4e8e9decafe2/,,https://api.robinhood.com/instruments/175731c2-c8cf-4136-ada7-4e8e9decafe2/,175731c2-c8cf-4136-ada7-4e8e9decafe2,1.00000000,14.07000000,0.00,filled,filled,,market,buy,gfd,immediate,14.73000000,,1.00000000,,2019-10-17T18:56:34.193116Z,2019-10-17T18:56:34.782492Z,2019-10-17T18:56:34.306000Z,"[{'price': '14.07000000', 'quantity': '1.00000000', 'rounded_notional': None, 'settlement_date': '2019-10-21', 'timestamp': '2019-10-17T18:56:34.306000Z', 'id': 'c955af82-b101-47f3-8d85-c248e581e1ef', 'ipo_access_execution_rank': None, 'trade_execution_date': None}]",False,,False,False,,,,,,,,"{'amount': '14.73', 'currency_code': 'USD', 'currency_id': '1072fc76-1862-41ab-82c2-485837590762'}","{'amount': '14.07', 'currency_code': 'USD', 'currency_id': '1072fc76-1862-41ab-82c2-485837590762'}",,False,,,,,,False,True,False,True,0,,,2.0,user,False,,order_finalized,,
afe89ba0-1276-4ab2-b793-0988210c3a2b,9ada44c3-76cf-4e52-9179-5e7990794494,https://api.robinhood.com/orders/afe89ba0-1276-4ab2-b793-0988210c3a2b/,https://api.robinhood.com/accounts/5SE25445/,fa785cc9-e75d-40e1-ad49-9dad4a009457,https://api.robinhood.com/positions/5SE25445/1d7d38e7-cf2d-4efa-93b0-490a627788a6/,,https://api.robinhood.com/instruments/1d7d38e7-cf2d-4efa-93b0-490a627788a6/,1d7d38e7-cf2d-4efa-93b0-490a627788a6,1.00000000,4.95000000,0.00,filled,filled,,market,buy,gfd,immediate,5.19000000,,1.00000000,,2019-10-17T17:07:26.418656Z,2019-10-17T17:50:53.504508Z,2019-10-17T17:07:26.523000Z,"[{'price': '4.94810000', 'quantity': '1.00000000', 'rounded_notional': None, 'settlement_date': '2019-10-21', 'timestamp': '2019-10-17T17:07:26.523000Z', 'id': '99eb7228-b965-4fb2-83cd-0a6327603075', 'ipo_access_execution_rank': None, 'trade_execution_date': None}]",False,,False,False,,,,,,,,"{'amount': '5.19', 'currency_code': 'USD', 'currency_id': '1072fc76-1862-41ab-82c2-485837590762'}","{'amount': '4.95', 'currency_code': 'USD', 'currency_id': '1072fc76-1862-41ab-82c2-485837590762'}",,False,,,,,,False,True,False,True,0,,,2.0,user,False,,order_finalized,,
1a7ebfe6-2dfb-4413-a50c-4026b0d1e7ee,3a5d7cf0-4c8a-4f5d-ad61-279613e7a884,https://api.robinhood.com/orders/1a7ebfe6-2dfb-4413-a50c-4026b0d1e7ee/,https://api.robinhood.com/accounts/5SE25445/,fa785cc9-e75d-40e1-ad49-9dad4a009457,https://api.robinhood.com/positions/5SE25445/71d81e7d-783c-4b8c-b574-ee50fcc4ce3a/,,https://api.robinhood.com/instruments/71d81e7d-783c-4b8c-b574-ee50fcc4ce3a/,71d81e7d-783c-4b8c-b574-ee50fcc4ce3a,1.00000000,3.80000000,0.00,filled,filled,,market,buy,gfd,immediate,3.98000000,,1.00000000,,2019-10-17T17:06:46.510099Z,2019-10-17T17:50:52.725121Z,2019-10-17T17:06:46.700000Z,"[{'price': '3.79500000', 'quantity': '1.00000000', 'rounded_notional': None, 'settlement_date': '2019-10-21', 'timestamp': '2019-10-17T17:06:46.700000Z', 'id': 'ab695cef-b429-4482-9291-e776401e6805', 'ipo_access_execution_rank': None, 'trade_execution_date': None}]",False,,False,False,,,,,,,,"{'amount': '3.98', 'currency_code': 'USD', 'currency_id': '1072fc76-1862-41ab-82c2-485837590762'}","{'amount': '3.80', 'currency_code': 'USD', 'currency_id': '1072fc76-1862-41ab-82c2-485837590762'}",,False,,,,,,False,True,False,True,0,,,2.0,user,False,,order_finalized,,
cb4ef68e-04d4-4784-971c-1f1e817a7ee8,c4a78b44-7a62-48f1-b0b3-e28e32e42ef7,https://api.robinhood.com/orders/cb4ef68e-04d4-4784-971c-1f1e817a7ee8/,https://api.robinhood.com/accounts/5SE25445/,fa785cc9-e75d-40e1-ad49-9dad4a009457,https://api.robinhood.com/positions/5SE25445/f786c13a-e28f-42a2-8e0e-c7e479688136/,,https://api.robinhood.com/instruments/f786c13a-e28f-42a2-8e0e-c7e479688136/,f786c13a-e28f-42a2-8e0e-c7e479688136,1.00000000,2.83000000,0.00,filled,filled,,market,buy,gfd,immediate,2.96000000,,1.00000000,,2019-10-17T17:06:36.069689Z,2019-10-17T17:23:48.324580Z,2019-10-17T17:06:36.214000Z,"[{'price': '2.82990000', 'quantity': '1.00000000', 'rounded_notional': None, 'settlement_date': '2019-10-21', 'timestamp': '2019-10-17T17:06:36.214000Z', 'id': '9525eaab-a9aa-46e0-a06d-d1dc448f46ef', 'ipo_access_execution_rank': None, 'trade_execution_date': None}]",False,,False,False,,,,,,,,"{'amount': '2.96', 'currency_code': 'USD', 'currency_id': '1072fc76-1862-41ab-82c2-485837590762'}","{'amount': '2.83', 'currency_code': 'USD', 'currency_id': '1072fc76-1862-41ab-82c2-485837590762'}",,False,,,,,,False,True,False,True,0,,,2.0,user,False,,order_finalized,,
b681dd9b-db99-4280-8a4d-1f2c24338357,6a097308-2df7-4d2e-a007-05b756d107be,https://api.robinhood.com/orders/b681dd9b-db99-4280-8a4d-1f2c24338357/,https://api.robinhood.com/accounts/5SE25445/,fa785cc9-e75d-40e1-ad49-9dad4a009457,https://api.robinhood.com/positions/5SE25445/ef99a2c4-adb2-4163-a2df-2d5722cc75b7/,,https://api.robinhood.com/instruments/ef99a2c4-adb2-4163-a2df-2d5722cc75b7/,ef99a2c4-adb2-4163-a2df-2d5722cc75b7,42.00000000,2.93000000,0.02,filled,filled,,limit,sell,gfd,immediate,2.93000000,,42.00000000,,2019-10-17T14:38:11.218693Z,2019-10-17T15:23:47.999977Z,2019-10-17T14:38:11.557000Z,"[{'price': '2.93000000', 'quantity': '42.00000000', 'rounded_notional': None, 'settlement_date': '2019-10-21', 'timestamp': '2019-10-17T14:38:11.557000Z', 'id': 'db7a0596-d172-4ccc-8df6-0cc4fbc3d5a1', 'ipo_access_execution_rank': None, 'trade_execution_date': None}]",False,,False,False,,,,,,,,"{'amount': '123.06', 'currency_code': 'USD', 'currency_id': '1072fc76-1862-41ab-82c2-485837590762'}","{'amount': '123.06', 'currency_code': 'USD', 'currency_id': '1072fc76-1862-41ab-82c2-485837590762'}",,False,,,,,,False,True,False,True,0,,,2.0,user,False,,order_finalized,,
e8eabb63-d66c-4aec-9af1-1655111f617c,2b859406-f3b8-4b95-830f-f9f5408a218a,https://api.robinhood.com/orders/e8eabb63-d66c-4aec-9af1-1655111f617c/,https://api.robinhood.com/accounts/5SE25445/,fa785cc9-e75d-40e1-ad49-9dad4a009457,https://api.robinhood.com/positions/5SE25445/f5d6a9ec-f1a6-4b22-a976-d255730992cf/,,https://api.robinhood.com/instruments/f5d6a9ec-f1a6-4b22-a976-d255730992cf/,f5d6a9ec-f1a6-4b22-a976-d255730992cf,1.00000000,4.41000000,0.00,filled,filled,,market,buy,gfd,immediate,4.62000000,,1.00000000,,2019-10-17T14:27:14.879646Z,2019-10-17T15:23:33.398486Z,2019-10-17T14:27:14.976000Z,"[{'price': '4.40500000', 'quantity': '1.00000000', 'rounded_notional': None, 'settlement_date': '2019-10-21', 'timestamp': '2019-10-17T14:27:14.976000Z', 'id': 'e3215d64-c1b0-41bc-b30e-153e3e44271a', 'ipo_access_execution_rank': None, 'trade_execution_date': None}]",False,,False,False,,,,,,,,"{'amount': '4.62', 'currency_code': 'USD', 'currency_id': '1072fc76-1862-41ab-82c2-485837590762'}","{'amount': '4.41', 'currency_code': 'USD', 'currency_id': '1072fc76-1862-41ab-82c2-485837590762'}",,False,,,,,,False,True,False,True,0,,,2.0,user,False,,order_finalized,,
dbf05873-4a2e-44c8-b3ed-83c7a0d28bbb,288b8afb-8672-4ed1-b1f1-78b3056f5729,https://api.robinhood.com/orders/dbf05873-4a2e-44c8-b3ed-83c7a0d28bbb/,https://api.robinhood.com/accounts/5SE25445/,fa785cc9-e75d-40e1-ad49-9dad4a009457,https://api.robinhood.com/positions/5SE25445/5b2693ed-080a-4744-9158-2efcb60558b8/,,https://api.robinhood.com/instruments/5b2693ed-080a-4744-9158-2efcb60558b8/,5b2693ed-080a-4744-9158-2efcb60558b8,9.00000000,0.12560000,0.00,filled,filled,,market,buy,gfd,immediate,0.13150000,,9.00000000,,2019-10-16T16:35:03.967314Z,2019-10-16T16:35:27.962992Z,2019-10-16T16:35:04.085000Z,"[{'price': '0.12540000', 'quantity': '9.00000000', 'rounded_notional': None, 'settlement_date': '2019-10-18', 'timestamp': '2019-10-16T16:35:04.085000Z', 'id': '61e278f6-29ef-4c2c-b60e-ef7422647344', 'ipo_access_execution_rank': None, 'trade_execution_date': None}]",False,,False,False,,,,,,,,"{'amount': '1.19', 'currency_code': 'USD', 'currency_id': '1072fc76-1862-41ab-82c2-485837590762'}","{'amount': '1.13', 'currency_code': 'USD', 'currency_id': '1072fc76-1862-41ab-82c2-485837590762'}",,False,,,,,,False,True,False,True,0,,,2.0,user,False,,order_finalized,,
b28fc848-aef8-455f-a2b3-8af0f678405a,b9488f62-5a71-46d9-897d-52afc3845d20,https://api.robinhood.com/orders/b28fc848-aef8-455f-a2b3-8af0f678405a/,https://api.robinhood.com/accounts/5SE25445/,fa785cc9-e75d-40e1-ad49-9dad4a009457,https://api.robinhood.com/positions/5SE25445/ef99a2c4-adb2-4163-a2df-2d5722cc75b7/,,https://api.robinhood.com/instruments/ef99a2c4-adb2-4163-a2df-2d5722cc75b7/,ef99a2c4-adb2-4163-a2df-2d5722cc75b7,36.00000000,2.78500000,0.00,filled,filled,,limit,buy,gfd,immediate,2.79000000,,36.00000000,,2019-10-16T16:32:16.234010Z,2019-10-16T16:32:17.961071Z,2019-10-16T16:32:16.332000Z,"[{'price': '2.78500000', 'quantity': '36.00000000', 'rounded_notional': None, 'settlement_date': '2019-10-18', 'timestamp': '2019-10-16T16:32:16.332000Z', 'id': '980a7a29-41cb-49a0-b8db-9383953dd2a9', 'ipo_access_execution_rank': None, 'trade_execution_date': None}]",True,,False,False,,,,,,,,"{'amount': '100.44', 'currency_code': 'USD', 'currency_id': '1072fc76-1862-41ab-82c2-485837590762'}","{'amount': '100.26', 'currency_code': 'USD', 'currency_id': '1072fc76-1862-41ab-82c2-485837590762'}",,False,,,,,,False,True,False,True,0,,,2.0,user,False,,order_finalized,,
9c5e81d8-a615-4172-addb-9ad3b40edc8b,698404bf-b3da-45ac-ab29-60fe3d975432,https://api.robinhood.com/orders/9c5e81d8-a615-4172-addb-9ad3b40edc8b/,https://api.robinhood.com/accounts/5SE25445/,fa785cc9-e75d-40e1-ad49-9dad4a009457,https://api.robinhood.com/positions/5SE25445/f6fb4ac4-fd18-4d92-b8e9-475d6b3279ce/,,https://api.robinhood.com/instruments/f6fb4ac4-fd18-4d92-b8e9-475d6b3279ce/,f6fb4ac4-fd18-4d92-b8e9-475d6b3279ce,1.00000000,2.01000000,0.00,filled,filled,,market,buy,gfd,immediate,2.10000000,,1.00000000,,2019-10-16T14:27:03.492897Z,2019-10-16T14:27:04.386136Z,2019-10-16T14:27:03.590000Z,"[{'price': '2.00500000', 'quantity': '1.00000000', 'rounded_notional': None, 'settlement_date': '2019-10-18', 'timestamp': '2019-10-16T14:27:03.590000Z', 'id': '82c7deac-f2ed-4c40-bde6-76569c4ab6fb', 'ipo_access_execution_rank': None, 'trade_execution_date': None}]",False,,False,False,,,,,,,,"{'amount': '2.10', 'currency_code': 'USD', 'currency_id': '1072fc76-1862-41ab-82c2-485837590762'}","{'amount': '2.01', 'currency_code': 'USD', 'currency_id': '1072fc76-1862-41ab-82c2-485837590762'}",,False,,,,,,False,True,False,True,0,,,2.0,user,False,,order_finalized,,
e3e7bc64-0c55-492a-9b5e-1099cfdcc7e3,0b4aa56f-bff1-420a-bcb1-fd371c1456e4,https://api.robinhood.com/orders/e3e7bc64-0c55-492a-9b5e-1099cfdcc7e3/,https://api.robinhood.com/accounts/5SE25445/,fa785cc9-e75d-40e1-ad49-9dad4a009457,https://api.robinhood.com/positions/5SE25445/f6fb4ac4-fd18-4d92-b8e9-475d6b3279ce/,,https://api.robinhood.com/instruments/f6fb4ac4-fd18-4d92-b8e9-475d6b3279ce/,f6fb4ac4-fd18-4d92-b8e9-475d6b3279ce,18.00000000,2.01000000,0.00,filled,filled,,market,buy,gfd,immediate,2.10000000,,18.00000000,,2019-10-16T14:24:01.155729Z,2019-10-16T14:24:04.742701Z,2019-10-16T14:24:01.286000Z,"[{'price': '2.01000000', 'quantity': '18.00000000', 'rounded_notional': None, 'settlement_date': '2019-10-18', 'timestamp': '2019-10-16T14:24:01.286000Z', 'id': '0828d45f-a36d-45c4-8014-42599f332ed4', 'ipo_access_execution_rank': None, 'trade_execution_date': None}]",False,,False,False,,,,,,,,"{'amount': '37.80', 'currency_code': 'USD', 'currency_id': '1072fc76-1862-41ab-82c2-485837590762'}","{'amount': '36.18', 'currency_code': 'USD', 'currency_id': '1072fc76-1862-41ab-82c2-485837590762'}",,False,,,,,,False,True,False,True,0,,,2.0,user,False,,order_finalized,,
2abaa290-d2ed-4a25-9611-602c0883e37a,4e41844e-b18b-4e23-a87f-97922c697d1a,https://api.robinhood.com/orders/2abaa290-d2ed-4a25-9611-602c0883e37a/,https://api.robinhood.com/accounts/5SE25445/,fa785cc9-e75d-40e1-ad49-9dad4a009457,https://api.robinhood.com/positions/5SE25445/9a5095d4-628d-4edf-a803-389731e35fb8/,,https://api.robinhood.com/instruments/9a5095d4-628d-4edf-a803-389731e35fb8/,9a5095d4-628d-4edf-a803-389731e35fb8,0.00000000,,0.00,cancelled,cancelled,,limit,buy,gfd,immediate,16.74000000,,8.00000000,,2019-10-16T14:18:20.373798Z,2019-10-16T14:21:06.166384Z,2019-10-16T14:21:05.702000Z,[],True,,False,False,,,,,,,,"{'amount': '133.92', 'currency_code': 'USD', 'currency_id': '1072fc76-1862-41ab-82c2-485837590762'}",,,False,user,,,,,False,True,False,True,0,,,3.0,user,False,,order_finalized,,
09a3d7b7-80f7-4fab-a470-ff4f3756ac65,a939367e-db9c-46f8-b819-40a92a15d8e2,https://api.robinhood.com/orders/09a3d7b7-80f7-4fab-a470-ff4f3756ac65/,https://api.robinhood.com/accounts/5SE25445/,fa785cc9-e75d-40e1-ad49-9dad4a009457,https://api.robinhood.com/positions/5SE25445/9f1399e5-5023-425a-9eb5-cd3f91560189/,,https://api.robinhood.com/instruments/9f1399e5-5023-425a-9eb5-cd3f91560189/,9f1399e5-5023-425a-9eb5-cd3f91560189,1.00000000,1.42000000,0.00,filled,filled,,market,buy,gfd,immediate,1.48000000,,1.00000000,,2019-10-16T14:17:29.813108Z,2019-10-16T14:17:31.192944Z,2019-10-16T14:17:29.922000Z,"[{'price': '1.41850000', 'quantity': '1.00000000', 'rounded_notional': None, 'settlement_date': '2019-10-18', 'timestamp': '2019-10-16T14:17:29.922000Z', 'id': '543a8614-a555-4e96-9ed8-3e5951a4a321', 'ipo_access_execution_rank': None, 'trade_execution_date': None}]",False,,False,False,,,,,,,,"{'amount': '1.48', 'currency_code': 'USD', 'currency_id': '1072fc76-1862-41ab-82c2-485837590762'}","{'amount': '1.42', 'currency_code': 'USD', 'currency_id': '1072fc76-1862-41ab-82c2-485837590762'}",,False,,,,,,False,True,False,True,0,,,2.0,user,False,,order_finalized,,
6017e36b-2c91-447d-b047-dac348087a44,50be19bb-413b-4dfc-90c6-480b660db0f8,https://api.robinhood.com/orders/6017e36b-2c91-447d-b047-dac348087a44/,https://api.robinhood.com/accounts/5SE25445/,fa785cc9-e75d-40e1-ad49-9dad4a009457,https://api.robinhood.com/positions/5SE25445/c9334c71-c95d-4da0-b6c2-13a01f306c50/,,https://api.robinhood.com/instruments/c9334c71-c95d-4da0-b6c2-13a01f306c50/,c9334c71-c95d-4da0-b6c2-13a01f306c50,9.00000000,11.12000000,0.02,filled,filled,,market,sell,gtc,stop,,11.01000000,9.00000000,,2019-10-16T13:53:37.667704Z,2019-10-16T14:09:24.993557Z,2019-10-16T14:09:24.521000Z,"[{'price': '11.12000000', 'quantity': '9.00000000', 'rounded_notional': None, 'settlement_date': '2019-10-18', 'timestamp': '2019-10-16T14:09:24.521000Z', 'id': '4662d072-e932-4a5d-9f26-ae057bf8aa84', 'ipo_access_execution_rank': None, 'trade_execution_date': None}]",False,,False,False,,2019-10-16T14:09:24.520000Z,"{'amount': '11.12000000', 'currency_code': 'USD', 'currency_id': '1072fc76-1862-41ab-82c2-485837590762'}",2019-10-16T14:09:24.521000Z,,,,,"{'amount': '100.08', 'currency_code': 'USD', 'currency_id': '1072fc76-1862-41ab-82c2-485837590762'}",,False,,,,,,False,True,False,True,0,,,3.0,user,False,,order_finalized,,"{'type': 'price', 'price': {'currency_id': '1072fc76-1862-41ab-82c2-485837590762', 'currency_code': 'USD', 'amount': '0.17000000'}}"
a08eea18-5300-4db1-a554-e152f8425240,ec2699d8-3e41-4238-88e2-383c81172458,https://api.robinhood.com/orders/a08eea18-5300-4db1-a554-e152f8425240/,https://api.robinhood.com/accounts/5SE25445/,fa785cc9-e75d-40e1-ad49-9dad4a009457,https://api.robinhood.com/positions/5SE25445/c9334c71-c95d-4da0-b6c2-13a01f306c50/,,https://api.robinhood.com/instruments/c9334c71-c95d-4da0-b6c2-13a01f306c50/,c9334c71-c95d-4da0-b6c2-13a01f306c50,3.00000000,11.14000000,0.02,filled,filled,,market,sell,gtc,stop,,11.00000000,3.00000000,,2019-10-16T13:52:36.334442Z,2019-10-16T14:09:16.047898Z,2019-10-16T14:09:13.953000Z,"[{'price': '11.14000000', 'quantity': '3.00000000', 'rounded_notional': None, 'settlement_date': '2019-10-18', 'timestamp': '2019-10-16T14:09:13.953000Z', 'id': '7b4ff527-39e0-4fa1-a30d-e6ea5e47402d', 'ipo_access_execution_rank': None, 'trade_execution_date': None}]",False,,False,False,,2019-10-16T14:09:13.945000Z,"{'amount': '11.14000000', 'currency_code': 'USD', 'currency_id': '1072fc76-1862-41ab-82c2-485837590762'}",2019-10-16T14:09:13.953000Z,,,,,"{'amount': '33.42', 'currency_code': 'USD', 'currency_id': '1072fc76-1862-41ab-82c2-485837590762'}",,False,,,,,,False,True,False,True,0,,,3.0,user,False,,order_finalized,,"{'type': 'price', 'price': {'currency_id': '1072fc76-1862-41ab-82c2-485837590762', 'currency_code': 'USD', 'amount': '0.16000000'}}"
103500a4-7593-4852-bc13-447615467a07,1f4b1f05-485f-4d2b-ac0d-3c3f67cb2e96,https://api.robinhood.com/orders/103500a4-7593-4852-bc13-447615467a07/,https://api.robinhood.com/accounts/5SE25445/,fa785cc9-e75d-40e1-ad49-9dad4a009457,https://api.robinhood.com/positions/5SE25445/c9334c71-c95d-4da0-b6c2-13a01f306c50/,,https://api.robinhood.com/instruments/c9334c71-c95d-4da0-b6c2-13a01f306c50/,c9334c71-c95d-4da0-b6c2-13a01f306c50,4.00000000,11.12000000,0.00,filled,filled,,market,buy,gfd,immediate,11.67000000,,4.00000000,,2019-10-15T13:55:03.858444Z,2019-10-15T13:55:05.189598Z,2019-10-15T13:55:04.220000Z,"[{'price': '11.12000000', 'quantity': '4.00000000', 'rounded_notional': None, 'settlement_date': '2019-10-17', 'timestamp': '2019-10-15T13:55:04.220000Z', 'id': '06a8874a-c305-4995-8030-3b4c3ebe8d70', 'ipo_access_execution_rank': None, 'trade_execution_date': None}]",False,,False,False,,,,,,,,"{'amount': '46.68', 'currency_code': 'USD', 'currency_id': '1072fc76-1862-41ab-82c2-485837590762'}","{'amount': '44.48', 'currency_code': 'USD', 'currency_id': '1072fc76-1862-41ab-82c2-485837590762'}",,False,,,,,,False,True,False,True,0,,,2.0,user,False,,order_finalized,,
d5d5028c-5050-40a1-a2ba-3773d465cdb2,8b9f8879-f569-48fc-9c24-48712c726d0e,https://api.robinhood.com/orders/d5d5028c-5050-40a1-a2ba-3773d465cdb2/,https://api.robinhood.com/accounts/5SE25445/,fa785cc9-e75d-40e1-ad49-9dad4a009457,https://api.robinhood.com/positions/5SE25445/5b2693ed-080a-4744-9158-2efcb60558b8/,,https://api.robinhood.com/instruments/5b2693ed-080a-4744-9158-2efcb60558b8/,5b2693ed-080a-4744-9158-2efcb60558b8,1.00000000,0.14000000,0.00,filled,filled,,market,buy,gfd,immediate,0.14700000,,1.00000000,,2019-10-14T17:45:26.779455Z,2019-10-14T17:45:27.292007Z,2019-10-14T17:45:26.865000Z,"[{'price': '0.13989700', 'quantity': '1.00000000', 'rounded_notional': None, 'settlement_date': '2019-10-16', 'timestamp': '2019-10-14T17:45:26.865000Z', 'id': '7ea1ce15-4a88-427d-b868-66b6abe8366e', 'ipo_access_execution_rank': None, 'trade_execution_date': None}]",False,,False,False,,,,,,,,"{'amount': '0.15', 'currency_code': 'USD', 'currency_id': '1072fc76-1862-41ab-82c2-485837590762'}","{'amount': '0.14', 'currency_code': 'USD', 'currency_id': '1072fc76-1862-41ab-82c2-485837590762'}",,False,,,,,,False,True,False,True,0,,,2.0,user,False,,order_finalized,,
e2654b56-be1f-4479-a1c2-df5d4a011661,5536c36c-51ad-4818-8f86-420062961fb3,https://api.robinhood.com/orders/e2654b56-be1f-4479-a1c2-df5d4a011661/,https://api.robinhood.com/accounts/5SE25445/,fa785cc9-e75d-40e1-ad49-9dad4a009457,https://api.robinhood.com/positions/5SE25445/f6fb4ac4-fd18-4d92-b8e9-475d6b3279ce/,,https://api.robinhood.com/instruments/f6fb4ac4-fd18-4d92-b8e9-475d6b3279ce/,f6fb4ac4-fd18-4d92-b8e9-475d6b3279ce,2.00000000,2.14000000,0.00,filled,filled,,market,buy,gfd,immediate,2.23000000,,2.00000000,,2019-10-14T17:41:10.601477Z,2019-10-14T17:41:11.336460Z,2019-10-14T17:41:10.893000Z,"[{'price': '2.13970000', 'quantity': '2.00000000', 'rounded_notional': None, 'settlement_date': '2019-10-16', 'timestamp': '2019-10-14T17:41:10.893000Z', 'id': '759d5a7f-d9f4-444a-906c-4f5ee556512d', 'ipo_access_execution_rank': None, 'trade_execution_date': None}]",False,,False,False,,,,,,,,"{'amount': '4.46', 'currency_code': 'USD', 'currency_id': '1072fc76-1862-41ab-82c2-485837590762'}","{'amount': '4.28', 'currency_code': 'USD', 'currency_id': '1072fc76-1862-41ab-82c2-485837590762'}",,False,,,,,,False,True,False,True,0,,,2.0,user,False,,order_finalized,,
e02b6a6d-cb39-484c-9ccc-dacc946391d6,8df72fda-5ee0-4ffc-89d7-784667260e3b,https://api.robinhood.com/orders/e02b6a6d-cb39-484c-9ccc-dacc946391d6/,https://api.robinhood.com/accounts/5SE25445/,fa785cc9-e75d-40e1-ad49-9dad4a009457,https://api.robinhood.com/positions/5SE25445/5b2693ed-080a-4744-9158-2efcb60558b8/,,https://api.robinhood.com/instruments/5b2693ed-080a-4744-9158-2efcb60558b8/,5b2693ed-080a-4744-9158-2efcb60558b8,15.00000000,0.14200000,0.02,filled,filled,,market,sell,gfd,immediate,,,15.00000000,,2019-10-14T17:40:47.786079Z,2019-10-14T17:40:48.338433Z,2019-10-14T17:40:47.867000Z,"[{'price': '0.14185000', 'quantity': '15.00000000', 'rounded_notional': None, 'settlement_date': '2019-10-16', 'timestamp': '2019-10-14T17:40:47.867000Z', 'id': '5ec4bfb0-ad36-4ebb-a2a9-b17d6a6500d5', 'ipo_access_execution_rank': None, 'trade_execution_date': None}]",False,,False,False,,,,,,,,,"{'amount': '2.13', 'currency_code': 'USD', 'currency_id': '1072fc76-1862-41ab-82c2-485837590762'}",,False,,,,,,False,True,False,True,0,,,2.0,user,False,,order_finalized,,
571e028f-ee08-4363-8363-b097cd8a54df,8014b042-6b32-45d0-9503-d382df5d1b35,https://api.robinhood.com/orders/571e028f-ee08-4363-8363-b097cd8a54df/,https://api.robinhood.com/accounts/5SE25445/,fa785cc9-e75d-40e1-ad49-9dad4a009457,https://api.robinhood.com/positions/5SE25445/c9334c71-c95d-4da0-b6c2-13a01f306c50/,,https://api.robinhood.com/instruments/c9334c71-c95d-4da0-b6c2-13a01f306c50/,c9334c71-c95d-4da0-b6c2-13a01f306c50,8.00000000,12.21000000,0.00,filled,filled,,limit,buy,gfd,immediate,12.21000000,,8.00000000,,2019-10-14T16:30:11.987914Z,2019-10-14T16:30:12.632437Z,2019-10-14T16:30:12.200000Z,"[{'price': '12.20990000', 'quantity': '8.00000000', 'rounded_notional': None, 'settlement_date': '2019-10-16', 'timestamp': '2019-10-14T16:30:12.200000Z', 'id': '4be29d24-bf7d-4154-ae0d-e53cf8dda726', 'ipo_access_execution_rank': None, 'trade_execution_date': None}]",True,,False,False,,,,,,,,"{'amount': '97.68', 'currency_code': 'USD', 'currency_id': '1072fc76-1862-41ab-82c2-485837590762'}","{'amount': '97.68', 'currency_code': 'USD', 'currency_id': '1072fc76-1862-41ab-82c2-485837590762'}",,False,,,,,,False,True,False,True,0,,,2.0,user,False,,order_finalized,,
8c571e50-45a8-431e-b4e8-2db1a3a0978b,e16561fc-00c5-4073-836f-48f620b717ec,https://api.robinhood.com/orders/8c571e50-45a8-431e-b4e8-2db1a3a0978b/,https://api.robinhood.com/accounts/5SE25445/,fa785cc9-e75d-40e1-ad49-9dad4a009457,https://api.robinhood.com/positions/5SE25445/5b2693ed-080a-4744-9158-2efcb60558b8/,,https://api.robinhood.com/instruments/5b2693ed-080a-4744-9158-2efcb60558b8/,5b2693ed-080a-4744-9158-2efcb60558b8,15.00000000,0.13400000,0.00,filled,filled,,market,buy,gfd,immediate,0.13920000,,15.00000000,,2019-10-11T15:29:21.199148Z,2019-10-11T15:29:21.808192Z,2019-10-11T15:29:21.311000Z,"[{'price': '0.13380000', 'quantity': '15.00000000', 'rounded_notional': None, 'settlement_date': '2019-10-16', 'timestamp': '2019-10-11T15:29:21.311000Z', 'id': 'a94af425-cd0e-4a6c-8ae0-ff4b15b439ca', 'ipo_access_execution_rank': None, 'trade_execution_date': None}]",False,,False,False,,,,,,,,"{'amount': '2.09', 'currency_code': 'USD', 'currency_id': '1072fc76-1862-41ab-82c2-485837590762'}","{'amount': '2.01', 'currency_code': 'USD', 'currency_id': '1072fc76-1862-41ab-82c2-485837590762'}",,False,,,,,,False,True,False,True,0,,,2.0,user,False,,order_finalized,,
2dea053a-d2ce-4927-a9bb-449ad4bc70fc,5733148c-ef86-40a2-8414-e387f3876271,https://api.robinhood.com/orders/2dea053a-d2ce-4927-a9bb-449ad4bc70fc/,https://api.robinhood.com/accounts/5SE25445/,fa785cc9-e75d-40e1-ad49-9dad4a009457,https://api.robinhood.com/positions/5SE25445/ef99a2c4-adb2-4163-a2df-2d5722cc75b7/,,https://api.robinhood.com/instruments/ef99a2c4-adb2-4163-a2df-2d5722cc75b7/,ef99a2c4-adb2-4163-a2df-2d5722cc75b7,2.00000000,2.73500000,0.00,filled,filled,,market,buy,gfd,immediate,2.86000000,,2.00000000,,2019-10-11T15:28:19.869178Z,2019-10-11T15:28:20.427002Z,2019-10-11T15:28:20.017000Z,"[{'price': '2.73500000', 'quantity': '2.00000000', 'rounded_notional': None, 'settlement_date': '2019-10-16', 'timestamp': '2019-10-11T15:28:20.017000Z', 'id': '2c53152b-6b57-4897-8e73-c731264decc5', 'ipo_access_execution_rank': None, 'trade_execution_date': None}]",False,,False,False,,,,,,,,"{'amount': '5.72', 'currency_code': 'USD', 'currency_id': '1072fc76-1862-41ab-82c2-485837590762'}","{'amount': '5.47', 'currency_code': 'USD', 'currency_id': '1072fc76-1862-41ab-82c2-485837590762'}",,False,,,,,,False,True,False,True,0,,,2.0,user,False,,order_finalized,,
03281afc-5505-49fa-ab02-fb6654705f40,2ddaf095-63c1-4880-aef0-6ca833f380ce,https://api.robinhood.com/orders/03281afc-5505-49fa-ab02-fb6654705f40/,https://api.robinhood.com/accounts/5SE25445/,fa785cc9-e75d-40e1-ad49-9dad4a009457,https://api.robinhood.com/positions/5SE25445/71d81e7d-783c-4b8c-b574-ee50fcc4ce3a/,,https://api.robinhood.com/instruments/71d81e7d-783c-4b8c-b574-ee50fcc4ce3a/,71d81e7d-783c-4b8c-b574-ee50fcc4ce3a,1.00000000,3.74000000,0.02,filled,filled,,market,sell,gfd,immediate,,,1.00000000,,2019-10-11T15:20:17.408329Z,2019-10-11T15:20:18.141621Z,2019-10-11T15:20:17.663000Z,"[{'price': '3.73500000', 'quantity': '1.00000000', 'rounded_notional': None, 'settlement_date': '2019-10-16', 'timestamp': '2019-10-11T15:20:17.663000Z', 'id': 'd98a34a9-a492-4486-8c78-7f9579659d93', 'ipo_access_execution_rank': None, 'trade_execution_date': None}]",False,,False,False,,,,,,,,,"{'amount': '3.74', 'currency_code': 'USD', 'currency_id': '1072fc76-1862-41ab-82c2-485837590762'}",,False,,,,,,False,True,False,True,0,,,2.0,user,False,,order_finalized,,
527fae8a-8c7f-4394-95cd-8a8d0ee8e193,9a6f2bbd-f71e-4b59-ace0-3dbca4330581,https://api.robinhood.com/orders/527fae8a-8c7f-4394-95cd-8a8d0ee8e193/,https://api.robinhood.com/accounts/5SE25445/,fa785cc9-e75d-40e1-ad49-9dad4a009457,https://api.robinhood.com/positions/5SE25445/f6fb4ac4-fd18-4d92-b8e9-475d6b3279ce/,,https://api.robinhood.com/instruments/f6fb4ac4-fd18-4d92-b8e9-475d6b3279ce/,f6fb4ac4-fd18-4d92-b8e9-475d6b3279ce,2.00000000,2.29500000,0.02,filled,filled,,market,sell,gfd,immediate,,,2.00000000,,2019-10-11T15:19:30.567454Z,2019-10-11T15:19:31.180587Z,2019-10-11T15:19:30.740000Z,"[{'price': '2.29500000', 'quantity': '2.00000000', 'rounded_notional': None, 'settlement_date': '2019-10-16', 'timestamp': '2019-10-11T15:19:30.740000Z', 'id': 'f748fa60-efff-4bdb-8181-2b3b9de15d6c', 'ipo_access_execution_rank': None, 'trade_execution_date': None}]",False,,False,False,,,,,,,,,"{'amount': '4.59', 'currency_code': 'USD', 'currency_id': '1072fc76-1862-41ab-82c2-485837590762'}",,False,,,,,,False,True,False,True,0,,,2.0,user,False,,order_finalized,,
d20f696b-e034-4f67-9ce8-cb03bc13834b,83a627c7-b38b-48f7-9860-1312930e3fb4,https://api.robinhood.com/orders/d20f696b-e034-4f67-9ce8-cb03bc13834b/,https://api.robinhood.com/accounts/5SE25445/,fa785cc9-e75d-40e1-ad49-9dad4a009457,https://api.robinhood.com/positions/5SE25445/ef99a2c4-adb2-4163-a2df-2d5722cc75b7/,,https://api.robinhood.com/instruments/ef99a2c4-adb2-4163-a2df-2d5722cc75b7/,ef99a2c4-adb2-4163-a2df-2d5722cc75b7,1.00000000,2.74000000,0.00,filled,filled,,market,buy,gfd,immediate,2.87000000,,1.00000000,,2019-10-11T15:16:32.851550Z,2019-10-11T15:16:33.430026Z,2019-10-11T15:16:32.940000Z,"[{'price': '2.73500000', 'quantity': '1.00000000', 'rounded_notional': None, 'settlement_date': '2019-10-16', 'timestamp': '2019-10-11T15:16:32.940000Z', 'id': '11402852-6dc5-4d3b-9bc9-7b18817e0e37', 'ipo_access_execution_rank': None, 'trade_execution_date': None}]",False,,False,False,,,,,,,,"{'amount': '2.87', 'currency_code': 'USD', 'currency_id': '1072fc76-1862-41ab-82c2-485837590762'}","{'amount': '2.74', 'currency_code': 'USD', 'currency_id': '1072fc76-1862-41ab-82c2-485837590762'}",,False,,,,,,False,True,False,True,0,,,2.0,user,False,,order_finalized,,
409d9d63-8c0b-437c-ba0a-ff0a2b87caf7,a7da3fcb-22c8-42b8-a74d-591852ac5b4a,https://api.robinhood.com/orders/409d9d63-8c0b-437c-ba0a-ff0a2b87caf7/,https://api.robinhood.com/accounts/5SE25445/,fa785cc9-e75d-40e1-ad49-9dad4a009457,https://api.robinhood.com/positions/5SE25445/71d81e7d-783c-4b8c-b574-ee50fcc4ce3a/,,https://api.robinhood.com/instruments/71d81e7d-783c-4b8c-b574-ee50fcc4ce3a/,71d81e7d-783c-4b8c-b574-ee50fcc4ce3a,11.00000000,3.72550000,0.02,filled,filled,,market,sell,gfd,immediate,,,11.00000000,,2019-10-11T15:12:03.832677Z,2019-10-11T15:12:04.507678Z,2019-10-11T15:12:03.993000Z,"[{'price': '3.72500000', 'quantity': '11.00000000', 'rounded_notional': None, 'settlement_date': '2019-10-16', 'timestamp': '2019-10-11T15:12:03.993000Z', 'id': '9e1ec415-f307-4c28-91d1-0e9d978a74ff', 'ipo_access_execution_rank': None, 'trade_execution_date': None}]",False,,False,False,,,,,,,,,"{'amount': '40.98', 'currency_code': 'USD', 'currency_id': '1072fc76-1862-41ab-82c2-485837590762'}",,False,,,,,,False,True,False,True,0,,,2.0,user,False,,order_finalized,,
5670da70-4e96-47dd-b8f4-20cd8b07f1a4,f73616d6-a251-4550-90bf-cbd3894e8a5d,https://api.robinhood.com/orders/5670da70-4e96-47dd-b8f4-20cd8b07f1a4/,https://api.robinhood.com/accounts/5SE25445/,fa785cc9-e75d-40e1-ad49-9dad4a009457,https://api.robinhood.com/positions/5SE25445/940fc3f5-1db5-4fed-b452-f3a2e4562b5f/,,https://api.robinhood.com/instruments/940fc3f5-1db5-4fed-b452-f3a2e4562b5f/,940fc3f5-1db5-4fed-b452-f3a2e4562b5f,1.00000000,29.55000000,0.02,filled,filled,,market,sell,gfd,immediate,,,1.00000000,,2019-10-11T15:06:40.875328Z,2019-10-11T15:06:41.574450Z,2019-10-11T15:06:41.129000Z,"[{'price': '29.54500000', 'quantity': '1.00000000', 'rounded_notional': None, 'settlement_date': '2019-10-16', 'timestamp': '2019-10-11T15:06:41.129000Z', 'id': '6bf80d35-a20c-4059-b8c8-020c1d778313', 'ipo_access_execution_rank': None, 'trade_execution_date': None}]",False,,False,False,,,,,,,,,"{'amount': '29.55', 'currency_code': 'USD', 'currency_id': '1072fc76-1862-41ab-82c2-485837590762'}",,False,,,,,,False,True,False,True,0,,,2.0,user,False,,order_finalized,,
0e50429f-d57a-419b-bc87-214b861959dc,6517535d-3a73-4a48-8f90-e6865758c50e,https://api.robinhood.com/orders/0e50429f-d57a-419b-bc87-214b861959dc/,https://api.robinhood.com/accounts/5SE25445/,fa785cc9-e75d-40e1-ad49-9dad4a009457,https://api.robinhood.com/positions/5SE25445/71d81e7d-783c-4b8c-b574-ee50fcc4ce3a/,,https://api.robinhood.com/instruments/71d81e7d-783c-4b8c-b574-ee50fcc4ce3a/,71d81e7d-783c-4b8c-b574-ee50fcc4ce3a,1.00000000,3.79000000,0.00,filled,filled,,market,buy,gfd,immediate,3.96000000,,1.00000000,,2019-10-11T14:48:28.721087Z,2019-10-11T14:48:29.415000Z,2019-10-11T14:48:28.927000Z,"[{'price': '3.78500000', 'quantity': '1.00000000', 'rounded_notional': None, 'settlement_date': '2019-10-16', 'timestamp': '2019-10-11T14:48:28.927000Z', 'id': '6c68c23c-2884-43ae-ac21-81716c228434', 'ipo_access_execution_rank': None, 'trade_execution_date': None}]",False,,False,False,,,,,,,,"{'amount': '3.96', 'currency_code': 'USD', 'currency_id': '1072fc76-1862-41ab-82c2-485837590762'}","{'amount': '3.79', 'currency_code': 'USD', 'currency_id': '1072fc76-1862-41ab-82c2-485837590762'}",,False,,,,,,False,True,False,True,0,,,2.0,user,False,,order_finalized,,
f12ba089-b19c-42f3-bf13-ca981bc91ccb,bfa9982f-d600-427f-8364-a49ecffbd6e0,https://api.robinhood.com/orders/f12ba089-b19c-42f3-bf13-ca981bc91ccb/,https://api.robinhood.com/accounts/5SE25445/,fa785cc9-e75d-40e1-ad49-9dad4a009457,https://api.robinhood.com/positions/5SE25445/71d81e7d-783c-4b8c-b574-ee50fcc4ce3a/,,https://api.robinhood.com/instruments/71d81e7d-783c-4b8c-b574-ee50fcc4ce3a/,71d81e7d-783c-4b8c-b574-ee50fcc4ce3a,9.00000000,3.78560000,0.00,filled,filled,,market,buy,gfd,immediate,3.97000000,,9.00000000,,2019-10-11T14:47:46.799828Z,2019-10-11T14:47:47.318941Z,2019-10-11T14:47:46.887000Z,"[{'price': '3.78500000', 'quantity': '9.00000000', 'rounded_notional': None, 'settlement_date': '2019-10-16', 'timestamp': '2019-10-11T14:47:46.887000Z', 'id': '34dc1155-2b9d-4322-9688-b63f4bcc4c94', 'ipo_access_execution_rank': None, 'trade_execution_date': None}]",False,,False,False,,,,,,,,"{'amount': '35.73', 'currency_code': 'USD', 'currency_id': '1072fc76-1862-41ab-82c2-485837590762'}","{'amount': '34.07', 'currency_code': 'USD', 'currency_id': '1072fc76-1862-41ab-82c2-485837590762'}",,False,,,,,,False,True,False,True,0,,,2.0,user,False,,order_finalized,,
07f52d70-17ee-4569-b154-5bb2ffc575eb,df712833-265e-4c09-8616-c24a7359655f,https://api.robinhood.com/orders/07f52d70-17ee-4569-b154-5bb2ffc575eb/,https://api.robinhood.com/accounts/5SE25445/,fa785cc9-e75d-40e1-ad49-9dad4a009457,https://api.robinhood.com/positions/5SE25445/6461e073-d21d-4371-aaf0-d24e4e7657bc/,,https://api.robinhood.com/instruments/6461e073-d21d-4371-aaf0-d24e4e7657bc/,6461e073-d21d-4371-aaf0-d24e4e7657bc,2.00000000,17.95000000,0.02,filled,filled,,market,sell,gfd,immediate,,,2.00000000,,2019-10-11T14:23:02.315104Z,2019-10-11T14:23:02.941025Z,2019-10-11T14:23:02.480000Z,"[{'price': '17.94890000', 'quantity': '2.00000000', 'rounded_notional': None, 'settlement_date': '2019-10-16', 'timestamp': '2019-10-11T14:23:02.480000Z', 'id': 'cc60f514-c904-4936-9863-b5d593b5a760', 'ipo_access_execution_rank': None, 'trade_execution_date': None}]",False,,False,False,,,,,,,,,"{'amount': '35.90', 'currency_code': 'USD', 'currency_id': '1072fc76-1862-41ab-82c2-485837590762'}",,False,,,,,,False,True,False,True,0,,,2.0,user,False,,order_finalized,,
926de69c-4c3a-4567-b114-24ffad4793b1,e670932e-ecdd-44f8-9fbf-8a80a2286321,https://api.robinhood.com/orders/926de69c-4c3a-4567-b114-24ffad4793b1/,https://api.robinhood.com/accounts/5SE25445/,fa785cc9-e75d-40e1-ad49-9dad4a009457,https://api.robinhood.com/positions/5SE25445/155305e2-65cd-474a-a25f-a7f0b44c19fc/,,https://api.robinhood.com/instruments/155305e2-65cd-474a-a25f-a7f0b44c19fc/,155305e2-65cd-474a-a25f-a7f0b44c19fc,2.00000000,42.01000000,0.02,filled,filled,,market,sell,gfd,immediate,,,2.00000000,,2019-10-11T14:13:44.725305Z,2019-10-11T14:13:45.381987Z,2019-10-11T14:13:44.943000Z,"[{'price': '42.01000000', 'quantity': '2.00000000', 'rounded_notional': None, 'settlement_date': '2019-10-16', 'timestamp': '2019-10-11T14:13:44.943000Z', 'id': '4a1722c1-3427-49e6-b6d8-2c3526276dda', 'ipo_access_execution_rank': None, 'trade_execution_date': None}]",False,,False,False,,,,,,,,,"{'amount': '84.02', 'currency_code': 'USD', 'currency_id': '1072fc76-1862-41ab-82c2-485837590762'}",,False,,,,,,False,True,False,True,0,,,2.0,user,False,,order_finalized,,
ce4dcd46-cf79-40c4-b974-f02b82d052e7,9749412c-be45-4ebe-8c12-10be5dd53ee9,https://api.robinhood.com/orders/ce4dcd46-cf79-40c4-b974-f02b82d052e7/,https://api.robinhood.com/accounts/5SE25445/,fa785cc9-e75d-40e1-ad49-9dad4a009457,https://api.robinhood.com/positions/5SE25445/6df56bd0-0bf2-44ab-8875-f94fd8526942/,,https://api.robinhood.com/instruments/6df56bd0-0bf2-44ab-8875-f94fd8526942/,6df56bd0-0bf2-44ab-8875-f94fd8526942,7.00000000,8.77140000,0.02,filled,filled,,market,sell,gfd,stop,,8.77000000,7.00000000,,2019-10-11T13:57:54.692997Z,2019-10-11T13:58:15.629467Z,2019-10-11T13:58:15.191000Z,"[{'price': '8.77100000', 'quantity': '7.00000000', 'rounded_notional': None, 'settlement_date': '2019-10-16', 'timestamp': '2019-10-11T13:58:15.191000Z', 'id': 'd2119148-2d14-4986-ae5a-6484865301d4', 'ipo_access_execution_rank': None, 'trade_execution_date': None}]",False,,False,False,,2019-10-11T13:58:15.189000Z,"{'amount': '8.77000000', 'currency_code': 'USD', 'currency_id': '1072fc76-1862-41ab-82c2-485837590762'}",2019-10-11T13:58:15.191000Z,,,,,"{'amount': '61.40', 'currency_code': 'USD', 'currency_id': '1072fc76-1862-41ab-82c2-485837590762'}",,False,,,,,,False,True,False,True,0,,,3.0,user,False,,order_finalized,,"{'type': 'price', 'price': {'currency_id': '1072fc76-1862-41ab-82c2-485837590762', 'currency_code': 'USD', 'amount': '0.02000000'}}"
83b7a861-3ae2-4fe2-8d55-75a80faaa55a,c095439f-73b5-4a50-bd17-1667b3e6ea26,https://api.robinhood.com/orders/83b7a861-3ae2-4fe2-8d55-75a80faaa55a/,https://api.robinhood.com/accounts/5SE25445/,fa785cc9-e75d-40e1-ad49-9dad4a009457,https://api.robinhood.com/positions/5SE25445/6461e073-d21d-4371-aaf0-d24e4e7657bc/,,https://api.robinhood.com/instruments/6461e073-d21d-4371-aaf0-d24e4e7657bc/,6461e073-d21d-4371-aaf0-d24e4e7657bc,1.00000000,18.01000000,0.00,filled,filled,,market,buy,gfd,immediate,18.61000000,,1.00000000,,2019-10-11T13:49:07.712665Z,2019-10-11T13:49:08.301563Z,2019-10-11T13:49:07.822000Z,"[{'price': '18.01200000', 'quantity': '1.00000000', 'rounded_notional': None, 'settlement_date': '2019-10-16', 'timestamp': '2019-10-11T13:49:07.822000Z', 'id': 'd6f5c2e2-7e78-4dea-be47-df82eec1740f', 'ipo_access_execution_rank': None, 'trade_execution_date': None}]",False,,False,False,,,,,,,,"{'amount': '18.61', 'currency_code': 'USD', 'currency_id': '1072fc76-1862-41ab-82c2-485837590762'}","{'amount': '18.01', 'currency_code': 'USD', 'currency_id': '1072fc76-1862-41ab-82c2-485837590762'}",,False,,,,,,False,True,False,True,0,,,2.0,user,False,,order_finalized,,
bff3a88e-3190-4691-a1e0-245b8f40e4bd,9067b2f3-e91d-4260-8dd0-5ec3a921e892,https://api.robinhood.com/orders/bff3a88e-3190-4691-a1e0-245b8f40e4bd/,https://api.robinhood.com/accounts/5SE25445/,fa785cc9-e75d-40e1-ad49-9dad4a009457,https://api.robinhood.com/positions/5SE25445/39ff611b-84e7-425b-bfb8-6fe2a983fcf3/,,https://api.robinhood.com/instruments/39ff611b-84e7-425b-bfb8-6fe2a983fcf3/,39ff611b-84e7-425b-bfb8-6fe2a983fcf3,4.00000000,8.70500000,0.02,filled,filled,,market,sell,gfd,immediate,,,4.00000000,,2019-10-11T13:47:39.246969Z,2019-10-11T13:47:40.163722Z,2019-10-11T13:47:39.672000Z,"[{'price': '8.70500000', 'quantity': '4.00000000', 'rounded_notional': None, 'settlement_date': '2019-10-16', 'timestamp': '2019-10-11T13:47:39.672000Z', 'id': '319609d8-bd86-4f59-ac47-313cff9164a8', 'ipo_access_execution_rank': None, 'trade_execution_date': None}]",False,,False,False,,,,,,,,,"{'amount': '34.82', 'currency_code': 'USD', 'currency_id': '1072fc76-1862-41ab-82c2-485837590762'}",,False,,,,,,False,True,False,True,0,,,2.0,user,False,,order_finalized,,
ce8157d0-bfb6-43a6-9f87-ac8a3136061d,f357a1c1-78e0-4e36-95ac-63a246103a9e,https://api.robinhood.com/orders/ce8157d0-bfb6-43a6-9f87-ac8a3136061d/,https://api.robinhood.com/accounts/5SE25445/,fa785cc9-e75d-40e1-ad49-9dad4a009457,https://api.robinhood.com/positions/5SE25445/71d81e7d-783c-4b8c-b574-ee50fcc4ce3a/,,https://api.robinhood.com/instruments/71d81e7d-783c-4b8c-b574-ee50fcc4ce3a/,71d81e7d-783c-4b8c-b574-ee50fcc4ce3a,1.00000000,3.83000000,0.00,filled,filled,,market,buy,gfd,immediate,4.01000000,,1.00000000,,2019-10-11T13:44:24.662587Z,2019-10-11T13:44:25.255233Z,2019-10-11T13:44:24.779000Z,"[{'price': '3.82500000', 'quantity': '1.00000000', 'rounded_notional': None, 'settlement_date': '2019-10-16', 'timestamp': '2019-10-11T13:44:24.779000Z', 'id': 'a6ba5f83-bbb8-404f-945e-abc05f48f718', 'ipo_access_execution_rank': None, 'trade_execution_date': None}]",False,,False,False,,,,,,,,"{'amount': '4.01', 'currency_code': 'USD', 'currency_id': '1072fc76-1862-41ab-82c2-485837590762'}","{'amount': '3.83', 'currency_code': 'USD', 'currency_id': '1072fc76-1862-41ab-82c2-485837590762'}",,False,,,,,,False,True,False,True,0,,,2.0,user,False,,order_finalized,,
d7952f3d-606f-46e7-a30a-f8b73e3768fa,5c459ba9-e532-4265-b9d0-e6622c6123ed,https://api.robinhood.com/orders/d7952f3d-606f-46e7-a30a-f8b73e3768fa/,https://api.robinhood.com/accounts/5SE25445/,fa785cc9-e75d-40e1-ad49-9dad4a009457,https://api.robinhood.com/positions/5SE25445/71d81e7d-783c-4b8c-b574-ee50fcc4ce3a/,,https://api.robinhood.com/instruments/71d81e7d-783c-4b8c-b574-ee50fcc4ce3a/,71d81e7d-783c-4b8c-b574-ee50fcc4ce3a,6.00000000,3.89000000,0.02,filled,filled,,market,sell,gfd,immediate,,,6.00000000,,2019-10-10T16:51:07.952947Z,2019-10-10T16:51:08.630753Z,2019-10-10T16:51:08.180000Z,"[{'price': '3.89000000', 'quantity': '6.00000000', 'rounded_notional': None, 'settlement_date': '2019-10-15', 'timestamp': '2019-10-10T16:51:08.180000Z', 'id': 'e43b55d7-5f3a-4bf7-a0b2-ceb4adeab489', 'ipo_access_execution_rank': None, 'trade_execution_date': None}]",False,,False,False,,,,,,,,,"{'amount': '23.34', 'currency_code': 'USD', 'currency_id': '1072fc76-1862-41ab-82c2-485837590762'}",,False,,,,,,False,True,False,True,0,,,2.0,user,False,,order_finalized,,
2813a1fe-bcb0-4bd8-8669-d82527650f85,403516d0-52e4-4e9a-88d2-e1d62b9f3592,https://api.robinhood.com/orders/2813a1fe-bcb0-4bd8-8669-d82527650f85/,https://api.robinhood.com/accounts/5SE25445/,fa785cc9-e75d-40e1-ad49-9dad4a009457,https://api.robinhood.com/positions/5SE25445/68487b7f-91bb-41be-b1df-3af37e6ae38f/,,https://api.robinhood.com/instruments/68487b7f-91bb-41be-b1df-3af37e6ae38f/,68487b7f-91bb-41be-b1df-3af37e6ae38f,1.00000000,8.02000000,0.02,filled,filled,,market,sell,gfd,immediate,,,1.00000000,,2019-10-10T16:05:24.093601Z,2019-10-10T16:05:24.679364Z,2019-10-10T16:05:24.251000Z,"[{'price': '8.02390000', 'quantity': '1.00000000', 'rounded_notional': None, 'settlement_date': '2019-10-15', 'timestamp': '2019-10-10T16:05:24.251000Z', 'id': 'b02ab45d-986b-4936-a49b-9bc82ad571e9', 'ipo_access_execution_rank': None, 'trade_execution_date': None}]",False,,False,False,,,,,,,,,"{'amount': '8.02', 'currency_code': 'USD', 'currency_id': '1072fc76-1862-41ab-82c2-485837590762'}",,False,,,,,,False,True,False,True,0,,,2.0,user,False,,order_finalized,,
0690bfb9-12d3-47af-8275-97565012c7f7,9ad8f48a-d550-49f7-bcad-e556e3770bef,https://api.robinhood.com/orders/0690bfb9-12d3-47af-8275-97565012c7f7/,https://api.robinhood.com/accounts/5SE25445/,fa785cc9-e75d-40e1-ad49-9dad4a009457,https://api.robinhood.com/positions/5SE25445/f786c13a-e28f-42a2-8e0e-c7e479688136/,,https://api.robinhood.com/instruments/f786c13a-e28f-42a2-8e0e-c7e479688136/,f786c13a-e28f-42a2-8e0e-c7e479688136,6.00000000,2.86500000,0.02,filled,filled,,market,sell,gfd,immediate,,,6.00000000,,2019-10-10T16:05:06.487167Z,2019-10-10T16:05:07.149195Z,2019-10-10T16:05:06.672000Z,"[{'price': '2.86500000', 'quantity': '6.00000000', 'rounded_notional': None, 'settlement_date': '2019-10-15', 'timestamp': '2019-10-10T16:05:06.672000Z', 'id': '56da7237-c51b-4a71-bcb5-12d77dbac6bc', 'ipo_access_execution_rank': None, 'trade_execution_date': None}]",False,,False,False,,,,,,,,,"{'amount': '17.19', 'currency_code': 'USD', 'currency_id': '1072fc76-1862-41ab-82c2-485837590762'}",,False,,,,,,False,True,False,True,0,,,2.0,user,False,,order_finalized,,
62ec29b9-9e72-40b3-9a1b-f9628349a77e,c7d8564d-7159-432d-acf4-2f4ea32617a5,https://api.robinhood.com/orders/62ec29b9-9e72-40b3-9a1b-f9628349a77e/,https://api.robinhood.com/accounts/5SE25445/,fa785cc9-e75d-40e1-ad49-9dad4a009457,https://api.robinhood.com/positions/5SE25445/71d81e7d-783c-4b8c-b574-ee50fcc4ce3a/,,https://api.robinhood.com/instruments/71d81e7d-783c-4b8c-b574-ee50fcc4ce3a/,71d81e7d-783c-4b8c-b574-ee50fcc4ce3a,2.00000000,4.19500000,0.00,filled,filled,,market,buy,gfd,immediate,4.40000000,,2.00000000,,2019-10-09T13:55:43.293274Z,2019-10-09T13:55:43.842045Z,2019-10-09T13:55:43.417000Z,"[{'price': '4.19500000', 'quantity': '2.00000000', 'rounded_notional': None, 'settlement_date': '2019-10-11', 'timestamp': '2019-10-09T13:55:43.417000Z', 'id': '677006a1-c6df-4899-b617-2d5c7d6cf7a2', 'ipo_access_execution_rank': None, 'trade_execution_date': None}]",False,,False,False,,,,,,,,"{'amount': '8.80', 'currency_code': 'USD', 'currency_id': '1072fc76-1862-41ab-82c2-485837590762'}","{'amount': '8.39', 'currency_code': 'USD', 'currency_id': '1072fc76-1862-41ab-82c2-485837590762'}",,False,,,,,,False,True,False,True,0,,,2.0,user,False,,order_finalized,,
f236070b-f9a9-4676-9e1f-382c5b0e5b66,5144a076-a244-4749-9d3a-e4070dc9898c,https://api.robinhood.com/orders/f236070b-f9a9-4676-9e1f-382c5b0e5b66/,https://api.robinhood.com/accounts/5SE25445/,fa785cc9-e75d-40e1-ad49-9dad4a009457,https://api.robinhood.com/positions/5SE25445/f786c13a-e28f-42a2-8e0e-c7e479688136/,,https://api.robinhood.com/instruments/f786c13a-e28f-42a2-8e0e-c7e479688136/,f786c13a-e28f-42a2-8e0e-c7e479688136,2.00000000,3.72000000,0.00,filled,filled,,market,buy,gfd,immediate,3.90000000,,2.00000000,,2019-10-09T13:55:19.378965Z,2019-10-09T13:55:20.027400Z,2019-10-09T13:55:19.552000Z,"[{'price': '3.71890000', 'quantity': '2.00000000', 'rounded_notional': None, 'settlement_date': '2019-10-11', 'timestamp': '2019-10-09T13:55:19.552000Z', 'id': '4bc384f4-b029-4a08-be7b-9b1a6fe23047', 'ipo_access_execution_rank': None, 'trade_execution_date': None}]",False,,False,False,,,,,,,,"{'amount': '7.80', 'currency_code': 'USD', 'currency_id': '1072fc76-1862-41ab-82c2-485837590762'}","{'amount': '7.44', 'currency_code': 'USD', 'currency_id': '1072fc76-1862-41ab-82c2-485837590762'}",,False,,,,,,False,True,False,True,0,,,2.0,user,False,,order_finalized,,
a614591f-4c63-48fa-9b66-7aba16155f82,462f0cd0-d58a-4841-be2c-bf2e21b39c1e,https://api.robinhood.com/orders/a614591f-4c63-48fa-9b66-7aba16155f82/,https://api.robinhood.com/accounts/5SE25445/,fa785cc9-e75d-40e1-ad49-9dad4a009457,https://api.robinhood.com/positions/5SE25445/68487b7f-91bb-41be-b1df-3af37e6ae38f/,,https://api.robinhood.com/instruments/68487b7f-91bb-41be-b1df-3af37e6ae38f/,68487b7f-91bb-41be-b1df-3af37e6ae38f,2.00000000,8.59000000,0.02,filled,filled,,market,sell,gfd,immediate,,,2.00000000,,2019-10-09T13:55:01.967301Z,2019-10-09T13:55:02.569328Z,2019-10-09T13:55:02.167000Z,"[{'price': '8.59010000', 'quantity': '2.00000000', 'rounded_notional': None, 'settlement_date': '2019-10-11', 'timestamp': '2019-10-09T13:55:02.167000Z', 'id': '6552ef02-6a56-42b9-b513-6f040a452a02', 'ipo_access_execution_rank': None, 'trade_execution_date': None}]",False,,False,False,,,,,,,,,"{'amount': '17.18', 'currency_code': 'USD', 'currency_id': '1072fc76-1862-41ab-82c2-485837590762'}",,False,,,,,,False,True,False,True,0,,,2.0,user,False,,order_finalized,,
f89b47bf-f399-44dc-9478-5d0a39891389,6940d8d7-2dfa-4672-880f-2d9182b03ed6,https://api.robinhood.com/orders/f89b47bf-f399-44dc-9478-5d0a39891389/,https://api.robinhood.com/accounts/5SE25445/,fa785cc9-e75d-40e1-ad49-9dad4a009457,https://api.robinhood.com/positions/5SE25445/5b2693ed-080a-4744-9158-2efcb60558b8/,,https://api.robinhood.com/instruments/5b2693ed-080a-4744-9158-2efcb60558b8/,5b2693ed-080a-4744-9158-2efcb60558b8,32.00000000,0.13590000,0.02,filled,filled,,market,sell,gfd,immediate,,,32.00000000,,2019-10-09T13:52:52.366855Z,2019-10-09T13:52:52.934453Z,2019-10-09T13:52:52.467000Z,"[{'price': '0.13601100', 'quantity': '32.00000000', 'rounded_notional': None, 'settlement_date': '2019-10-11', 'timestamp': '2019-10-09T13:52:52.467000Z', 'id': 'b2d5a34f-7d43-42cf-a408-85ea73754a4e', 'ipo_access_execution_rank': None, 'trade_execution_date': None}]",False,,False,False,,,,,,,,,"{'amount': '4.35', 'currency_code': 'USD', 'currency_id': '1072fc76-1862-41ab-82c2-485837590762'}",,False,,,,,,False,True,False,True,0,,,2.0,user,False,,order_finalized,,
8b2bc9a0-c433-4835-9d8c-4a19dd4d3e01,c89136c7-0a9d-47c0-b020-61682fcfc3b6,https://api.robinhood.com/orders/8b2bc9a0-c433-4835-9d8c-4a19dd4d3e01/,https://api.robinhood.com/accounts/5SE25445/,fa785cc9-e75d-40e1-ad49-9dad4a009457,https://api.robinhood.com/positions/5SE25445/5b2693ed-080a-4744-9158-2efcb60558b8/,,https://api.robinhood.com/instruments/5b2693ed-080a-4744-9158-2efcb60558b8/,5b2693ed-080a-4744-9158-2efcb60558b8,12.00000000,0.15330000,0.00,filled,filled,,market,buy,gfd,immediate,0.15900000,,12.00000000,,2019-10-07T17:47:04.663942Z,2019-10-07T17:47:05.278216Z,2019-10-07T17:47:04.832000Z,"[{'price': '0.15310000', 'quantity': '12.00000000', 'rounded_notional': None, 'settlement_date': '2019-10-09', 'timestamp': '2019-10-07T17:47:04.832000Z', 'id': '858d2b8f-34a6-421f-a482-9fd95c4ea67a', 'ipo_access_execution_rank': None, 'trade_execution_date': None}]",False,,False,False,,,,,,,,"{'amount': '1.91', 'currency_code': 'USD', 'currency_id': '1072fc76-1862-41ab-82c2-485837590762'}","{'amount': '1.84', 'currency_code': 'USD', 'currency_id': '1072fc76-1862-41ab-82c2-485837590762'}",,False,,,,,,False,True,False,True,0,,,2.0,user,False,,order_finalized,,
e7c70fa2-fdd5-460a-9970-52429d3b4fef,bec643ef-825b-499d-be76-1d631f8cebc0,https://api.robinhood.com/orders/e7c70fa2-fdd5-460a-9970-52429d3b4fef/,https://api.robinhood.com/accounts/5SE25445/,fa785cc9-e75d-40e1-ad49-9dad4a009457,https://api.robinhood.com/positions/5SE25445/ef99a2c4-adb2-4163-a2df-2d5722cc75b7/,,https://api.robinhood.com/instruments/ef99a2c4-adb2-4163-a2df-2d5722cc75b7/,ef99a2c4-adb2-4163-a2df-2d5722cc75b7,2.00000000,2.52000000,0.00,filled,filled,,market,buy,gfd,immediate,2.64000000,,2.00000000,,2019-10-07T17:32:18.769405Z,2019-10-07T17:32:19.388323Z,2019-10-07T17:32:18.935000Z,"[{'price': '2.52000000', 'quantity': '2.00000000', 'rounded_notional': None, 'settlement_date': '2019-10-09', 'timestamp': '2019-10-07T17:32:18.935000Z', 'id': '49549932-d396-4be9-83f1-0021a49b80ba', 'ipo_access_execution_rank': None, 'trade_execution_date': None}]",False,,False,False,,,,,,,,"{'amount': '5.28', 'currency_code': 'USD', 'currency_id': '1072fc76-1862-41ab-82c2-485837590762'}","{'amount': '5.04', 'currency_code': 'USD', 'currency_id': '1072fc76-1862-41ab-82c2-485837590762'}",,False,,,,,,False,True,False,True,0,,,2.0,user,False,,order_finalized,,
a8adacf7-7164-4b0e-870b-79f7f51d3ae9,db9a1ffc-e827-4bdf-bbe3-885294072ae3,https://api.robinhood.com/orders/a8adacf7-7164-4b0e-870b-79f7f51d3ae9/,https://api.robinhood.com/accounts/5SE25445/,fa785cc9-e75d-40e1-ad49-9dad4a009457,https://api.robinhood.com/positions/5SE25445/5b2693ed-080a-4744-9158-2efcb60558b8/,,https://api.robinhood.com/instruments/5b2693ed-080a-4744-9158-2efcb60558b8/,5b2693ed-080a-4744-9158-2efcb60558b8,3.00000000,0.15000000,0.00,filled,filled,,limit,buy,gfd,immediate,0.15160000,,3.00000000,,2019-10-07T15:41:52.114510Z,2019-10-07T15:41:52.662287Z,2019-10-07T15:41:52.207000Z,"[{'price': '0.15120000', 'quantity': '3.00000000', 'rounded_notional': None, 'settlement_date': '2019-10-09', 'timestamp': '2019-10-07T15:41:52.207000Z', 'id': 'ffed6c3d-73d9-4415-95cb-7edd22d64f10', 'ipo_access_execution_rank': None, 'trade_execution_date': None}]",True,,False,False,,,,,,,,"{'amount': '0.46', 'currency_code': 'USD', 'currency_id': '1072fc76-1862-41ab-82c2-485837590762'}","{'amount': '0.45', 'currency_code': 'USD', 'currency_id': '1072fc76-1862-41ab-82c2-485837590762'}",,False,,,,,,False,True,False,True,0,,,2.0,user,False,,order_finalized,,
9855aff1-bcde-40d5-b41d-0f358fef36a8,19b69fc7-1ffa-4fd1-9ce2-a47df9663b91,https://api.robinhood.com/orders/9855aff1-bcde-40d5-b41d-0f358fef36a8/,https://api.robinhood.com/accounts/5SE25445/,fa785cc9-e75d-40e1-ad49-9dad4a009457,https://api.robinhood.com/positions/5SE25445/71d81e7d-783c-4b8c-b574-ee50fcc4ce3a/,,https://api.robinhood.com/instruments/71d81e7d-783c-4b8c-b574-ee50fcc4ce3a/,71d81e7d-783c-4b8c-b574-ee50fcc4ce3a,1.00000000,4.24000000,0.00,filled,filled,,market,buy,gfd,immediate,4.44000000,,1.00000000,,2019-10-07T15:41:15.730408Z,2019-10-07T15:41:16.403055Z,2019-10-07T15:41:15.928000Z,"[{'price': '4.23500000', 'quantity': '1.00000000', 'rounded_notional': None, 'settlement_date': '2019-10-09', 'timestamp': '2019-10-07T15:41:15.928000Z', 'id': '145f4086-7c17-4f1e-bbb9-f6d45ed394df', 'ipo_access_execution_rank': None, 'trade_execution_date': None}]",False,,False,False,,,,,,,,"{'amount': '4.44', 'currency_code': 'USD', 'currency_id': '1072fc76-1862-41ab-82c2-485837590762'}","{'amount': '4.24', 'currency_code': 'USD', 'currency_id': '1072fc76-1862-41ab-82c2-485837590762'}",,False,,,,,,False,True,False,True,0,,,2.0,user,False,,order_finalized,,
66c8e549-8d86-4cbf-a8ae-92f1357da1d8,f4171023-31d1-423c-b8d5-1d477dc5daec,https://api.robinhood.com/orders/66c8e549-8d86-4cbf-a8ae-92f1357da1d8/,https://api.robinhood.com/accounts/5SE25445/,fa785cc9-e75d-40e1-ad49-9dad4a009457,https://api.robinhood.com/positions/5SE25445/68487b7f-91bb-41be-b1df-3af37e6ae38f/,,https://api.robinhood.com/instruments/68487b7f-91bb-41be-b1df-3af37e6ae38f/,68487b7f-91bb-41be-b1df-3af37e6ae38f,1.00000000,8.94000000,0.00,filled,filled,,market,buy,gfd,immediate,9.38000000,,1.00000000,,2019-10-07T15:40:58.397263Z,2019-10-07T15:40:58.949558Z,2019-10-07T15:40:58.535000Z,"[{'price': '8.93610000', 'quantity': '1.00000000', 'rounded_notional': None, 'settlement_date': '2019-10-09', 'timestamp': '2019-10-07T15:40:58.535000Z', 'id': '5e833dc1-51f8-441d-a57a-aab29bb08c4d', 'ipo_access_execution_rank': None, 'trade_execution_date': None}]",False,,False,False,,,,,,,,"{'amount': '9.38', 'currency_code': 'USD', 'currency_id': '1072fc76-1862-41ab-82c2-485837590762'}","{'amount': '8.94', 'currency_code': 'USD', 'currency_id': '1072fc76-1862-41ab-82c2-485837590762'}",,False,,,,,,False,True,False,True,0,,,2.0,user,False,,order_finalized,,
19d3d2de-0c5b-4435-a4da-0be4e64c807d,cb4844f4-fc36-4944-9545-326ddcd8cedd,https://api.robinhood.com/orders/19d3d2de-0c5b-4435-a4da-0be4e64c807d/,https://api.robinhood.com/accounts/5SE25445/,fa785cc9-e75d-40e1-ad49-9dad4a009457,https://api.robinhood.com/positions/5SE25445/155305e2-65cd-474a-a25f-a7f0b44c19fc/,,https://api.robinhood.com/instruments/155305e2-65cd-474a-a25f-a7f0b44c19fc/,155305e2-65cd-474a-a25f-a7f0b44c19fc,1.00000000,41.87000000,0.00,filled,filled,,market,buy,gfd,immediate,43.96000000,,1.00000000,,2019-10-07T15:40:36.777226Z,2019-10-07T15:40:37.487144Z,2019-10-07T15:40:37.035000Z,"[{'price': '41.86500000', 'quantity': '1.00000000', 'rounded_notional': None, 'settlement_date': '2019-10-09', 'timestamp': '2019-10-07T15:40:37.035000Z', 'id': 'aaa0ddda-542a-4727-b317-32c5521a8747', 'ipo_access_execution_rank': None, 'trade_execution_date': None}]",False,,False,False,,,,,,,,"{'amount': '43.96', 'currency_code': 'USD', 'currency_id': '1072fc76-1862-41ab-82c2-485837590762'}","{'amount': '41.87', 'currency_code': 'USD', 'currency_id': '1072fc76-1862-41ab-82c2-485837590762'}",,False,,,,,,False,True,False,True,0,,,2.0,user,False,,order_finalized,,
93f479e6-17d3-47ee-acc2-2d6f51715d3c,939f0309-a025-4f2c-a778-0d1e6291460b,https://api.robinhood.com/orders/93f479e6-17d3-47ee-acc2-2d6f51715d3c/,https://api.robinhood.com/accounts/5SE25445/,fa785cc9-e75d-40e1-ad49-9dad4a009457,https://api.robinhood.com/positions/5SE25445/6461e073-d21d-4371-aaf0-d24e4e7657bc/,,https://api.robinhood.com/instruments/6461e073-d21d-4371-aaf0-d24e4e7657bc/,6461e073-d21d-4371-aaf0-d24e4e7657bc,3.00000000,18.48670000,0.02,filled,filled,,market,sell,gfd,immediate,,,3.00000000,,2019-10-07T15:39:27.964308Z,2019-10-07T15:39:28.627385Z,2019-10-07T15:39:28.137000Z,"[{'price': '18.48500000', 'quantity': '3.00000000', 'rounded_notional': None, 'settlement_date': '2019-10-09', 'timestamp': '2019-10-07T15:39:28.137000Z', 'id': 'e811033c-8570-4f47-aff2-159968cb2af2', 'ipo_access_execution_rank': None, 'trade_execution_date': None}]",False,,False,False,,,,,,,,,"{'amount': '55.46', 'currency_code': 'USD', 'currency_id': '1072fc76-1862-41ab-82c2-485837590762'}",,False,,,,,,False,True,False,True,0,,,2.0,user,False,,order_finalized,,
8e7947c2-8fff-4942-90ce-dc7865ea0373,8f8ad20f-521e-49dd-bdad-e8d30436b1bc,https://api.robinhood.com/orders/8e7947c2-8fff-4942-90ce-dc7865ea0373/,https://api.robinhood.com/accounts/5SE25445/,fa785cc9-e75d-40e1-ad49-9dad4a009457,https://api.robinhood.com/positions/5SE25445/5b2693ed-080a-4744-9158-2efcb60558b8/,,https://api.robinhood.com/instruments/5b2693ed-080a-4744-9158-2efcb60558b8/,5b2693ed-080a-4744-9158-2efcb60558b8,16.00000000,0.15190000,0.00,filled,filled,,limit,buy,gtc,immediate,0.15300000,,16.00000000,,2019-10-07T15:31:32.261097Z,2019-10-07T15:31:32.907230Z,2019-10-07T15:31:32.385000Z,"[{'price': '0.15184500', 'quantity': '16.00000000', 'rounded_notional': None, 'settlement_date': '2019-10-09', 'timestamp': '2019-10-07T15:31:32.385000Z', 'id': '1424445f-0abb-40b9-bc0a-5e784950dd01', 'ipo_access_execution_rank': None, 'trade_execution_date': None}]",False,,False,False,,,,,,,,"{'amount': '2.45', 'currency_code': 'USD', 'currency_id': '1072fc76-1862-41ab-82c2-485837590762'}","{'amount': '2.43', 'currency_code': 'USD', 'currency_id': '1072fc76-1862-41ab-82c2-485837590762'}",,False,,,,,,False,True,False,True,0,,,2.0,user,False,,order_finalized,,
eb037cd2-c592-4da6-bfc5-3a6b2824c0e9,f0f2be0c-ab76-4c3a-9b2d-12ee6c6212fc,https://api.robinhood.com/orders/eb037cd2-c592-4da6-bfc5-3a6b2824c0e9/,https://api.robinhood.com/accounts/5SE25445/,fa785cc9-e75d-40e1-ad49-9dad4a009457,https://api.robinhood.com/positions/5SE25445/5b2693ed-080a-4744-9158-2efcb60558b8/,,https://api.robinhood.com/instruments/5b2693ed-080a-4744-9158-2efcb60558b8/,5b2693ed-080a-4744-9158-2efcb60558b8,0.00000000,,0.00,cancelled,cancelled,,limit,buy,gfd,immediate,0.15200000,,16.00000000,,2019-10-07T15:30:10.523341Z,2019-10-07T15:30:35.675106Z,2019-10-07T15:30:35.222000Z,[],True,,False,False,,,,,,,,"{'amount': '2.44', 'currency_code': 'USD', 'currency_id': '1072fc76-1862-41ab-82c2-485837590762'}",,,False,user,,,,,False,True,False,True,0,,,3.0,user,False,,order_finalized,,
b52a3395-97e1-43bd-9c1d-8f7b652a34bb,36b1aa18-c2e6-4ff3-90dd-4d94d9b049d6,https://api.robinhood.com/orders/b52a3395-97e1-43bd-9c1d-8f7b652a34bb/,https://api.robinhood.com/accounts/5SE25445/,fa785cc9-e75d-40e1-ad49-9dad4a009457,https://api.robinhood.com/positions/5SE25445/5b2693ed-080a-4744-9158-2efcb60558b8/,,https://api.robinhood.com/instruments/5b2693ed-080a-4744-9158-2efcb60558b8/,5b2693ed-080a-4744-9158-2efcb60558b8,1.00000000,0.15000000,0.00,filled,filled,,market,buy,gfd,immediate,0.15960000,,1.00000000,,2019-10-07T15:28:46.828456Z,2019-10-07T15:28:47.418748Z,2019-10-07T15:28:46.939000Z,"[{'price': '0.15290000', 'quantity': '1.00000000', 'rounded_notional': None, 'settlement_date': '2019-10-09', 'timestamp': '2019-10-07T15:28:46.939000Z', 'id': '5635f07b-8df4-419d-b86c-4850ed47b43e', 'ipo_access_execution_rank': None, 'trade_execution_date': None}]",False,,False,False,,,,,,,,"{'amount': '0.16', 'currency_code': 'USD', 'currency_id': '1072fc76-1862-41ab-82c2-485837590762'}","{'amount': '0.15', 'currency_code': 'USD', 'currency_id': '1072fc76-1862-41ab-82c2-485837590762'}",,False,,,,,,False,True,False,True,0,,,2.0,user,False,,order_finalized,,
7d932be4-ee90-43aa-900c-bc01f89814bb,273163a3-cbd0-45e2-84ef-19cd676ab84c,https://api.robinhood.com/orders/7d932be4-ee90-43aa-900c-bc01f89814bb/,https://api.robinhood.com/accounts/5SE25445/,fa785cc9-e75d-40e1-ad49-9dad4a009457,https://api.robinhood.com/positions/5SE25445/f6fb4ac4-fd18-4d92-b8e9-475d6b3279ce/,,https://api.robinhood.com/instruments/f6fb4ac4-fd18-4d92-b8e9-475d6b3279ce/,f6fb4ac4-fd18-4d92-b8e9-475d6b3279ce,1.00000000,2.20000000,0.00,filled,filled,,market,buy,gfd,immediate,2.31000000,,1.00000000,,2019-10-07T14:57:35.161294Z,2019-10-07T14:57:35.705868Z,2019-10-07T14:57:35.260000Z,"[{'price': '2.19500000', 'quantity': '1.00000000', 'rounded_notional': None, 'settlement_date': '2019-10-09', 'timestamp': '2019-10-07T14:57:35.260000Z', 'id': 'b135a39e-6220-4795-971c-90b4a9c0e393', 'ipo_access_execution_rank': None, 'trade_execution_date': None}]",False,,False,False,,,,,,,,"{'amount': '2.31', 'currency_code': 'USD', 'currency_id': '1072fc76-1862-41ab-82c2-485837590762'}","{'amount': '2.20', 'currency_code': 'USD', 'currency_id': '1072fc76-1862-41ab-82c2-485837590762'}",,False,,,,,,False,True,False,True,0,,,2.0,user,False,,order_finalized,,
c821b76e-8520-4864-b04c-456bc0b0419d,bbc9130b-8ec1-4f0e-bb1c-7cc57e7c000b,https://api.robinhood.com/orders/c821b76e-8520-4864-b04c-456bc0b0419d/,https://api.robinhood.com/accounts/5SE25445/,fa785cc9-e75d-40e1-ad49-9dad4a009457,https://api.robinhood.com/positions/5SE25445/71d81e7d-783c-4b8c-b574-ee50fcc4ce3a/,,https://api.robinhood.com/instruments/71d81e7d-783c-4b8c-b574-ee50fcc4ce3a/,71d81e7d-783c-4b8c-b574-ee50fcc4ce3a,1.00000000,4.28000000,0.00,filled,filled,,market,buy,gfd,immediate,4.48000000,,1.00000000,,2019-10-07T14:57:02.823348Z,2019-10-07T14:57:03.412720Z,2019-10-07T14:57:02.979000Z,"[{'price': '4.27500000', 'quantity': '1.00000000', 'rounded_notional': None, 'settlement_date': '2019-10-09', 'timestamp': '2019-10-07T14:57:02.979000Z', 'id': 'ad21ae80-6a91-4434-9483-c4e43b3ac998', 'ipo_access_execution_rank': None, 'trade_execution_date': None}]",False,,False,False,,,,,,,,"{'amount': '4.48', 'currency_code': 'USD', 'currency_id': '1072fc76-1862-41ab-82c2-485837590762'}","{'amount': '4.28', 'currency_code': 'USD', 'currency_id': '1072fc76-1862-41ab-82c2-485837590762'}",,False,,,,,,False,True,False,True,0,,,2.0,user,False,,order_finalized,,
6b3482e0-84c3-477c-bab3-ed537470ea0e,cc1875b0-59b6-4c14-bdfc-98c74115762e,https://api.robinhood.com/orders/6b3482e0-84c3-477c-bab3-ed537470ea0e/,https://api.robinhood.com/accounts/5SE25445/,fa785cc9-e75d-40e1-ad49-9dad4a009457,https://api.robinhood.com/positions/5SE25445/39ff611b-84e7-425b-bfb8-6fe2a983fcf3/,,https://api.robinhood.com/instruments/39ff611b-84e7-425b-bfb8-6fe2a983fcf3/,39ff611b-84e7-425b-bfb8-6fe2a983fcf3,1.00000000,8.55000000,0.00,filled,filled,,market,buy,gfd,immediate,8.97000000,,1.00000000,,2019-10-07T14:55:51.316220Z,2019-10-07T14:55:51.974885Z,2019-10-07T14:55:51.518000Z,"[{'price': '8.54500000', 'quantity': '1.00000000', 'rounded_notional': None, 'settlement_date': '2019-10-09', 'timestamp': '2019-10-07T14:55:51.518000Z', 'id': '699417e6-ab55-4e13-aaf0-be562974b09a', 'ipo_access_execution_rank': None, 'trade_execution_date': None}]",False,,False,False,,,,,,,,"{'amount': '8.97', 'currency_code': 'USD', 'currency_id': '1072fc76-1862-41ab-82c2-485837590762'}","{'amount': '8.55', 'currency_code': 'USD', 'currency_id': '1072fc76-1862-41ab-82c2-485837590762'}",,False,,,,,,False,True,False,True,0,,,2.0,user,False,,order_finalized,,
9c5c798a-cb28-4a5c-a5f0-26b33cfdf1f6,fba8de85-755d-44a8-912a-0a8833a1572a,https://api.robinhood.com/orders/9c5c798a-cb28-4a5c-a5f0-26b33cfdf1f6/,https://api.robinhood.com/accounts/5SE25445/,fa785cc9-e75d-40e1-ad49-9dad4a009457,https://api.robinhood.com/positions/5SE25445/6df56bd0-0bf2-44ab-8875-f94fd8526942/,,https://api.robinhood.com/instruments/6df56bd0-0bf2-44ab-8875-f94fd8526942/,6df56bd0-0bf2-44ab-8875-f94fd8526942,2.00000000,8.66500000,0.00,filled,filled,,market,buy,gfd,immediate,9.09000000,,2.00000000,,2019-10-07T14:54:24.868384Z,2019-10-07T14:54:25.489469Z,2019-10-07T14:54:24.977000Z,"[{'price': '8.66500000', 'quantity': '2.00000000', 'rounded_notional': None, 'settlement_date': '2019-10-09', 'timestamp': '2019-10-07T14:54:24.977000Z', 'id': '133e082a-c2b9-4cbc-b867-4fef9baf319f', 'ipo_access_execution_rank': None, 'trade_execution_date': None}]",False,,False,False,,,,,,,,"{'amount': '18.18', 'currency_code': 'USD', 'currency_id': '1072fc76-1862-41ab-82c2-485837590762'}","{'amount': '17.33', 'currency_code': 'USD', 'currency_id': '1072fc76-1862-41ab-82c2-485837590762'}",,False,,,,,,False,True,False,True,0,,,2.0,user,False,,order_finalized,,
9cdae46a-36e9-4da2-8820-5cd8871db5cc,a412590b-3f41-4b5b-a3a4-4d0be4345111,https://api.robinhood.com/orders/9cdae46a-36e9-4da2-8820-5cd8871db5cc/,https://api.robinhood.com/accounts/5SE25445/,fa785cc9-e75d-40e1-ad49-9dad4a009457,https://api.robinhood.com/positions/5SE25445/f786c13a-e28f-42a2-8e0e-c7e479688136/,,https://api.robinhood.com/instruments/f786c13a-e28f-42a2-8e0e-c7e479688136/,f786c13a-e28f-42a2-8e0e-c7e479688136,2.00000000,3.85500000,0.00,filled,filled,,market,buy,gfd,immediate,4.04000000,,2.00000000,,2019-10-07T14:54:08.750426Z,2019-10-07T14:54:09.328839Z,2019-10-07T14:54:08.844000Z,"[{'price': '3.85500000', 'quantity': '2.00000000', 'rounded_notional': None, 'settlement_date': '2019-10-09', 'timestamp': '2019-10-07T14:54:08.844000Z', 'id': '26f7a7df-11a5-4785-b966-859a8f4b17b7', 'ipo_access_execution_rank': None, 'trade_execution_date': None}]",False,,False,False,,,,,,,,"{'amount': '8.08', 'currency_code': 'USD', 'currency_id': '1072fc76-1862-41ab-82c2-485837590762'}","{'amount': '7.71', 'currency_code': 'USD', 'currency_id': '1072fc76-1862-41ab-82c2-485837590762'}",,False,,,,,,False,True,False,True,0,,,2.0,user,False,,order_finalized,,
fbb4a60b-4c53-4a77-b64d-353f81a2c846,b698bfa0-59e9-4bc1-81c6-0af7be2104ff,https://api.robinhood.com/orders/fbb4a60b-4c53-4a77-b64d-353f81a2c846/,https://api.robinhood.com/accounts/5SE25445/,fa785cc9-e75d-40e1-ad49-9dad4a009457,https://api.robinhood.com/positions/5SE25445/68487b7f-91bb-41be-b1df-3af37e6ae38f/,,https://api.robinhood.com/instruments/68487b7f-91bb-41be-b1df-3af37e6ae38f/,68487b7f-91bb-41be-b1df-3af37e6ae38f,1.00000000,8.98000000,0.00,filled,filled,,market,buy,gfd,immediate,9.42000000,,1.00000000,,2019-10-07T14:53:52.713038Z,2019-10-07T14:53:53.346691Z,2019-10-07T14:53:52.853000Z,"[{'price': '8.97900000', 'quantity': '1.00000000', 'rounded_notional': None, 'settlement_date': '2019-10-09', 'timestamp': '2019-10-07T14:53:52.853000Z', 'id': '026fc82a-fa2b-45b7-92d2-e8d4eabc26a7', 'ipo_access_execution_rank': None, 'trade_execution_date': None}]",False,,False,False,,,,,,,,"{'amount': '9.42', 'currency_code': 'USD', 'currency_id': '1072fc76-1862-41ab-82c2-485837590762'}","{'amount': '8.98', 'currency_code': 'USD', 'currency_id': '1072fc76-1862-41ab-82c2-485837590762'}",,False,,,,,,False,True,False,True,0,,,2.0,user,False,,order_finalized,,
f82593a2-d131-47a2-b13b-ce46a8a96a74,a0ae49fc-f618-47e5-a468-c77aa200b0bf,https://api.robinhood.com/orders/f82593a2-d131-47a2-b13b-ce46a8a96a74/,https://api.robinhood.com/accounts/5SE25445/,fa785cc9-e75d-40e1-ad49-9dad4a009457,https://api.robinhood.com/positions/5SE25445/48bbe4a0-d167-4bfe-8d3b-494f9bb56350/,,https://api.robinhood.com/instruments/48bbe4a0-d167-4bfe-8d3b-494f9bb56350/,48bbe4a0-d167-4bfe-8d3b-494f9bb56350,1.00000000,34.64000000,0.02,filled,filled,,market,sell,gfd,immediate,,,1.00000000,,2019-10-07T14:53:40.559798Z,2019-10-07T14:53:41.328312Z,2019-10-07T14:53:40.854000Z,"[{'price': '34.64000000', 'quantity': '1.00000000', 'rounded_notional': None, 'settlement_date': '2019-10-09', 'timestamp': '2019-10-07T14:53:40.854000Z', 'id': '9413205d-f3d3-40e2-9e47-24fc3ff55c9f', 'ipo_access_execution_rank': None, 'trade_execution_date': None}]",False,,False,False,,,,,,,,,"{'amount': '34.64', 'currency_code': 'USD', 'currency_id': '1072fc76-1862-41ab-82c2-485837590762'}",,False,,,,,,False,True,False,True,0,,,2.0,user,False,,order_finalized,,
71e33ddb-ae7f-448c-a0f1-1eb5c6bb2c65,14a35c87-1624-451e-b11b-bb03546021a3,https://api.robinhood.com/orders/71e33ddb-ae7f-448c-a0f1-1eb5c6bb2c65/,https://api.robinhood.com/accounts/5SE25445/,fa785cc9-e75d-40e1-ad49-9dad4a009457,https://api.robinhood.com/positions/5SE25445/39ff611b-84e7-425b-bfb8-6fe2a983fcf3/,,https://api.robinhood.com/instruments/39ff611b-84e7-425b-bfb8-6fe2a983fcf3/,39ff611b-84e7-425b-bfb8-6fe2a983fcf3,2.00000000,8.55000000,0.00,filled,filled,,market,buy,gfd,immediate,8.97000000,,2.00000000,,2019-10-07T14:52:44.251348Z,2019-10-07T14:52:44.941181Z,2019-10-07T14:52:44.403000Z,"[{'price': '8.55000000', 'quantity': '2.00000000', 'rounded_notional': None, 'settlement_date': '2019-10-09', 'timestamp': '2019-10-07T14:52:44.403000Z', 'id': '41c12453-675b-4e81-809a-f141237a0bc4', 'ipo_access_execution_rank': None, 'trade_execution_date': None}]",False,,False,False,,,,,,,,"{'amount': '17.94', 'currency_code': 'USD', 'currency_id': '1072fc76-1862-41ab-82c2-485837590762'}","{'amount': '17.10', 'currency_code': 'USD', 'currency_id': '1072fc76-1862-41ab-82c2-485837590762'}",,False,,,,,,False,True,False,True,0,,,2.0,user,False,,order_finalized,,
e2b9aed9-001b-4ff1-ad5e-07ad0285097a,0531b3c0-aaf7-4446-a7df-31ffe4ceb1f0,https://api.robinhood.com/orders/e2b9aed9-001b-4ff1-ad5e-07ad0285097a/,https://api.robinhood.com/accounts/5SE25445/,fa785cc9-e75d-40e1-ad49-9dad4a009457,https://api.robinhood.com/positions/5SE25445/6df56bd0-0bf2-44ab-8875-f94fd8526942/,,https://api.robinhood.com/instruments/6df56bd0-0bf2-44ab-8875-f94fd8526942/,6df56bd0-0bf2-44ab-8875-f94fd8526942,4.00000000,8.66500000,0.00,filled,filled,,market,buy,gfd,immediate,9.09000000,,4.00000000,,2019-10-07T14:51:45.115448Z,2019-10-07T14:51:45.754549Z,2019-10-07T14:51:45.320000Z,"[{'price': '8.66500000', 'quantity': '4.00000000', 'rounded_notional': None, 'settlement_date': '2019-10-09', 'timestamp': '2019-10-07T14:51:45.320000Z', 'id': '3652ff5b-e55b-428f-90d5-2ba89e1587f5', 'ipo_access_execution_rank': None, 'trade_execution_date': None}]",False,,False,False,,,,,,,,"{'amount': '36.36', 'currency_code': 'USD', 'currency_id': '1072fc76-1862-41ab-82c2-485837590762'}","{'amount': '34.66', 'currency_code': 'USD', 'currency_id': '1072fc76-1862-41ab-82c2-485837590762'}",,False,,,,,,False,True,False,True,0,,,2.0,user,False,,order_finalized,,
bc9f4ca2-a382-48e1-b64d-f58fdf86799d,05dc50d2-edd2-41b5-a4d5-851c704f7ce4,https://api.robinhood.com/orders/bc9f4ca2-a382-48e1-b64d-f58fdf86799d/,https://api.robinhood.com/accounts/5SE25445/,fa785cc9-e75d-40e1-ad49-9dad4a009457,https://api.robinhood.com/positions/5SE25445/ef99a2c4-adb2-4163-a2df-2d5722cc75b7/,,https://api.robinhood.com/instruments/ef99a2c4-adb2-4163-a2df-2d5722cc75b7/,ef99a2c4-adb2-4163-a2df-2d5722cc75b7,13.00000000,2.51540000,0.02,filled,filled,,market,sell,gfd,immediate,,,13.00000000,,2019-10-07T14:46:07.447942Z,2019-10-07T14:46:08.170565Z,2019-10-07T14:46:07.707000Z,"[{'price': '2.51500000', 'quantity': '13.00000000', 'rounded_notional': None, 'settlement_date': '2019-10-09', 'timestamp': '2019-10-07T14:46:07.707000Z', 'id': '557d522a-f7a8-437f-8fbb-19f2e7225bfd', 'ipo_access_execution_rank': None, 'trade_execution_date': None}]",False,,False,False,,,,,,,,,"{'amount': '32.70', 'currency_code': 'USD', 'currency_id': '1072fc76-1862-41ab-82c2-485837590762'}",,False,,,,,,False,True,False,True,0,,,2.0,user,False,,order_finalized,,
ee3f420d-be8f-4717-b46b-e73db6909f3a,8a27e98e-879b-4f59-8c22-d517eaa73f39,https://api.robinhood.com/orders/ee3f420d-be8f-4717-b46b-e73db6909f3a/,https://api.robinhood.com/accounts/5SE25445/,fa785cc9-e75d-40e1-ad49-9dad4a009457,https://api.robinhood.com/positions/5SE25445/f6fb4ac4-fd18-4d92-b8e9-475d6b3279ce/,,https://api.robinhood.com/instruments/f6fb4ac4-fd18-4d92-b8e9-475d6b3279ce/,f6fb4ac4-fd18-4d92-b8e9-475d6b3279ce,10.00000000,2.14000000,0.02,filled,filled,,market,sell,gfd,immediate,,,10.00000000,,2019-10-04T13:37:18.204929Z,2019-10-04T13:37:18.905163Z,2019-10-04T13:37:18.461000Z,"[{'price': '2.14000000', 'quantity': '10.00000000', 'rounded_notional': None, 'settlement_date': '2019-10-08', 'timestamp': '2019-10-04T13:37:18.461000Z', 'id': '971879aa-0440-4341-9da0-b2d6ae9a8f02', 'ipo_access_execution_rank': None, 'trade_execution_date': None}]",False,,False,False,,,,,,,,,"{'amount': '21.40', 'currency_code': 'USD', 'currency_id': '1072fc76-1862-41ab-82c2-485837590762'}",,False,,,,,,False,True,False,True,0,,,2.0,user,False,,order_finalized,,
115c8c44-ac4c-4e1d-94df-09b508fae971,29b616ac-11f3-4d67-9858-9df699deb46f,https://api.robinhood.com/orders/115c8c44-ac4c-4e1d-94df-09b508fae971/,https://api.robinhood.com/accounts/5SE25445/,fa785cc9-e75d-40e1-ad49-9dad4a009457,https://api.robinhood.com/positions/5SE25445/938a3372-8fd2-49b9-bfbe-0d5f5a865676/,,https://api.robinhood.com/instruments/938a3372-8fd2-49b9-bfbe-0d5f5a865676/,938a3372-8fd2-49b9-bfbe-0d5f5a865676,1.00000000,20.26000000,0.02,filled,filled,,market,sell,gfd,immediate,,,1.00000000,,2019-10-04T13:30:37.793456Z,2019-10-04T13:30:38.592915Z,2019-10-04T13:30:38.119000Z,"[{'price': '20.26010000', 'quantity': '1.00000000', 'rounded_notional': None, 'settlement_date': '2019-10-08', 'timestamp': '2019-10-04T13:30:38.119000Z', 'id': 'e5c0bd8e-4be2-44e6-8856-83375b767450', 'ipo_access_execution_rank': None, 'trade_execution_date': None}]",False,,False,False,,,,,,,,,"{'amount': '20.26', 'currency_code': 'USD', 'currency_id': '1072fc76-1862-41ab-82c2-485837590762'}",,False,,,,,,False,True,False,True,0,,,2.0,user,False,,order_finalized,,
06c8a67e-d45a-461d-a6bf-546b15de733e,251cdd6a-d668-49d2-a031-f07618e2f911,https://api.robinhood.com/orders/06c8a67e-d45a-461d-a6bf-546b15de733e/,https://api.robinhood.com/accounts/5SE25445/,fa785cc9-e75d-40e1-ad49-9dad4a009457,https://api.robinhood.com/positions/5SE25445/ef99a2c4-adb2-4163-a2df-2d5722cc75b7/,,https://api.robinhood.com/instruments/ef99a2c4-adb2-4163-a2df-2d5722cc75b7/,ef99a2c4-adb2-4163-a2df-2d5722cc75b7,7.00000000,2.39000000,0.00,filled,filled,,limit,buy,gfd,immediate,2.39000000,,7.00000000,,2019-10-02T17:48:48.190987Z,2019-10-02T19:02:16.056158Z,2019-10-02T19:02:15.579000Z,"[{'price': '2.39000000', 'quantity': '7.00000000', 'rounded_notional': None, 'settlement_date': '2019-10-04', 'timestamp': '2019-10-02T19:02:15.579000Z', 'id': 'a8af63a2-a3ce-4fcf-8250-192081c71a75', 'ipo_access_execution_rank': None, 'trade_execution_date': None}]",True,,False,False,,,,,,,,"{'amount': '16.73', 'currency_code': 'USD', 'currency_id': '1072fc76-1862-41ab-82c2-485837590762'}","{'amount': '16.73', 'currency_code': 'USD', 'currency_id': '1072fc76-1862-41ab-82c2-485837590762'}",,False,,,,,,False,True,False,True,0,,,2.0,user,False,,order_finalized,,
1cd02f6d-ac08-4355-ad73-0a19b825418a,5afc1e82-293c-453a-90ec-a933c5532bc4,https://api.robinhood.com/orders/1cd02f6d-ac08-4355-ad73-0a19b825418a/,https://api.robinhood.com/accounts/5SE25445/,fa785cc9-e75d-40e1-ad49-9dad4a009457,https://api.robinhood.com/positions/5SE25445/c9334c71-c95d-4da0-b6c2-13a01f306c50/,,https://api.robinhood.com/instruments/c9334c71-c95d-4da0-b6c2-13a01f306c50/,c9334c71-c95d-4da0-b6c2-13a01f306c50,1.00000000,16.47000000,0.02,filled,filled,,market,sell,gfd,immediate,,,1.00000000,,2019-10-02T17:48:15.686792Z,2019-10-02T17:48:16.221775Z,2019-10-02T17:48:15.801000Z,"[{'price': '16.47010000', 'quantity': '1.00000000', 'rounded_notional': None, 'settlement_date': '2019-10-04', 'timestamp': '2019-10-02T17:48:15.801000Z', 'id': '4a19f666-a56e-41c0-acac-3004f6d1b971', 'ipo_access_execution_rank': None, 'trade_execution_date': None}]",False,,False,False,,,,,,,,,"{'amount': '16.47', 'currency_code': 'USD', 'currency_id': '1072fc76-1862-41ab-82c2-485837590762'}",,False,,,,,,False,True,False,True,0,,,2.0,user,False,,order_finalized,,
88367b99-9dd7-4173-ac8a-2670ab03a732,5e348df5-98de-47ee-a572-a446233b434a,https://api.robinhood.com/orders/88367b99-9dd7-4173-ac8a-2670ab03a732/,https://api.robinhood.com/accounts/5SE25445/,fa785cc9-e75d-40e1-ad49-9dad4a009457,https://api.robinhood.com/positions/5SE25445/f6fb4ac4-fd18-4d92-b8e9-475d6b3279ce/,,https://api.robinhood.com/instruments/f6fb4ac4-fd18-4d92-b8e9-475d6b3279ce/,f6fb4ac4-fd18-4d92-b8e9-475d6b3279ce,1.00000000,2.09000000,0.00,filled,filled,,market,buy,gfd,immediate,2.18000000,,1.00000000,,2019-10-01T19:56:43.067486Z,2019-10-01T19:56:43.853520Z,2019-10-01T19:56:43.418000Z,"[{'price': '2.09000000', 'quantity': '1.00000000', 'rounded_notional': None, 'settlement_date': '2019-10-03', 'timestamp': '2019-10-01T19:56:43.418000Z', 'id': 'dd907ff9-2275-4f42-bd57-29255dd3ae78', 'ipo_access_execution_rank': None, 'trade_execution_date': None}]",False,,False,False,,,,,,,,"{'amount': '2.18', 'currency_code': 'USD', 'currency_id': '1072fc76-1862-41ab-82c2-485837590762'}","{'amount': '2.09', 'currency_code': 'USD', 'currency_id': '1072fc76-1862-41ab-82c2-485837590762'}",,False,,,,,,False,True,False,True,0,,,2.0,user,False,,order_finalized,,
6adfef9d-59de-4b0d-84fa-da68e1c6a778,08a1ff5c-f45b-4352-9880-0f74b25722e9,https://api.robinhood.com/orders/6adfef9d-59de-4b0d-84fa-da68e1c6a778/,https://api.robinhood.com/accounts/5SE25445/,fa785cc9-e75d-40e1-ad49-9dad4a009457,https://api.robinhood.com/positions/5SE25445/f6fb4ac4-fd18-4d92-b8e9-475d6b3279ce/,,https://api.robinhood.com/instruments/f6fb4ac4-fd18-4d92-b8e9-475d6b3279ce/,f6fb4ac4-fd18-4d92-b8e9-475d6b3279ce,4.00000000,2.05500000,0.00,filled,filled,,market,buy,gfd,immediate,2.15000000,,4.00000000,,2019-10-01T19:30:23.187960Z,2019-10-01T19:30:23.784641Z,2019-10-01T19:30:23.402000Z,"[{'price': '2.05500000', 'quantity': '4.00000000', 'rounded_notional': None, 'settlement_date': '2019-10-03', 'timestamp': '2019-10-01T19:30:23.402000Z', 'id': 'e0bec6f2-edce-4433-b005-644ccf275478', 'ipo_access_execution_rank': None, 'trade_execution_date': None}]",False,,False,False,,,,,,,,"{'amount': '8.60', 'currency_code': 'USD', 'currency_id': '1072fc76-1862-41ab-82c2-485837590762'}","{'amount': '8.22', 'currency_code': 'USD', 'currency_id': '1072fc76-1862-41ab-82c2-485837590762'}",,False,,,,,,False,True,False,True,0,,,2.0,user,False,,order_finalized,,
54aa4b95-6d6c-490a-b26c-7b6ccb7b6377,4d62e4b9-b62a-45cb-ad39-f97df88307f6,https://api.robinhood.com/orders/54aa4b95-6d6c-490a-b26c-7b6ccb7b6377/,https://api.robinhood.com/accounts/5SE25445/,fa785cc9-e75d-40e1-ad49-9dad4a009457,https://api.robinhood.com/positions/5SE25445/b4bec397-894b-4c7a-8f6d-ea07ccc5c844/,,https://api.robinhood.com/instruments/b4bec397-894b-4c7a-8f6d-ea07ccc5c844/,b4bec397-894b-4c7a-8f6d-ea07ccc5c844,6.00000000,0.39330000,0.02,filled,filled,,market,sell,gfd,immediate,,,6.00000000,,2019-10-01T19:11:53.696140Z,2019-10-01T19:11:54.352645Z,2019-10-01T19:11:53.884000Z,"[{'price': '0.39308000', 'quantity': '6.00000000', 'rounded_notional': None, 'settlement_date': '2019-10-03', 'timestamp': '2019-10-01T19:11:53.884000Z', 'id': '64133b9c-8741-4bde-9e11-961beda048bd', 'ipo_access_execution_rank': None, 'trade_execution_date': None}]",False,,False,False,,,,,,,,,"{'amount': '2.36', 'currency_code': 'USD', 'currency_id': '1072fc76-1862-41ab-82c2-485837590762'}",,False,,,,,,False,True,False,True,0,,,2.0,user,False,,order_finalized,,
350e7aae-dba0-40b1-a38e-caba3d2239f7,234e9ce7-6590-435f-9903-97c75d064093,https://api.robinhood.com/orders/350e7aae-dba0-40b1-a38e-caba3d2239f7/,https://api.robinhood.com/accounts/5SE25445/,fa785cc9-e75d-40e1-ad49-9dad4a009457,https://api.robinhood.com/positions/5SE25445/dbaa862d-2121-4648-bb63-c610f2903bad/,,https://api.robinhood.com/instruments/dbaa862d-2121-4648-bb63-c610f2903bad/,dbaa862d-2121-4648-bb63-c610f2903bad,1.00000000,5.75000000,0.02,filled,filled,,market,sell,gfd,immediate,,,1.00000000,,2019-10-01T19:11:20.839000Z,2019-10-01T19:11:21.541788Z,2019-10-01T19:11:21.079000Z,"[{'price': '5.74500000', 'quantity': '1.00000000', 'rounded_notional': None, 'settlement_date': '2019-10-03', 'timestamp': '2019-10-01T19:11:21.079000Z', 'id': '0bbf5ab7-786a-47b1-8d20-65c1073be72e', 'ipo_access_execution_rank': None, 'trade_execution_date': None}]",False,,False,False,,,,,,,,,"{'amount': '5.75', 'currency_code': 'USD', 'currency_id': '1072fc76-1862-41ab-82c2-485837590762'}",,False,,,,,,False,True,False,True,0,,,2.0,user,False,,order_finalized,,
cd706dc0-a507-49ed-a8de-42f29aa1ec8c,8e6a4a5c-457d-4259-99b7-dde6bf607777,https://api.robinhood.com/orders/cd706dc0-a507-49ed-a8de-42f29aa1ec8c/,https://api.robinhood.com/accounts/5SE25445/,fa785cc9-e75d-40e1-ad49-9dad4a009457,https://api.robinhood.com/positions/5SE25445/ef99a2c4-adb2-4163-a2df-2d5722cc75b7/,,https://api.robinhood.com/instruments/ef99a2c4-adb2-4163-a2df-2d5722cc75b7/,ef99a2c4-adb2-4163-a2df-2d5722cc75b7,3.00000000,2.55000000,0.00,filled,filled,,market,buy,gfd,immediate,2.67000000,,3.00000000,,2019-10-01T19:09:47.987857Z,2019-10-01T19:09:48.537927Z,2019-10-01T19:09:48.097000Z,"[{'price': '2.55000000', 'quantity': '3.00000000', 'rounded_notional': None, 'settlement_date': '2019-10-03', 'timestamp': '2019-10-01T19:09:48.097000Z', 'id': '0095cf45-75d0-49c4-b4ad-089906c30839', 'ipo_access_execution_rank': None, 'trade_execution_date': None}]",False,,False,False,,,,,,,,"{'amount': '8.01', 'currency_code': 'USD', 'currency_id': '1072fc76-1862-41ab-82c2-485837590762'}","{'amount': '7.65', 'currency_code': 'USD', 'currency_id': '1072fc76-1862-41ab-82c2-485837590762'}",,False,,,,,,False,True,False,True,0,,,2.0,user,False,,order_finalized,,
7de3c9e3-2007-4be4-80bb-fd8473f2efb8,e3f33ff3-94b3-457a-b3c8-258f9241abcf,https://api.robinhood.com/orders/7de3c9e3-2007-4be4-80bb-fd8473f2efb8/,https://api.robinhood.com/accounts/5SE25445/,fa785cc9-e75d-40e1-ad49-9dad4a009457,https://api.robinhood.com/positions/5SE25445/6461e073-d21d-4371-aaf0-d24e4e7657bc/,,https://api.robinhood.com/instruments/6461e073-d21d-4371-aaf0-d24e4e7657bc/,6461e073-d21d-4371-aaf0-d24e4e7657bc,1.00000000,17.68000000,0.00,filled,filled,,market,buy,gfd,immediate,18.53000000,,1.00000000,,2019-10-01T19:03:10.386326Z,2019-10-01T19:03:10.895036Z,2019-10-01T19:03:10.465000Z,"[{'price': '17.68000000', 'quantity': '1.00000000', 'rounded_notional': None, 'settlement_date': '2019-10-03', 'timestamp': '2019-10-01T19:03:10.465000Z', 'id': '68bac823-4ffe-4134-8465-970b8fb99029', 'ipo_access_execution_rank': None, 'trade_execution_date': None}]",False,,False,False,,,,,,,,"{'amount': '18.53', 'currency_code': 'USD', 'currency_id': '1072fc76-1862-41ab-82c2-485837590762'}","{'amount': '17.68', 'currency_code': 'USD', 'currency_id': '1072fc76-1862-41ab-82c2-485837590762'}",,False,,,,,,False,True,False,True,0,,,2.0,user,False,,order_finalized,,
fd982d29-9124-4b84-8c29-6781a5d2c551,1928da63-833a-491e-8278-fd1a89e4e518,https://api.robinhood.com/orders/fd982d29-9124-4b84-8c29-6781a5d2c551/,https://api.robinhood.com/accounts/5SE25445/,fa785cc9-e75d-40e1-ad49-9dad4a009457,https://api.robinhood.com/positions/5SE25445/f6fb4ac4-fd18-4d92-b8e9-475d6b3279ce/,,https://api.robinhood.com/instruments/f6fb4ac4-fd18-4d92-b8e9-475d6b3279ce/,f6fb4ac4-fd18-4d92-b8e9-475d6b3279ce,2.00000000,2.08500000,0.00,filled,filled,,market,buy,gfd,immediate,2.18000000,,2.00000000,,2019-10-01T19:02:55.330588Z,2019-10-01T19:02:55.903674Z,2019-10-01T19:02:55.429000Z,"[{'price': '2.08500000', 'quantity': '2.00000000', 'rounded_notional': None, 'settlement_date': '2019-10-03', 'timestamp': '2019-10-01T19:02:55.429000Z', 'id': '16ca292a-e96f-47c5-93bf-35c17dbe3a75', 'ipo_access_execution_rank': None, 'trade_execution_date': None}]",False,,False,False,,,,,,,,"{'amount': '4.36', 'currency_code': 'USD', 'currency_id': '1072fc76-1862-41ab-82c2-485837590762'}","{'amount': '4.17', 'currency_code': 'USD', 'currency_id': '1072fc76-1862-41ab-82c2-485837590762'}",,False,,,,,,False,True,False,True,0,,,2.0,user,False,,order_finalized,,
08f3f28b-756c-4894-93e5-f20a70916483,6badd14f-2d26-4ef0-af85-61e966a44a72,https://api.robinhood.com/orders/08f3f28b-756c-4894-93e5-f20a70916483/,https://api.robinhood.com/accounts/5SE25445/,fa785cc9-e75d-40e1-ad49-9dad4a009457,https://api.robinhood.com/positions/5SE25445/6df56bd0-0bf2-44ab-8875-f94fd8526942/,,https://api.robinhood.com/instruments/6df56bd0-0bf2-44ab-8875-f94fd8526942/,6df56bd0-0bf2-44ab-8875-f94fd8526942,1.00000000,8.93000000,0.00,filled,filled,,market,buy,gfd,immediate,9.37000000,,1.00000000,,2019-10-01T19:02:19.809794Z,2019-10-01T19:02:20.351978Z,2019-10-01T19:02:19.918000Z,"[{'price': '8.92500000', 'quantity': '1.00000000', 'rounded_notional': None, 'settlement_date': '2019-10-03', 'timestamp': '2019-10-01T19:02:19.918000Z', 'id': 'bc05a554-d2ee-4fa6-a971-cdf90e1ef576', 'ipo_access_execution_rank': None, 'trade_execution_date': None}]",False,,False,False,,,,,,,,"{'amount': '9.37', 'currency_code': 'USD', 'currency_id': '1072fc76-1862-41ab-82c2-485837590762'}","{'amount': '8.93', 'currency_code': 'USD', 'currency_id': '1072fc76-1862-41ab-82c2-485837590762'}",,False,,,,,,False,True,False,True,0,,,2.0,user,False,,order_finalized,,
5d7ff846-c1ce-436f-9492-8f5ec408475e,23242362-f294-4e1e-b2cf-4f657fbc0e66,https://api.robinhood.com/orders/5d7ff846-c1ce-436f-9492-8f5ec408475e/,https://api.robinhood.com/accounts/5SE25445/,fa785cc9-e75d-40e1-ad49-9dad4a009457,https://api.robinhood.com/positions/5SE25445/71d81e7d-783c-4b8c-b574-ee50fcc4ce3a/,,https://api.robinhood.com/instruments/71d81e7d-783c-4b8c-b574-ee50fcc4ce3a/,71d81e7d-783c-4b8c-b574-ee50fcc4ce3a,1.00000000,4.15000000,0.00,filled,filled,,market,buy,gfd,immediate,4.34000000,,1.00000000,,2019-10-01T19:02:03.645969Z,2019-10-01T19:02:04.176664Z,2019-10-01T19:02:03.759000Z,"[{'price': '4.14500000', 'quantity': '1.00000000', 'rounded_notional': None, 'settlement_date': '2019-10-03', 'timestamp': '2019-10-01T19:02:03.759000Z', 'id': 'fb8ba969-dd58-4be8-b79d-3890fe55bdc2', 'ipo_access_execution_rank': None, 'trade_execution_date': None}]",False,,False,False,,,,,,,,"{'amount': '4.34', 'currency_code': 'USD', 'currency_id': '1072fc76-1862-41ab-82c2-485837590762'}","{'amount': '4.15', 'currency_code': 'USD', 'currency_id': '1072fc76-1862-41ab-82c2-485837590762'}",,False,,,,,,False,True,False,True,0,,,2.0,user,False,,order_finalized,,
963aeb34-2654-4bd0-b995-625fc7b428db,b099d35a-a717-4d5f-b7be-a18186cef304,https://api.robinhood.com/orders/963aeb34-2654-4bd0-b995-625fc7b428db/,https://api.robinhood.com/accounts/5SE25445/,fa785cc9-e75d-40e1-ad49-9dad4a009457,https://api.robinhood.com/positions/5SE25445/f6fb4ac4-fd18-4d92-b8e9-475d6b3279ce/,,https://api.robinhood.com/instruments/f6fb4ac4-fd18-4d92-b8e9-475d6b3279ce/,f6fb4ac4-fd18-4d92-b8e9-475d6b3279ce,1.00000000,2.09000000,0.00,filled,filled,,market,buy,gfd,immediate,2.18000000,,1.00000000,,2019-10-01T19:01:50.217852Z,2019-10-01T19:01:50.792598Z,2019-10-01T19:01:50.344000Z,"[{'price': '2.08500000', 'quantity': '1.00000000', 'rounded_notional': None, 'settlement_date': '2019-10-03', 'timestamp': '2019-10-01T19:01:50.344000Z', 'id': 'a2a0e35a-9f1f-4ce1-9d32-5a777b55507d', 'ipo_access_execution_rank': None, 'trade_execution_date': None}]",False,,False,False,,,,,,,,"{'amount': '2.18', 'currency_code': 'USD', 'currency_id': '1072fc76-1862-41ab-82c2-485837590762'}","{'amount': '2.09', 'currency_code': 'USD', 'currency_id': '1072fc76-1862-41ab-82c2-485837590762'}",,False,,,,,,False,True,False,True,0,,,2.0,user,False,,order_finalized,,
5b1d652e-7f4a-47e8-b512-39cd9bfff9eb,2b7fb7b0-5254-4fb7-ae8c-9fddce7f0cb4,https://api.robinhood.com/orders/5b1d652e-7f4a-47e8-b512-39cd9bfff9eb/,https://api.robinhood.com/accounts/5SE25445/,fa785cc9-e75d-40e1-ad49-9dad4a009457,https://api.robinhood.com/positions/5SE25445/f786c13a-e28f-42a2-8e0e-c7e479688136/,,https://api.robinhood.com/instruments/f786c13a-e28f-42a2-8e0e-c7e479688136/,f786c13a-e28f-42a2-8e0e-c7e479688136,1.00000000,3.79000000,0.00,filled,filled,,market,buy,gfd,immediate,3.97000000,,1.00000000,,2019-10-01T19:01:34.814223Z,2019-10-01T19:01:35.692302Z,2019-10-01T19:01:35.247000Z,"[{'price': '3.78910000', 'quantity': '1.00000000', 'rounded_notional': None, 'settlement_date': '2019-10-03', 'timestamp': '2019-10-01T19:01:35.247000Z', 'id': '155c6199-73a7-4bb8-82a0-763722225036', 'ipo_access_execution_rank': None, 'trade_execution_date': None}]",False,,False,False,,,,,,,,"{'amount': '3.97', 'currency_code': 'USD', 'currency_id': '1072fc76-1862-41ab-82c2-485837590762'}","{'amount': '3.79', 'currency_code': 'USD', 'currency_id': '1072fc76-1862-41ab-82c2-485837590762'}",,False,,,,,,False,True,False,True,0,,,2.0,user,False,,order_finalized,,
35f3b998-cc05-437f-b064-16e0c6cafe39,1840741a-4c16-48a7-84a4-96d85073e155,https://api.robinhood.com/orders/35f3b998-cc05-437f-b064-16e0c6cafe39/,https://api.robinhood.com/accounts/5SE25445/,fa785cc9-e75d-40e1-ad49-9dad4a009457,https://api.robinhood.com/positions/5SE25445/71d81e7d-783c-4b8c-b574-ee50fcc4ce3a/,,https://api.robinhood.com/instruments/71d81e7d-783c-4b8c-b574-ee50fcc4ce3a/,71d81e7d-783c-4b8c-b574-ee50fcc4ce3a,1.00000000,4.15000000,0.00,filled,filled,,market,buy,gfd,immediate,4.35000000,,1.00000000,,2019-10-01T18:59:29.903453Z,2019-10-01T18:59:30.497791Z,2019-10-01T18:59:30.015000Z,"[{'price': '4.14500000', 'quantity': '1.00000000', 'rounded_notional': None, 'settlement_date': '2019-10-03', 'timestamp': '2019-10-01T18:59:30.015000Z', 'id': '6e9061cb-da96-4be1-aa98-e46f350e2b71', 'ipo_access_execution_rank': None, 'trade_execution_date': None}]",False,,False,False,,,,,,,,"{'amount': '4.35', 'currency_code': 'USD', 'currency_id': '1072fc76-1862-41ab-82c2-485837590762'}","{'amount': '4.15', 'currency_code': 'USD', 'currency_id': '1072fc76-1862-41ab-82c2-485837590762'}",,False,,,,,,False,True,False,True,0,,,2.0,user,False,,order_finalized,,
3d2562da-9c61-4c73-8c91-d1232fc3dced,986954ae-bdc0-40c4-a42c-2f23aed87202,https://api.robinhood.com/orders/3d2562da-9c61-4c73-8c91-d1232fc3dced/,https://api.robinhood.com/accounts/5SE25445/,fa785cc9-e75d-40e1-ad49-9dad4a009457,https://api.robinhood.com/positions/5SE25445/f6fb4ac4-fd18-4d92-b8e9-475d6b3279ce/,,https://api.robinhood.com/instruments/f6fb4ac4-fd18-4d92-b8e9-475d6b3279ce/,f6fb4ac4-fd18-4d92-b8e9-475d6b3279ce,2.00000000,2.08500000,0.00,filled,filled,,market,buy,gfd,immediate,2.18000000,,2.00000000,,2019-10-01T18:59:08.578840Z,2019-10-01T18:59:09.146221Z,2019-10-01T18:59:08.694000Z,"[{'price': '2.08500000', 'quantity': '2.00000000', 'rounded_notional': None, 'settlement_date': '2019-10-03', 'timestamp': '2019-10-01T18:59:08.694000Z', 'id': '065816c7-8d07-4181-9e58-4bd7f80bc3e7', 'ipo_access_execution_rank': None, 'trade_execution_date': None}]",False,,False,False,,,,,,,,"{'amount': '4.36', 'currency_code': 'USD', 'currency_id': '1072fc76-1862-41ab-82c2-485837590762'}","{'amount': '4.17', 'currency_code': 'USD', 'currency_id': '1072fc76-1862-41ab-82c2-485837590762'}",,False,,,,,,False,True,False,True,0,,,2.0,user,False,,order_finalized,,
b6ceaff4-f31f-4936-b974-991531a4af2c,5510a106-ec01-4f00-b51d-201db7bd3756,https://api.robinhood.com/orders/b6ceaff4-f31f-4936-b974-991531a4af2c/,https://api.robinhood.com/accounts/5SE25445/,fa785cc9-e75d-40e1-ad49-9dad4a009457,https://api.robinhood.com/positions/5SE25445/f6fb4ac4-fd18-4d92-b8e9-475d6b3279ce/,,https://api.robinhood.com/instruments/f6fb4ac4-fd18-4d92-b8e9-475d6b3279ce/,f6fb4ac4-fd18-4d92-b8e9-475d6b3279ce,4.00000000,2.22000000,0.02,filled,filled,,market,sell,gfd,immediate,,,4.00000000,,2019-09-30T17:12:02.896990Z,2019-09-30T17:12:03.590102Z,2019-09-30T17:12:03.145000Z,"[{'price': '2.22000000', 'quantity': '4.00000000', 'rounded_notional': None, 'settlement_date': '2019-10-02', 'timestamp': '2019-09-30T17:12:03.145000Z', 'id': 'bedd764d-89f1-470a-aa06-449aaddf0255', 'ipo_access_execution_rank': None, 'trade_execution_date': None}]",False,,False,False,,,,,,,,,"{'amount': '8.88', 'currency_code': 'USD', 'currency_id': '1072fc76-1862-41ab-82c2-485837590762'}",,False,,,,,,False,True,False,True,0,,,2.0,user,False,,order_finalized,,
eae8c18d-ccf1-4685-a3a3-0636986cad24,415d8eb5-cfca-45e9-87ad-da31862533d7,https://api.robinhood.com/orders/eae8c18d-ccf1-4685-a3a3-0636986cad24/,https://api.robinhood.com/accounts/5SE25445/,fa785cc9-e75d-40e1-ad49-9dad4a009457,https://api.robinhood.com/positions/5SE25445/b4bec397-894b-4c7a-8f6d-ea07ccc5c844/,,https://api.robinhood.com/instruments/b4bec397-894b-4c7a-8f6d-ea07ccc5c844/,b4bec397-894b-4c7a-8f6d-ea07ccc5c844,6.00000000,0.41330000,0.00,filled,filled,,market,buy,gfd,immediate,0.43150000,,6.00000000,,2019-09-30T17:11:02.052386Z,2019-09-30T17:11:02.650353Z,2019-09-30T17:11:02.185000Z,"[{'price': '0.41280000', 'quantity': '6.00000000', 'rounded_notional': None, 'settlement_date': '2019-10-02', 'timestamp': '2019-09-30T17:11:02.185000Z', 'id': '713a04f9-55b8-4def-bb23-188abd2e926e', 'ipo_access_execution_rank': None, 'trade_execution_date': None}]",False,,False,False,,,,,,,,"{'amount': '2.59', 'currency_code': 'USD', 'currency_id': '1072fc76-1862-41ab-82c2-485837590762'}","{'amount': '2.48', 'currency_code': 'USD', 'currency_id': '1072fc76-1862-41ab-82c2-485837590762'}",,False,,,,,,False,True,False,True,0,,,2.0,user,False,,order_finalized,,
26dd78d3-1dcf-4b99-8392-0604a6c3c6d1,dd2d096f-7292-4d0e-b478-5bfd30aaf6d2,https://api.robinhood.com/orders/26dd78d3-1dcf-4b99-8392-0604a6c3c6d1/,https://api.robinhood.com/accounts/5SE25445/,fa785cc9-e75d-40e1-ad49-9dad4a009457,https://api.robinhood.com/positions/5SE25445/ef99a2c4-adb2-4163-a2df-2d5722cc75b7/,,https://api.robinhood.com/instruments/ef99a2c4-adb2-4163-a2df-2d5722cc75b7/,ef99a2c4-adb2-4163-a2df-2d5722cc75b7,3.00000000,2.60670000,0.00,filled,filled,,market,buy,gfd,immediate,2.73000000,,3.00000000,,2019-09-25T16:26:38.992610Z,2019-09-25T16:26:39.525653Z,2019-09-25T16:26:39.144000Z,"[{'price': '2.60500000', 'quantity': '3.00000000', 'rounded_notional': None, 'settlement_date': '2019-09-27', 'timestamp': '2019-09-25T16:26:39.144000Z', 'id': '0ee34721-832a-4aef-886a-70f69fc200c8', 'ipo_access_execution_rank': None, 'trade_execution_date': None}]",False,,False,False,,,,,,,,"{'amount': '8.19', 'currency_code': 'USD', 'currency_id': '1072fc76-1862-41ab-82c2-485837590762'}","{'amount': '7.82', 'currency_code': 'USD', 'currency_id': '1072fc76-1862-41ab-82c2-485837590762'}",,False,,,,,,False,True,False,True,0,,,2.0,user,False,,order_finalized,,
5ce04fce-0c59-4041-b406-6606f833b6d7,51c6bb09-5cbf-4cca-8291-24d88f679312,https://api.robinhood.com/orders/5ce04fce-0c59-4041-b406-6606f833b6d7/,https://api.robinhood.com/accounts/5SE25445/,fa785cc9-e75d-40e1-ad49-9dad4a009457,https://api.robinhood.com/positions/5SE25445/155305e2-65cd-474a-a25f-a7f0b44c19fc/,,https://api.robinhood.com/instruments/155305e2-65cd-474a-a25f-a7f0b44c19fc/,155305e2-65cd-474a-a25f-a7f0b44c19fc,1.00000000,42.42000000,0.00,filled,filled,,market,buy,gfd,immediate,44.54000000,,1.00000000,,2019-09-25T16:23:26.307623Z,2019-09-25T16:23:26.930834Z,2019-09-25T16:23:26.472000Z,"[{'price': '42.41500000', 'quantity': '1.00000000', 'rounded_notional': None, 'settlement_date': '2019-09-27', 'timestamp': '2019-09-25T16:23:26.472000Z', 'id': '75e1875f-976c-4c56-8051-5126241185db', 'ipo_access_execution_rank': None, 'trade_execution_date': None}]",False,,False,False,,,,,,,,"{'amount': '44.54', 'currency_code': 'USD', 'currency_id': '1072fc76-1862-41ab-82c2-485837590762'}","{'amount': '42.42', 'currency_code': 'USD', 'currency_id': '1072fc76-1862-41ab-82c2-485837590762'}",,False,,,,,,False,True,False,True,0,,,2.0,user,False,,order_finalized,,
ff2437ca-3ed8-4164-8261-d47ec912b1e4,29e1939f-339a-45c8-a0b5-03bf36bca1fc,https://api.robinhood.com/orders/ff2437ca-3ed8-4164-8261-d47ec912b1e4/,https://api.robinhood.com/accounts/5SE25445/,fa785cc9-e75d-40e1-ad49-9dad4a009457,https://api.robinhood.com/positions/5SE25445/c9334c71-c95d-4da0-b6c2-13a01f306c50/,,https://api.robinhood.com/instruments/c9334c71-c95d-4da0-b6c2-13a01f306c50/,c9334c71-c95d-4da0-b6c2-13a01f306c50,1.00000000,14.00000000,0.00,filled,filled,,market,buy,gfd,immediate,14.70000000,,1.00000000,,2019-09-25T16:21:51.681196Z,2019-09-25T16:21:52.226728Z,2019-09-25T16:21:51.779000Z,"[{'price': '13.99990000', 'quantity': '1.00000000', 'rounded_notional': None, 'settlement_date': '2019-09-27', 'timestamp': '2019-09-25T16:21:51.779000Z', 'id': '9ad26faa-5a2b-4e35-bee5-15c60495fbc0', 'ipo_access_execution_rank': None, 'trade_execution_date': None}]",False,,False,False,,,,,,,,"{'amount': '14.70', 'currency_code': 'USD', 'currency_id': '1072fc76-1862-41ab-82c2-485837590762'}","{'amount': '14.00', 'currency_code': 'USD', 'currency_id': '1072fc76-1862-41ab-82c2-485837590762'}",,False,,,,,,False,True,False,True,0,,,2.0,user,False,,order_finalized,,
e6b0dfef-4672-41de-b678-f500074b5282,1a9a90d6-9532-4a61-af32-eb24a2337c92,https://api.robinhood.com/orders/e6b0dfef-4672-41de-b678-f500074b5282/,https://api.robinhood.com/accounts/5SE25445/,fa785cc9-e75d-40e1-ad49-9dad4a009457,https://api.robinhood.com/positions/5SE25445/b003dff4-7071-46ae-9a8d-6e4b4222edf0/,,https://api.robinhood.com/instruments/b003dff4-7071-46ae-9a8d-6e4b4222edf0/,b003dff4-7071-46ae-9a8d-6e4b4222edf0,1.00000000,5.84000000,0.00,filled,filled,,market,buy,gfd,immediate,6.12000000,,1.00000000,,2019-09-25T16:20:01.072739Z,2019-09-25T16:20:01.720201Z,2019-09-25T16:20:01.291000Z,"[{'price': '5.83500000', 'quantity': '1.00000000', 'rounded_notional': None, 'settlement_date': '2019-09-27', 'timestamp': '2019-09-25T16:20:01.291000Z', 'id': '3ab60648-cce5-4624-a48a-cb07e10ebe30', 'ipo_access_execution_rank': None, 'trade_execution_date': None}]",False,,False,False,,,,,,,,"{'amount': '6.12', 'currency_code': 'USD', 'currency_id': '1072fc76-1862-41ab-82c2-485837590762'}","{'amount': '5.84', 'currency_code': 'USD', 'currency_id': '1072fc76-1862-41ab-82c2-485837590762'}",,False,,,,,,False,True,False,True,0,,,2.0,user,False,,order_finalized,,
6d94f8e0-c24d-415e-baa1-01e2bda98327,2e20dd8f-78db-4056-8b70-27d7d9e9216a,https://api.robinhood.com/orders/6d94f8e0-c24d-415e-baa1-01e2bda98327/,https://api.robinhood.com/accounts/5SE25445/,fa785cc9-e75d-40e1-ad49-9dad4a009457,https://api.robinhood.com/positions/5SE25445/f786c13a-e28f-42a2-8e0e-c7e479688136/,,https://api.robinhood.com/instruments/f786c13a-e28f-42a2-8e0e-c7e479688136/,f786c13a-e28f-42a2-8e0e-c7e479688136,1.00000000,4.06000000,0.00,filled,filled,,market,buy,gfd,immediate,4.26000000,,1.00000000,,2019-09-25T16:18:45.709896Z,2019-09-25T16:18:46.291538Z,2019-09-25T16:18:45.908000Z,"[{'price': '4.05960000', 'quantity': '1.00000000', 'rounded_notional': None, 'settlement_date': '2019-09-27', 'timestamp': '2019-09-25T16:18:45.908000Z', 'id': 'bffab72c-ddda-4bbc-9ce4-a11f44b28b4b', 'ipo_access_execution_rank': None, 'trade_execution_date': None}]",False,,False,False,,,,,,,,"{'amount': '4.26', 'currency_code': 'USD', 'currency_id': '1072fc76-1862-41ab-82c2-485837590762'}","{'amount': '4.06', 'currency_code': 'USD', 'currency_id': '1072fc76-1862-41ab-82c2-485837590762'}",,False,,,,,,False,True,False,True,0,,,2.0,user,False,,order_finalized,,
943174e5-f76d-457c-904c-0024cd93e852,a38fb1dd-a49a-44c0-b67d-f1183f8b81d3,https://api.robinhood.com/orders/943174e5-f76d-457c-904c-0024cd93e852/,https://api.robinhood.com/accounts/5SE25445/,fa785cc9-e75d-40e1-ad49-9dad4a009457,https://api.robinhood.com/positions/5SE25445/68487b7f-91bb-41be-b1df-3af37e6ae38f/,,https://api.robinhood.com/instruments/68487b7f-91bb-41be-b1df-3af37e6ae38f/,68487b7f-91bb-41be-b1df-3af37e6ae38f,1.00000000,9.29000000,0.00,filled,filled,,market,buy,gfd,immediate,9.75000000,,1.00000000,,2019-09-25T16:18:25.628077Z,2019-09-25T16:18:26.175510Z,2019-09-25T16:18:25.770000Z,"[{'price': '9.28990000', 'quantity': '1.00000000', 'rounded_notional': None, 'settlement_date': '2019-09-27', 'timestamp': '2019-09-25T16:18:25.737000Z', 'id': 'd8ced405-4267-49e6-8455-364117db4db7', 'ipo_access_execution_rank': None, 'trade_execution_date': None}]",False,,False,False,,,,,,,,"{'amount': '9.75', 'currency_code': 'USD', 'currency_id': '1072fc76-1862-41ab-82c2-485837590762'}","{'amount': '9.29', 'currency_code': 'USD', 'currency_id': '1072fc76-1862-41ab-82c2-485837590762'}",,False,,,,,,False,True,False,True,0,,,2.0,user,False,,order_finalized,,
b35bf693-92ca-442b-9554-6702c5bd46ea,73bc40a9-cf24-49da-9296-e11ae7900dea,https://api.robinhood.com/orders/b35bf693-92ca-442b-9554-6702c5bd46ea/,https://api.robinhood.com/accounts/5SE25445/,fa785cc9-e75d-40e1-ad49-9dad4a009457,https://api.robinhood.com/positions/5SE25445/71d81e7d-783c-4b8c-b574-ee50fcc4ce3a/,,https://api.robinhood.com/instruments/71d81e7d-783c-4b8c-b574-ee50fcc4ce3a/,71d81e7d-783c-4b8c-b574-ee50fcc4ce3a,1.00000000,4.63000000,0.00,filled,filled,,market,buy,gfd,immediate,4.86000000,,1.00000000,,2019-09-25T16:17:45.731629Z,2019-09-25T16:17:46.294054Z,2019-09-25T16:17:45.846000Z,"[{'price': '4.62900000', 'quantity': '1.00000000', 'rounded_notional': None, 'settlement_date': '2019-09-27', 'timestamp': '2019-09-25T16:17:45.846000Z', 'id': '739bb440-c118-4b48-a2f7-159f7cd0d91a', 'ipo_access_execution_rank': None, 'trade_execution_date': None}]",False,,False,False,,,,,,,,"{'amount': '4.86', 'currency_code': 'USD', 'currency_id': '1072fc76-1862-41ab-82c2-485837590762'}","{'amount': '4.63', 'currency_code': 'USD', 'currency_id': '1072fc76-1862-41ab-82c2-485837590762'}",,False,,,,,,False,True,False,True,0,,,2.0,user,False,,order_finalized,,
dc5857c5-3012-455d-8535-1041245c7de4,d97a5b5a-0265-4173-bdbe-374c542f259a,https://api.robinhood.com/orders/dc5857c5-3012-455d-8535-1041245c7de4/,https://api.robinhood.com/accounts/5SE25445/,fa785cc9-e75d-40e1-ad49-9dad4a009457,https://api.robinhood.com/positions/5SE25445/48bbe4a0-d167-4bfe-8d3b-494f9bb56350/,,https://api.robinhood.com/instruments/48bbe4a0-d167-4bfe-8d3b-494f9bb56350/,48bbe4a0-d167-4bfe-8d3b-494f9bb56350,1.00000000,36.89000000,0.00,filled,filled,,market,buy,gfd,immediate,38.73000000,,1.00000000,,2019-09-25T16:15:12.433441Z,2019-09-25T16:15:12.993947Z,2019-09-25T16:15:12.541000Z,"[{'price': '36.88500000', 'quantity': '1.00000000', 'rounded_notional': None, 'settlement_date': '2019-09-27', 'timestamp': '2019-09-25T16:15:12.541000Z', 'id': '3b457022-3cf5-400f-9a01-7e390e82eb1a', 'ipo_access_execution_rank': None, 'trade_execution_date': None}]",False,,False,False,,,,,,,,"{'amount': '38.73', 'currency_code': 'USD', 'currency_id': '1072fc76-1862-41ab-82c2-485837590762'}","{'amount': '36.89', 'currency_code': 'USD', 'currency_id': '1072fc76-1862-41ab-82c2-485837590762'}",,False,,,,,,False,True,False,True,0,,,2.0,user,False,,order_finalized,,
7ce69b4a-25ed-4ed7-8c6b-c7f72f764a6c,f7febe22-005c-44af-ae5c-1c77993ccb2c,https://api.robinhood.com/orders/7ce69b4a-25ed-4ed7-8c6b-c7f72f764a6c/,https://api.robinhood.com/accounts/5SE25445/,fa785cc9-e75d-40e1-ad49-9dad4a009457,https://api.robinhood.com/positions/5SE25445/940fc3f5-1db5-4fed-b452-f3a2e4562b5f/,,https://api.robinhood.com/instruments/940fc3f5-1db5-4fed-b452-f3a2e4562b5f/,940fc3f5-1db5-4fed-b452-f3a2e4562b5f,1.00000000,29.03000000,0.00,filled,filled,,market,buy,gfd,immediate,30.47000000,,1.00000000,,2019-09-25T16:12:58.150118Z,2019-09-25T16:12:58.777410Z,2019-09-25T16:12:58.321000Z,"[{'price': '29.02500000', 'quantity': '1.00000000', 'rounded_notional': None, 'settlement_date': '2019-09-27', 'timestamp': '2019-09-25T16:12:58.321000Z', 'id': 'cf4de22d-c21d-414f-a2e0-8222a956b41a', 'ipo_access_execution_rank': None, 'trade_execution_date': None}]",False,,False,False,,,,,,,,"{'amount': '30.47', 'currency_code': 'USD', 'currency_id': '1072fc76-1862-41ab-82c2-485837590762'}","{'amount': '29.03', 'currency_code': 'USD', 'currency_id': '1072fc76-1862-41ab-82c2-485837590762'}",,False,,,,,,False,True,False,True,0,,,2.0,user,False,,order_finalized,,
a3813cf0-701f-4b4f-9e8a-83f1f2bfbb1b,be281a24-a5bd-4dfa-943b-7dc79c5dde12,https://api.robinhood.com/orders/a3813cf0-701f-4b4f-9e8a-83f1f2bfbb1b/,https://api.robinhood.com/accounts/5SE25445/,fa785cc9-e75d-40e1-ad49-9dad4a009457,https://api.robinhood.com/positions/5SE25445/ef99a2c4-adb2-4163-a2df-2d5722cc75b7/,,https://api.robinhood.com/instruments/ef99a2c4-adb2-4163-a2df-2d5722cc75b7/,ef99a2c4-adb2-4163-a2df-2d5722cc75b7,14.00000000,2.62500000,0.02,filled,filled,,market,sell,gfd,immediate,,,14.00000000,,2019-09-25T16:10:25.915343Z,2019-09-25T16:10:26.690083Z,2019-09-25T16:10:26.251000Z,"[{'price': '2.62500000', 'quantity': '14.00000000', 'rounded_notional': None, 'settlement_date': '2019-09-27', 'timestamp': '2019-09-25T16:10:26.251000Z', 'id': 'ca91721f-8cb6-4a5d-bfbc-9aff5eb977e8', 'ipo_access_execution_rank': None, 'trade_execution_date': None}]",False,,False,False,,,,,,,,,"{'amount': '36.75', 'currency_code': 'USD', 'currency_id': '1072fc76-1862-41ab-82c2-485837590762'}",,False,,,,,,False,True,False,True,0,,,2.0,user,False,,order_finalized,,
f8318372-be3e-4c3f-8db0-54f6ffddb304,f3c0c515-7e62-4663-8bd8-de30916c0591,https://api.robinhood.com/orders/f8318372-be3e-4c3f-8db0-54f6ffddb304/,https://api.robinhood.com/accounts/5SE25445/,fa785cc9-e75d-40e1-ad49-9dad4a009457,https://api.robinhood.com/positions/5SE25445/6df56bd0-0bf2-44ab-8875-f94fd8526942/,,https://api.robinhood.com/instruments/6df56bd0-0bf2-44ab-8875-f94fd8526942/,6df56bd0-0bf2-44ab-8875-f94fd8526942,3.00000000,9.18670000,0.02,filled,filled,,market,sell,gfd,immediate,,,3.00000000,,2019-09-25T16:09:34.764623Z,2019-09-25T16:09:35.553996Z,2019-09-25T16:09:35.102000Z,"[{'price': '9.18500000', 'quantity': '3.00000000', 'rounded_notional': None, 'settlement_date': '2019-09-27', 'timestamp': '2019-09-25T16:09:35.102000Z', 'id': 'd787c97e-10cc-4e6d-8cd3-aeb2d34208b7', 'ipo_access_execution_rank': None, 'trade_execution_date': None}]",False,,False,False,,,,,,,,,"{'amount': '27.56', 'currency_code': 'USD', 'currency_id': '1072fc76-1862-41ab-82c2-485837590762'}",,False,,,,,,False,True,False,True,0,,,2.0,user,False,,order_finalized,,
16455224-92ac-42e6-a0ea-087020ea103d,c517d020-d92f-47bd-93d6-2b4c14f42adc,https://api.robinhood.com/orders/16455224-92ac-42e6-a0ea-087020ea103d/,https://api.robinhood.com/accounts/5SE25445/,fa785cc9-e75d-40e1-ad49-9dad4a009457,https://api.robinhood.com/positions/5SE25445/18c7a7ad-3527-47b4-84b4-ce4db0106531/,,https://api.robinhood.com/instruments/18c7a7ad-3527-47b4-84b4-ce4db0106531/,18c7a7ad-3527-47b4-84b4-ce4db0106531,1.00000000,90.45000000,0.02,filled,filled,,market,sell,gfd,immediate,,,1.00000000,,2019-09-25T16:08:41.391734Z,2019-09-25T16:08:42.207787Z,2019-09-25T16:08:41.742000Z,"[{'price': '90.45020000', 'quantity': '1.00000000', 'rounded_notional': None, 'settlement_date': '2019-09-27', 'timestamp': '2019-09-25T16:08:41.742000Z', 'id': '89c1386c-d296-49b8-b7a8-a310a7ff68f5', 'ipo_access_execution_rank': None, 'trade_execution_date': None}]",False,,False,False,,,,,,,,,"{'amount': '90.45', 'currency_code': 'USD', 'currency_id': '1072fc76-1862-41ab-82c2-485837590762'}",,False,,,,,,False,True,False,True,0,,,2.0,user,False,,order_finalized,,
ebf55f48-09ec-482a-a903-68cbfb33eacb,01fc0e17-4dd5-4686-a72b-db1f6ffb40db,https://api.robinhood.com/orders/ebf55f48-09ec-482a-a903-68cbfb33eacb/,https://api.robinhood.com/accounts/5SE25445/,fa785cc9-e75d-40e1-ad49-9dad4a009457,https://api.robinhood.com/positions/5SE25445/9a5095d4-628d-4edf-a803-389731e35fb8/,,https://api.robinhood.com/instruments/9a5095d4-628d-4edf-a803-389731e35fb8/,9a5095d4-628d-4edf-a803-389731e35fb8,1.00000000,17.30000000,0.00,filled,filled,,market,buy,gfd,immediate,18.19000000,,1.00000000,,2019-09-24T13:50:30.194273Z,2019-09-24T13:50:30.795852Z,2019-09-24T13:50:30.370000Z,"[{'price': '17.29990000', 'quantity': '1.00000000', 'rounded_notional': None, 'settlement_date': '2019-09-26', 'timestamp': '2019-09-24T13:50:30.370000Z', 'id': 'e3dcd6bf-d79e-490d-ab48-431c1a7a1fc5', 'ipo_access_execution_rank': None, 'trade_execution_date': None}]",False,,False,False,,,,,,,,"{'amount': '18.19', 'currency_code': 'USD', 'currency_id': '1072fc76-1862-41ab-82c2-485837590762'}","{'amount': '17.30', 'currency_code': 'USD', 'currency_id': '1072fc76-1862-41ab-82c2-485837590762'}",,False,,,,,,False,True,False,True,0,,,2.0,user,False,,order_finalized,,
4ffc6c14-cfd6-4373-9858-935f62ddede8,ea97aced-328b-46f6-a128-cc60e88a5fe9,https://api.robinhood.com/orders/4ffc6c14-cfd6-4373-9858-935f62ddede8/,https://api.robinhood.com/accounts/5SE25445/,fa785cc9-e75d-40e1-ad49-9dad4a009457,https://api.robinhood.com/positions/5SE25445/6461e073-d21d-4371-aaf0-d24e4e7657bc/,,https://api.robinhood.com/instruments/6461e073-d21d-4371-aaf0-d24e4e7657bc/,6461e073-d21d-4371-aaf0-d24e4e7657bc,1.00000000,19.27000000,0.00,filled,filled,,market,buy,gfd,immediate,20.00000000,,1.00000000,,2019-09-24T13:50:06.860655Z,2019-09-24T13:50:07.446360Z,2019-09-24T13:50:07.002000Z,"[{'price': '19.27000000', 'quantity': '1.00000000', 'rounded_notional': None, 'settlement_date': '2019-09-26', 'timestamp': '2019-09-24T13:50:07.002000Z', 'id': 'b0ffd0b5-7763-40d8-a11f-dddf820de749', 'ipo_access_execution_rank': None, 'trade_execution_date': None}]",False,,False,False,,,,,,,,"{'amount': '20.00', 'currency_code': 'USD', 'currency_id': '1072fc76-1862-41ab-82c2-485837590762'}","{'amount': '19.27', 'currency_code': 'USD', 'currency_id': '1072fc76-1862-41ab-82c2-485837590762'}",,False,,,,,,False,True,False,True,0,,,2.0,user,False,,order_finalized,,
37c9c243-e579-4974-b2dc-1c3a1028c389,d9fae508-17a8-4323-8411-4ff69bfe5d29,https://api.robinhood.com/orders/37c9c243-e579-4974-b2dc-1c3a1028c389/,https://api.robinhood.com/accounts/5SE25445/,fa785cc9-e75d-40e1-ad49-9dad4a009457,https://api.robinhood.com/positions/5SE25445/ef99a2c4-adb2-4163-a2df-2d5722cc75b7/,,https://api.robinhood.com/instruments/ef99a2c4-adb2-4163-a2df-2d5722cc75b7/,ef99a2c4-adb2-4163-a2df-2d5722cc75b7,6.00000000,2.77500000,0.00,filled,filled,,market,buy,gfd,immediate,2.91000000,,6.00000000,,2019-09-24T13:49:22.529592Z,2019-09-24T13:49:23.405835Z,2019-09-24T13:49:22.706000Z,"[{'price': '2.77500000', 'quantity': '6.00000000', 'rounded_notional': None, 'settlement_date': '2019-09-26', 'timestamp': '2019-09-24T13:49:22.706000Z', 'id': '4bfd16ec-aa91-4191-847e-be2ab1da4541', 'ipo_access_execution_rank': None, 'trade_execution_date': None}]",False,,False,False,,,,,,,,"{'amount': '17.46', 'currency_code': 'USD', 'currency_id': '1072fc76-1862-41ab-82c2-485837590762'}","{'amount': '16.65', 'currency_code': 'USD', 'currency_id': '1072fc76-1862-41ab-82c2-485837590762'}",,False,,,,,,False,True,False,True,0,,,2.0,user,False,,order_finalized,,
374aa784-f823-4e73-82b0-bf23298f141d,4e03dcb9-d389-41d7-8b51-bd7ce4225cb6,https://api.robinhood.com/orders/374aa784-f823-4e73-82b0-bf23298f141d/,https://api.robinhood.com/accounts/5SE25445/,fa785cc9-e75d-40e1-ad49-9dad4a009457,https://api.robinhood.com/positions/5SE25445/ef99a2c4-adb2-4163-a2df-2d5722cc75b7/,,https://api.robinhood.com/instruments/ef99a2c4-adb2-4163-a2df-2d5722cc75b7/,ef99a2c4-adb2-4163-a2df-2d5722cc75b7,1.00000000,2.78000000,0.00,filled,filled,,market,buy,gfd,immediate,2.92000000,,1.00000000,,2019-09-23T18:58:40.337302Z,2019-09-23T18:58:40.947915Z,2019-09-23T18:58:40.470000Z,"[{'price': '2.78000000', 'quantity': '1.00000000', 'rounded_notional': None, 'settlement_date': '2019-09-25', 'timestamp': '2019-09-23T18:58:40.470000Z', 'id': 'efded089-9f7c-4b58-a0a2-e4b1aaf04ab8', 'ipo_access_execution_rank': None, 'trade_execution_date': None}]",False,,False,False,,,,,,,,"{'amount': '2.92', 'currency_code': 'USD', 'currency_id': '1072fc76-1862-41ab-82c2-485837590762'}","{'amount': '2.78', 'currency_code': 'USD', 'currency_id': '1072fc76-1862-41ab-82c2-485837590762'}",,False,,,,,,False,True,False,True,0,,,2.0,user,False,,order_finalized,,
6ee69540-23f2-47ae-84f4-88e7b37de9df,522dc800-32ec-4178-ba3e-2d3b584b96b2,https://api.robinhood.com/orders/6ee69540-23f2-47ae-84f4-88e7b37de9df/,https://api.robinhood.com/accounts/5SE25445/,fa785cc9-e75d-40e1-ad49-9dad4a009457,https://api.robinhood.com/positions/5SE25445/6461e073-d21d-4371-aaf0-d24e4e7657bc/,,https://api.robinhood.com/instruments/6461e073-d21d-4371-aaf0-d24e4e7657bc/,6461e073-d21d-4371-aaf0-d24e4e7657bc,1.00000000,18.97000000,0.00,filled,filled,,market,buy,gfd,immediate,19.89000000,,1.00000000,,2019-09-23T18:58:14.414206Z,2019-09-23T18:58:14.959330Z,2019-09-23T18:58:14.514000Z,"[{'price': '18.96510000', 'quantity': '1.00000000', 'rounded_notional': None, 'settlement_date': '2019-09-25', 'timestamp': '2019-09-23T18:58:14.514000Z', 'id': '13032958-5122-439f-b88f-88ffdd3c8aec', 'ipo_access_execution_rank': None, 'trade_execution_date': None}]",False,,False,False,,,,,,,,"{'amount': '19.89', 'currency_code': 'USD', 'currency_id': '1072fc76-1862-41ab-82c2-485837590762'}","{'amount': '18.97', 'currency_code': 'USD', 'currency_id': '1072fc76-1862-41ab-82c2-485837590762'}",,False,,,,,,False,True,False,True,0,,,2.0,user,False,,order_finalized,,
af1f1e7d-e8c6-4345-a7e5-e39086011528,5d7b51fe-d7d7-4f34-9122-1e50d86573af,https://api.robinhood.com/orders/af1f1e7d-e8c6-4345-a7e5-e39086011528/,https://api.robinhood.com/accounts/5SE25445/,fa785cc9-e75d-40e1-ad49-9dad4a009457,https://api.robinhood.com/positions/5SE25445/ef99a2c4-adb2-4163-a2df-2d5722cc75b7/,,https://api.robinhood.com/instruments/ef99a2c4-adb2-4163-a2df-2d5722cc75b7/,ef99a2c4-adb2-4163-a2df-2d5722cc75b7,4.00000000,2.78000000,0.00,filled,filled,,market,buy,gfd,immediate,2.92000000,,4.00000000,,2019-09-23T18:57:58.975362Z,2019-09-23T18:57:59.493232Z,2019-09-23T18:57:59.068000Z,"[{'price': '2.78000000', 'quantity': '4.00000000', 'rounded_notional': None, 'settlement_date': '2019-09-25', 'timestamp': '2019-09-23T18:57:59.068000Z', 'id': 'ba18ac21-61cf-480b-b415-013f89f57afc', 'ipo_access_execution_rank': None, 'trade_execution_date': None}]",False,,False,False,,,,,,,,"{'amount': '11.68', 'currency_code': 'USD', 'currency_id': '1072fc76-1862-41ab-82c2-485837590762'}","{'amount': '11.12', 'currency_code': 'USD', 'currency_id': '1072fc76-1862-41ab-82c2-485837590762'}",,False,,,,,,False,True,False,True,0,,,2.0,user,False,,order_finalized,,
04f926d9-2d4b-425a-b66f-f20624ce4d38,4ac64d15-0300-49a1-9006-7add67dad984,https://api.robinhood.com/orders/04f926d9-2d4b-425a-b66f-f20624ce4d38/,https://api.robinhood.com/accounts/5SE25445/,fa785cc9-e75d-40e1-ad49-9dad4a009457,https://api.robinhood.com/positions/5SE25445/6df56bd0-0bf2-44ab-8875-f94fd8526942/,,https://api.robinhood.com/instruments/6df56bd0-0bf2-44ab-8875-f94fd8526942/,6df56bd0-0bf2-44ab-8875-f94fd8526942,1.00000000,9.21000000,0.00,filled,filled,,market,buy,gfd,immediate,9.66000000,,1.00000000,,2019-09-23T18:57:44.053145Z,2019-09-23T18:57:44.667908Z,2019-09-23T18:57:44.215000Z,"[{'price': '9.21000000', 'quantity': '1.00000000', 'rounded_notional': None, 'settlement_date': '2019-09-25', 'timestamp': '2019-09-23T18:57:44.215000Z', 'id': '5f78144d-5ea8-4c96-a359-f4d473986651', 'ipo_access_execution_rank': None, 'trade_execution_date': None}]",False,,False,False,,,,,,,,"{'amount': '9.66', 'currency_code': 'USD', 'currency_id': '1072fc76-1862-41ab-82c2-485837590762'}","{'amount': '9.21', 'currency_code': 'USD', 'currency_id': '1072fc76-1862-41ab-82c2-485837590762'}",,False,,,,,,False,True,False,True,0,,,2.0,user,False,,order_finalized,,
12f26357-eee6-4c74-85c2-216ca7f41b45,4b00801f-4183-48cb-a810-969817094cfe,https://api.robinhood.com/orders/12f26357-eee6-4c74-85c2-216ca7f41b45/,https://api.robinhood.com/accounts/5SE25445/,fa785cc9-e75d-40e1-ad49-9dad4a009457,https://api.robinhood.com/positions/5SE25445/c60f85db-c9d5-481e-aa2f-77af53d61ccf/,,https://api.robinhood.com/instruments/c60f85db-c9d5-481e-aa2f-77af53d61ccf/,c60f85db-c9d5-481e-aa2f-77af53d61ccf,1.00000000,28.62000000,0.02,filled,filled,,market,sell,gfd,immediate,,,1.00000000,,2019-09-23T18:57:20.257976Z,2019-09-23T18:57:21.101700Z,2019-09-23T18:57:20.461000Z,"[{'price': '28.62000000', 'quantity': '1.00000000', 'rounded_notional': None, 'settlement_date': '2019-09-25', 'timestamp': '2019-09-23T18:57:20.461000Z', 'id': '02bb9cbd-8e09-4764-8b1b-a082497cba2e', 'ipo_access_execution_rank': None, 'trade_execution_date': None}]",False,,False,False,,,,,,,,,"{'amount': '28.62', 'currency_code': 'USD', 'currency_id': '1072fc76-1862-41ab-82c2-485837590762'}",,False,,,,,,False,True,False,True,0,,,2.0,user,False,,order_finalized,,
9530f632-069b-4911-850c-2ddbdaa5f235,c5f66277-2361-4d45-8d9c-7057ca15f8c7,https://api.robinhood.com/orders/9530f632-069b-4911-850c-2ddbdaa5f235/,https://api.robinhood.com/accounts/5SE25445/,fa785cc9-e75d-40e1-ad49-9dad4a009457,https://api.robinhood.com/positions/5SE25445/f5d6a9ec-f1a6-4b22-a976-d255730992cf/,,https://api.robinhood.com/instruments/f5d6a9ec-f1a6-4b22-a976-d255730992cf/,f5d6a9ec-f1a6-4b22-a976-d255730992cf,4.00000000,4.20000000,0.02,filled,filled,,market,sell,gfd,immediate,,,4.00000000,,2019-09-23T18:56:52.750716Z,2019-09-23T18:56:53.373415Z,2019-09-23T18:56:52.891000Z,"[{'price': '4.20000000', 'quantity': '4.00000000', 'rounded_notional': None, 'settlement_date': '2019-09-25', 'timestamp': '2019-09-23T18:56:52.891000Z', 'id': '38ee2a0c-c511-442e-8b33-68fea30bb70c', 'ipo_access_execution_rank': None, 'trade_execution_date': None}]",False,,False,False,,,,,,,,,"{'amount': '16.80', 'currency_code': 'USD', 'currency_id': '1072fc76-1862-41ab-82c2-485837590762'}",,False,,,,,,False,True,False,True,0,,,2.0,user,False,,order_finalized,,
785ddee6-946c-4919-90a9-1a91f06cb2d9,fea736e4-448a-4ed8-9938-ebb328ee0cc7,https://api.robinhood.com/orders/785ddee6-946c-4919-90a9-1a91f06cb2d9/,https://api.robinhood.com/accounts/5SE25445/,fa785cc9-e75d-40e1-ad49-9dad4a009457,https://api.robinhood.com/positions/5SE25445/24c5514d-604a-4fbb-8069-2e0765228297/,,https://api.robinhood.com/instruments/24c5514d-604a-4fbb-8069-2e0765228297/,24c5514d-604a-4fbb-8069-2e0765228297,1.00000000,5.92000000,0.02,filled,filled,,market,sell,gfd,immediate,,,1.00000000,,2019-09-23T18:56:38.316261Z,2019-09-23T18:56:39.005666Z,2019-09-23T18:56:38.515000Z,"[{'price': '5.92100000', 'quantity': '1.00000000', 'rounded_notional': None, 'settlement_date': '2019-09-25', 'timestamp': '2019-09-23T18:56:38.515000Z', 'id': 'ab9b745d-303d-419b-92c3-d3af7617ed75', 'ipo_access_execution_rank': None, 'trade_execution_date': None}]",False,,False,False,,,,,,,,,"{'amount': '5.92', 'currency_code': 'USD', 'currency_id': '1072fc76-1862-41ab-82c2-485837590762'}",,False,,,,,,False,True,False,True,0,,,2.0,user,False,,order_finalized,,
80e679e9-89d2-4c88-b3c2-12de218d6f73,b19efe09-9f39-47c0-8582-157760d97f54,https://api.robinhood.com/orders/80e679e9-89d2-4c88-b3c2-12de218d6f73/,https://api.robinhood.com/accounts/5SE25445/,fa785cc9-e75d-40e1-ad49-9dad4a009457,https://api.robinhood.com/positions/5SE25445/d450aa90-db8a-4b4b-8b61-10440c9b931c/,,https://api.robinhood.com/instruments/d450aa90-db8a-4b4b-8b61-10440c9b931c/,d450aa90-db8a-4b4b-8b61-10440c9b931c,1.00000000,15.94000000,0.02,filled,filled,,market,sell,gfd,immediate,,,1.00000000,,2019-09-19T16:34:49.617628Z,2019-09-19T16:34:50.256696Z,2019-09-19T16:34:49.807000Z,"[{'price': '15.93660000', 'quantity': '1.00000000', 'rounded_notional': None, 'settlement_date': '2019-09-23', 'timestamp': '2019-09-19T16:34:49.807000Z', 'id': 'da0acdd9-09ff-4b75-8498-c37120c72f0b', 'ipo_access_execution_rank': None, 'trade_execution_date': None}]",False,,False,False,,,,,,,,,"{'amount': '15.94', 'currency_code': 'USD', 'currency_id': '1072fc76-1862-41ab-82c2-485837590762'}",,False,,,,,,False,True,False,True,0,,,2.0,user,False,,order_finalized,,
289ca038-4477-4cef-ba87-17adc34890b3,64c1ab65-5aa6-4f09-b4d9-b0e0faf19edd,https://api.robinhood.com/orders/289ca038-4477-4cef-ba87-17adc34890b3/,https://api.robinhood.com/accounts/5SE25445/,fa785cc9-e75d-40e1-ad49-9dad4a009457,https://api.robinhood.com/positions/5SE25445/71d81e7d-783c-4b8c-b574-ee50fcc4ce3a/,,https://api.robinhood.com/instruments/71d81e7d-783c-4b8c-b574-ee50fcc4ce3a/,71d81e7d-783c-4b8c-b574-ee50fcc4ce3a,4.00000000,5.19500000,0.02,filled,filled,,market,sell,gfd,immediate,,,4.00000000,,2019-09-19T16:34:21.802560Z,2019-09-19T16:34:22.584976Z,2019-09-19T16:34:22.053000Z,"[{'price': '5.19500000', 'quantity': '4.00000000', 'rounded_notional': None, 'settlement_date': '2019-09-23', 'timestamp': '2019-09-19T16:34:22.053000Z', 'id': '317fd1f7-4fff-4546-91d1-f4f0a97d74f1', 'ipo_access_execution_rank': None, 'trade_execution_date': None}]",False,,False,False,,,,,,,,,"{'amount': '20.78', 'currency_code': 'USD', 'currency_id': '1072fc76-1862-41ab-82c2-485837590762'}",,False,,,,,,False,True,False,True,0,,,2.0,user,False,,order_finalized,,
f4863306-3716-47d4-b134-9b5c477be5d6,e1faf412-e57e-4e97-86ef-3822aafc538b,https://api.robinhood.com/orders/f4863306-3716-47d4-b134-9b5c477be5d6/,https://api.robinhood.com/accounts/5SE25445/,fa785cc9-e75d-40e1-ad49-9dad4a009457,https://api.robinhood.com/positions/5SE25445/f5d6a9ec-f1a6-4b22-a976-d255730992cf/,,https://api.robinhood.com/instruments/f5d6a9ec-f1a6-4b22-a976-d255730992cf/,f5d6a9ec-f1a6-4b22-a976-d255730992cf,4.00000000,4.58500000,0.00,filled,filled,,market,buy,gfd,immediate,4.81000000,,4.00000000,,2019-09-17T15:50:02.983842Z,2019-09-17T15:50:03.634344Z,2019-09-17T15:50:03.153000Z,"[{'price': '4.58500000', 'quantity': '4.00000000', 'rounded_notional': None, 'settlement_date': '2019-09-19', 'timestamp': '2019-09-17T15:50:03.153000Z', 'id': 'df7a2f15-6a33-4858-8a41-e237567aa71e', 'ipo_access_execution_rank': None, 'trade_execution_date': None}]",False,,False,False,,,,,,,,"{'amount': '19.24', 'currency_code': 'USD', 'currency_id': '1072fc76-1862-41ab-82c2-485837590762'}","{'amount': '18.34', 'currency_code': 'USD', 'currency_id': '1072fc76-1862-41ab-82c2-485837590762'}",,False,,,,,,False,True,False,True,0,,,2.0,user,False,,order_finalized,,
898479b1-34f3-4a3b-9840-83afe43a943b,adb9c396-2b90-4ea0-ba31-c2e50fcad018,https://api.robinhood.com/orders/898479b1-34f3-4a3b-9840-83afe43a943b/,https://api.robinhood.com/accounts/5SE25445/,fa785cc9-e75d-40e1-ad49-9dad4a009457,https://api.robinhood.com/positions/5SE25445/d450aa90-db8a-4b4b-8b61-10440c9b931c/,,https://api.robinhood.com/instruments/d450aa90-db8a-4b4b-8b61-10440c9b931c/,d450aa90-db8a-4b4b-8b61-10440c9b931c,1.00000000,15.86000000,0.00,filled,filled,,market,buy,gfd,immediate,16.64000000,,1.00000000,,2019-09-16T15:27:29.607406Z,2019-09-16T15:27:30.176197Z,2019-09-16T15:27:29.720000Z,"[{'price': '15.85770000', 'quantity': '1.00000000', 'rounded_notional': None, 'settlement_date': '2019-09-18', 'timestamp': '2019-09-16T15:27:29.720000Z', 'id': '71ecab0d-0955-468d-ab24-7f4251a8c75e', 'ipo_access_execution_rank': None, 'trade_execution_date': None}]",False,,False,False,,,,,,,,"{'amount': '16.64', 'currency_code': 'USD', 'currency_id': '1072fc76-1862-41ab-82c2-485837590762'}","{'amount': '15.86', 'currency_code': 'USD', 'currency_id': '1072fc76-1862-41ab-82c2-485837590762'}",,False,,,,,,False,True,False,True,0,,,2.0,user,False,,order_finalized,,
0a970c43-80e2-4a69-9cde-3af6cb41fd5d,47978c99-91d9-489b-b5f6-32535bdd73ba,https://api.robinhood.com/orders/0a970c43-80e2-4a69-9cde-3af6cb41fd5d/,https://api.robinhood.com/accounts/5SE25445/,fa785cc9-e75d-40e1-ad49-9dad4a009457,https://api.robinhood.com/positions/5SE25445/dbaa862d-2121-4648-bb63-c610f2903bad/,,https://api.robinhood.com/instruments/dbaa862d-2121-4648-bb63-c610f2903bad/,dbaa862d-2121-4648-bb63-c610f2903bad,1.00000000,5.98000000,0.00,filled,filled,,market,buy,gfd,immediate,6.27000000,,1.00000000,,2019-09-16T14:50:03.784533Z,2019-09-16T14:50:04.408050Z,2019-09-16T14:50:03.942000Z,"[{'price': '5.97520000', 'quantity': '1.00000000', 'rounded_notional': None, 'settlement_date': '2019-09-18', 'timestamp': '2019-09-16T14:50:03.942000Z', 'id': 'e8648486-dfc0-4dc9-89d1-d9cd14498a2b', 'ipo_access_execution_rank': None, 'trade_execution_date': None}]",False,,False,False,,,,,,,,"{'amount': '6.27', 'currency_code': 'USD', 'currency_id': '1072fc76-1862-41ab-82c2-485837590762'}","{'amount': '5.98', 'currency_code': 'USD', 'currency_id': '1072fc76-1862-41ab-82c2-485837590762'}",,False,,,,,,False,True,False,True,0,,,2.0,user,False,,order_finalized,,
f6693ee4-fdb0-4192-ab13-a33dfe1f8f7f,c8f80049-e345-4e1b-ba0f-e478bd998022,https://api.robinhood.com/orders/f6693ee4-fdb0-4192-ab13-a33dfe1f8f7f/,https://api.robinhood.com/accounts/5SE25445/,fa785cc9-e75d-40e1-ad49-9dad4a009457,https://api.robinhood.com/positions/5SE25445/c60f85db-c9d5-481e-aa2f-77af53d61ccf/,,https://api.robinhood.com/instruments/c60f85db-c9d5-481e-aa2f-77af53d61ccf/,c60f85db-c9d5-481e-aa2f-77af53d61ccf,1.00000000,29.91000000,0.00,filled,filled,,market,buy,gfd,immediate,31.38000000,,1.00000000,,2019-09-16T14:48:03.602032Z,2019-09-16T14:48:04.196610Z,2019-09-16T14:48:03.712000Z,"[{'price': '29.90860000', 'quantity': '1.00000000', 'rounded_notional': None, 'settlement_date': '2019-09-18', 'timestamp': '2019-09-16T14:48:03.712000Z', 'id': '6b77da8e-3949-45db-a4da-fb409f18ebea', 'ipo_access_execution_rank': None, 'trade_execution_date': None}]",False,,False,False,,,,,,,,"{'amount': '31.38', 'currency_code': 'USD', 'currency_id': '1072fc76-1862-41ab-82c2-485837590762'}","{'amount': '29.91', 'currency_code': 'USD', 'currency_id': '1072fc76-1862-41ab-82c2-485837590762'}",,False,,,,,,False,True,False,True,0,,,2.0,user,False,,order_finalized,,
74a32472-5936-4037-81c1-0d7d6c16a6b7,c1fbb45d-f076-4260-a15e-d537e502a4b6,https://api.robinhood.com/orders/74a32472-5936-4037-81c1-0d7d6c16a6b7/,https://api.robinhood.com/accounts/5SE25445/,fa785cc9-e75d-40e1-ad49-9dad4a009457,https://api.robinhood.com/positions/5SE25445/24c5514d-604a-4fbb-8069-2e0765228297/,,https://api.robinhood.com/instruments/24c5514d-604a-4fbb-8069-2e0765228297/,24c5514d-604a-4fbb-8069-2e0765228297,1.00000000,6.50000000,0.00,filled,filled,,market,buy,gfd,immediate,6.82000000,,1.00000000,,2019-09-16T14:47:33.035867Z,2019-09-16T14:47:33.594762Z,2019-09-16T14:47:33.142000Z,"[{'price': '6.50000000', 'quantity': '1.00000000', 'rounded_notional': None, 'settlement_date': '2019-09-18', 'timestamp': '2019-09-16T14:47:33.142000Z', 'id': 'aa57409b-dbf2-4e39-bc83-95d37b2f679b', 'ipo_access_execution_rank': None, 'trade_execution_date': None}]",False,,False,False,,,,,,,,"{'amount': '6.82', 'currency_code': 'USD', 'currency_id': '1072fc76-1862-41ab-82c2-485837590762'}","{'amount': '6.50', 'currency_code': 'USD', 'currency_id': '1072fc76-1862-41ab-82c2-485837590762'}",,False,,,,,,False,True,False,True,0,,,2.0,user,False,,order_finalized,,
3ee940d9-c62d-48a1-95b4-0fdd653c4e73,ca8bf442-7988-43d7-94fc-5141475f6039,https://api.robinhood.com/orders/3ee940d9-c62d-48a1-95b4-0fdd653c4e73/,https://api.robinhood.com/accounts/5SE25445/,fa785cc9-e75d-40e1-ad49-9dad4a009457,https://api.robinhood.com/positions/5SE25445/f786c13a-e28f-42a2-8e0e-c7e479688136/,,https://api.robinhood.com/instruments/f786c13a-e28f-42a2-8e0e-c7e479688136/,f786c13a-e28f-42a2-8e0e-c7e479688136,4.00000000,4.27000000,0.02,filled,filled,,market,sell,gfd,immediate,,,4.00000000,,2019-09-16T14:39:46.185847Z,2019-09-16T14:39:46.839054Z,2019-09-16T14:39:46.383000Z,"[{'price': '4.27020000', 'quantity': '4.00000000', 'rounded_notional': None, 'settlement_date': '2019-09-18', 'timestamp': '2019-09-16T14:39:46.383000Z', 'id': '32b2438a-bebe-4657-ac93-4ad4d566ce60', 'ipo_access_execution_rank': None, 'trade_execution_date': None}]",False,,False,False,,,,,,,,,"{'amount': '17.08', 'currency_code': 'USD', 'currency_id': '1072fc76-1862-41ab-82c2-485837590762'}",,False,,,,,,False,True,False,True,0,,,2.0,user,False,,order_finalized,,
ef930e74-ebfe-4ee5-8d42-bb675769a9a6,0e455205-a26b-4e6b-bef6-93969b05873b,https://api.robinhood.com/orders/ef930e74-ebfe-4ee5-8d42-bb675769a9a6/,https://api.robinhood.com/accounts/5SE25445/,fa785cc9-e75d-40e1-ad49-9dad4a009457,https://api.robinhood.com/positions/5SE25445/f5d6a9ec-f1a6-4b22-a976-d255730992cf/,,https://api.robinhood.com/instruments/f5d6a9ec-f1a6-4b22-a976-d255730992cf/,f5d6a9ec-f1a6-4b22-a976-d255730992cf,6.00000000,4.89000000,0.02,filled,filled,,market,sell,gfd,immediate,,,6.00000000,,2019-09-16T14:39:31.158433Z,2019-09-16T14:39:31.727494Z,2019-09-16T14:39:31.295000Z,"[{'price': '4.89000000', 'quantity': '6.00000000', 'rounded_notional': None, 'settlement_date': '2019-09-18', 'timestamp': '2019-09-16T14:39:31.295000Z', 'id': '03063f7b-91c3-4a26-beb9-d7cf505b8fdb', 'ipo_access_execution_rank': None, 'trade_execution_date': None}]",False,,False,False,,,,,,,,,"{'amount': '29.34', 'currency_code': 'USD', 'currency_id': '1072fc76-1862-41ab-82c2-485837590762'}",,False,,,,,,False,True,False,True,0,,,2.0,user,False,,order_finalized,,
e92efabb-fcb6-438d-8a6b-b37d40267812,7603bfa1-1fae-499b-b4d2-4265cf259948,https://api.robinhood.com/orders/e92efabb-fcb6-438d-8a6b-b37d40267812/,https://api.robinhood.com/accounts/5SE25445/,fa785cc9-e75d-40e1-ad49-9dad4a009457,https://api.robinhood.com/positions/5SE25445/71d81e7d-783c-4b8c-b574-ee50fcc4ce3a/,,https://api.robinhood.com/instruments/71d81e7d-783c-4b8c-b574-ee50fcc4ce3a/,71d81e7d-783c-4b8c-b574-ee50fcc4ce3a,3.00000000,5.68670000,0.00,filled,filled,,market,buy,gfd,immediate,5.96000000,,3.00000000,,2019-09-16T14:37:41.487545Z,2019-09-16T14:37:42.013758Z,2019-09-16T14:37:41.580000Z,"[{'price': '5.68500000', 'quantity': '3.00000000', 'rounded_notional': None, 'settlement_date': '2019-09-18', 'timestamp': '2019-09-16T14:37:41.580000Z', 'id': 'd59b1dd9-a4f8-4608-9886-eccd20200896', 'ipo_access_execution_rank': None, 'trade_execution_date': None}]",False,,False,False,,,,,,,,"{'amount': '17.88', 'currency_code': 'USD', 'currency_id': '1072fc76-1862-41ab-82c2-485837590762'}","{'amount': '17.06', 'currency_code': 'USD', 'currency_id': '1072fc76-1862-41ab-82c2-485837590762'}",,False,,,,,,False,True,False,True,0,,,2.0,user,False,,order_finalized,,
513f9c75-8da0-4a4b-ae44-c75bd1731f0b,e3dad539-b1e4-4d4c-9bdc-3640f97bb82c,https://api.robinhood.com/orders/513f9c75-8da0-4a4b-ae44-c75bd1731f0b/,https://api.robinhood.com/accounts/5SE25445/,fa785cc9-e75d-40e1-ad49-9dad4a009457,https://api.robinhood.com/positions/5SE25445/f6fb4ac4-fd18-4d92-b8e9-475d6b3279ce/,,https://api.robinhood.com/instruments/f6fb4ac4-fd18-4d92-b8e9-475d6b3279ce/,f6fb4ac4-fd18-4d92-b8e9-475d6b3279ce,5.00000000,2.46000000,0.00,filled,filled,,limit,buy,gfd,immediate,2.46000000,,5.00000000,,2019-09-11T13:36:00.323948Z,2019-09-11T13:36:24.915075Z,2019-09-11T13:36:10.346000Z,"[{'price': '2.46000000', 'quantity': '5.00000000', 'rounded_notional': None, 'settlement_date': '2019-09-13', 'timestamp': '2019-09-11T13:36:10.346000Z', 'id': '4f04e48a-f2cc-4983-b2a0-e8fd8ad24d91', 'ipo_access_execution_rank': None, 'trade_execution_date': None}]",True,,False,False,,,,,,,,"{'amount': '12.30', 'currency_code': 'USD', 'currency_id': '1072fc76-1862-41ab-82c2-485837590762'}","{'amount': '12.30', 'currency_code': 'USD', 'currency_id': '1072fc76-1862-41ab-82c2-485837590762'}",,False,,,,,,False,True,False,True,0,,,2.0,user,False,,order_finalized,,
6a9ffe26-09a4-4340-b002-4300c5d127a0,be17e00c-23b0-4c20-9f7a-19f714411814,https://api.robinhood.com/orders/6a9ffe26-09a4-4340-b002-4300c5d127a0/,https://api.robinhood.com/accounts/5SE25445/,fa785cc9-e75d-40e1-ad49-9dad4a009457,https://api.robinhood.com/positions/5SE25445/18c7a7ad-3527-47b4-84b4-ce4db0106531/,,https://api.robinhood.com/instruments/18c7a7ad-3527-47b4-84b4-ce4db0106531/,18c7a7ad-3527-47b4-84b4-ce4db0106531,1.00000000,90.00000000,0.00,filled,filled,,market,buy,gfd,immediate,94.50000000,,1.00000000,,2019-09-10T19:31:53.715724Z,2019-09-10T19:31:56.139682Z,2019-09-10T19:31:53.827000Z,"[{'price': '90.00000000', 'quantity': '1.00000000', 'rounded_notional': None, 'settlement_date': '2019-09-12', 'timestamp': '2019-09-10T19:31:53.827000Z', 'id': 'b1caddbe-9b5d-4e60-bcae-f42f47cd7905', 'ipo_access_execution_rank': None, 'trade_execution_date': None}]",False,,False,False,,,,,,,,"{'amount': '94.50', 'currency_code': 'USD', 'currency_id': '1072fc76-1862-41ab-82c2-485837590762'}","{'amount': '90.00', 'currency_code': 'USD', 'currency_id': '1072fc76-1862-41ab-82c2-485837590762'}",,False,,,,,,False,True,False,True,0,,,2.0,user,False,,order_finalized,,
ce9474f2-5245-4df0-9543-bb9209a5b177,12e4e2c8-f2b5-4c96-b3da-dd94fa43f628,https://api.robinhood.com/orders/ce9474f2-5245-4df0-9543-bb9209a5b177/,https://api.robinhood.com/accounts/5SE25445/,fa785cc9-e75d-40e1-ad49-9dad4a009457,https://api.robinhood.com/positions/5SE25445/f786c13a-e28f-42a2-8e0e-c7e479688136/,,https://api.robinhood.com/instruments/f786c13a-e28f-42a2-8e0e-c7e479688136/,f786c13a-e28f-42a2-8e0e-c7e479688136,2.00000000,4.46000000,0.00,filled,filled,,market,buy,gfd,immediate,4.67000000,,2.00000000,,2019-09-10T19:30:03.206489Z,2019-09-10T19:30:05.411108Z,2019-09-10T19:30:03.329000Z,"[{'price': '4.45960000', 'quantity': '2.00000000', 'rounded_notional': None, 'settlement_date': '2019-09-12', 'timestamp': '2019-09-10T19:30:03.329000Z', 'id': '19ff0868-b47c-4105-9f01-23ac52a1cacb', 'ipo_access_execution_rank': None, 'trade_execution_date': None}]",False,,False,False,,,,,,,,"{'amount': '9.34', 'currency_code': 'USD', 'currency_id': '1072fc76-1862-41ab-82c2-485837590762'}","{'amount': '8.92', 'currency_code': 'USD', 'currency_id': '1072fc76-1862-41ab-82c2-485837590762'}",,False,,,,,,False,True,False,True,0,,,2.0,user,False,,order_finalized,,
605096e8-9451-4df9-92d6-9c716e2fc00b,1b459e1f-7f19-4001-b12c-c41ae16e5247,https://api.robinhood.com/orders/605096e8-9451-4df9-92d6-9c716e2fc00b/,https://api.robinhood.com/accounts/5SE25445/,fa785cc9-e75d-40e1-ad49-9dad4a009457,https://api.robinhood.com/positions/5SE25445/6df56bd0-0bf2-44ab-8875-f94fd8526942/,,https://api.robinhood.com/instruments/6df56bd0-0bf2-44ab-8875-f94fd8526942/,6df56bd0-0bf2-44ab-8875-f94fd8526942,2.00000000,9.35000000,0.00,filled,filled,,market,buy,gfd,immediate,9.81000000,,2.00000000,,2019-09-10T19:29:45.569768Z,2019-09-10T19:29:46.557048Z,2019-09-10T19:29:45.688000Z,"[{'price': '9.34990000', 'quantity': '2.00000000', 'rounded_notional': None, 'settlement_date': '2019-09-12', 'timestamp': '2019-09-10T19:29:45.688000Z', 'id': 'a34249ff-8ff3-47e7-9601-8fb579fdf738', 'ipo_access_execution_rank': None, 'trade_execution_date': None}]",False,,False,False,,,,,,,,"{'amount': '19.62', 'currency_code': 'USD', 'currency_id': '1072fc76-1862-41ab-82c2-485837590762'}","{'amount': '18.70', 'currency_code': 'USD', 'currency_id': '1072fc76-1862-41ab-82c2-485837590762'}",,False,,,,,,False,True,False,True,0,,,2.0,user,False,,order_finalized,,
a3e5421e-4fd9-4c1c-8226-8ea82700281f,67c776c6-3e9f-496b-830b-aa9b9dfe811c,https://api.robinhood.com/orders/a3e5421e-4fd9-4c1c-8226-8ea82700281f/,https://api.robinhood.com/accounts/5SE25445/,fa785cc9-e75d-40e1-ad49-9dad4a009457,https://api.robinhood.com/positions/5SE25445/9a5095d4-628d-4edf-a803-389731e35fb8/,,https://api.robinhood.com/instruments/9a5095d4-628d-4edf-a803-389731e35fb8/,9a5095d4-628d-4edf-a803-389731e35fb8,1.00000000,17.11000000,0.00,filled,filled,,market,buy,gfd,immediate,17.96000000,,1.00000000,,2019-09-10T19:29:05.890064Z,2019-09-10T19:29:06.444180Z,2019-09-10T19:29:05.993000Z,"[{'price': '17.10970000', 'quantity': '1.00000000', 'rounded_notional': None, 'settlement_date': '2019-09-12', 'timestamp': '2019-09-10T19:29:05.993000Z', 'id': 'e007cae1-842f-4aee-9ee9-faf6ade1a943', 'ipo_access_execution_rank': None, 'trade_execution_date': None}]",False,,False,False,,,,,,,,"{'amount': '17.96', 'currency_code': 'USD', 'currency_id': '1072fc76-1862-41ab-82c2-485837590762'}","{'amount': '17.11', 'currency_code': 'USD', 'currency_id': '1072fc76-1862-41ab-82c2-485837590762'}",,False,,,,,,False,True,False,True,0,,,2.0,user,False,,order_finalized,,
8d550eb5-2616-40bc-a8ff-b6b7193951ea,44985b44-722b-4f33-b8d4-af47f2a110f3,https://api.robinhood.com/orders/8d550eb5-2616-40bc-a8ff-b6b7193951ea/,https://api.robinhood.com/accounts/5SE25445/,fa785cc9-e75d-40e1-ad49-9dad4a009457,https://api.robinhood.com/positions/5SE25445/f5d6a9ec-f1a6-4b22-a976-d255730992cf/,,https://api.robinhood.com/instruments/f5d6a9ec-f1a6-4b22-a976-d255730992cf/,f5d6a9ec-f1a6-4b22-a976-d255730992cf,2.00000000,6.74000000,0.00,filled,filled,,market,buy,gfd,immediate,7.07000000,,2.00000000,,2019-09-10T19:28:47.004597Z,2019-09-10T19:28:47.524748Z,2019-09-10T19:28:47.112000Z,"[{'price': '6.73940000', 'quantity': '2.00000000', 'rounded_notional': None, 'settlement_date': '2019-09-12', 'timestamp': '2019-09-10T19:28:47.112000Z', 'id': '984d5841-7a0b-4437-8039-dd413c48ff5a', 'ipo_access_execution_rank': None, 'trade_execution_date': None}]",False,,False,False,,,,,,,,"{'amount': '14.14', 'currency_code': 'USD', 'currency_id': '1072fc76-1862-41ab-82c2-485837590762'}","{'amount': '13.48', 'currency_code': 'USD', 'currency_id': '1072fc76-1862-41ab-82c2-485837590762'}",,False,,,,,,False,True,False,True,0,,,2.0,user,False,,order_finalized,,
517be861-bb06-400c-8b9d-56cdebd21d0d,a37afd42-d1a2-4c45-8c0f-79ce3b17df67,https://api.robinhood.com/orders/517be861-bb06-400c-8b9d-56cdebd21d0d/,https://api.robinhood.com/accounts/5SE25445/,fa785cc9-e75d-40e1-ad49-9dad4a009457,https://api.robinhood.com/positions/5SE25445/ef99a2c4-adb2-4163-a2df-2d5722cc75b7/,,https://api.robinhood.com/instruments/ef99a2c4-adb2-4163-a2df-2d5722cc75b7/,ef99a2c4-adb2-4163-a2df-2d5722cc75b7,2.00000000,2.45500000,0.00,filled,filled,,market,buy,gfd,immediate,2.57000000,,2.00000000,,2019-09-10T19:28:30.358709Z,2019-09-10T19:28:32.509809Z,2019-09-10T19:28:30.499000Z,"[{'price': '2.45500000', 'quantity': '2.00000000', 'rounded_notional': None, 'settlement_date': '2019-09-12', 'timestamp': '2019-09-10T19:28:30.499000Z', 'id': '639820b2-6718-4547-b88a-8139bdf9ce03', 'ipo_access_execution_rank': None, 'trade_execution_date': None}]",False,,False,False,,,,,,,,"{'amount': '5.14', 'currency_code': 'USD', 'currency_id': '1072fc76-1862-41ab-82c2-485837590762'}","{'amount': '4.91', 'currency_code': 'USD', 'currency_id': '1072fc76-1862-41ab-82c2-485837590762'}",,False,,,,,,False,True,False,True,0,,,2.0,user,False,,order_finalized,,
ed371939-b6f3-4643-aa5e-12a55addd3fd,3ff2eff5-ed30-4b97-8ffa-90731ff2b605,https://api.robinhood.com/orders/ed371939-b6f3-4643-aa5e-12a55addd3fd/,https://api.robinhood.com/accounts/5SE25445/,fa785cc9-e75d-40e1-ad49-9dad4a009457,https://api.robinhood.com/positions/5SE25445/f5d6a9ec-f1a6-4b22-a976-d255730992cf/,,https://api.robinhood.com/instruments/f5d6a9ec-f1a6-4b22-a976-d255730992cf/,f5d6a9ec-f1a6-4b22-a976-d255730992cf,1.00000000,6.74000000,0.00,filled,filled,,market,buy,gfd,immediate,7.07000000,,1.00000000,,2019-09-10T19:28:04.794707Z,2019-09-10T19:28:05.448136Z,2019-09-10T19:28:04.960000Z,"[{'price': '6.73500000', 'quantity': '1.00000000', 'rounded_notional': None, 'settlement_date': '2019-09-12', 'timestamp': '2019-09-10T19:28:04.960000Z', 'id': 'dc3047fc-308b-4914-9a30-7d8e560ba1c4', 'ipo_access_execution_rank': None, 'trade_execution_date': None}]",False,,False,False,,,,,,,,"{'amount': '7.07', 'currency_code': 'USD', 'currency_id': '1072fc76-1862-41ab-82c2-485837590762'}","{'amount': '6.74', 'currency_code': 'USD', 'currency_id': '1072fc76-1862-41ab-82c2-485837590762'}",,False,,,,,,False,True,False,True,0,,,2.0,user,False,,order_finalized,,
62e97def-5071-49e5-8883-4358001a3c7a,a5afb65f-797d-4657-b804-abeec56f9619,https://api.robinhood.com/orders/62e97def-5071-49e5-8883-4358001a3c7a/,https://api.robinhood.com/accounts/5SE25445/,fa785cc9-e75d-40e1-ad49-9dad4a009457,https://api.robinhood.com/positions/5SE25445/f5d6a9ec-f1a6-4b22-a976-d255730992cf/,,https://api.robinhood.com/instruments/f5d6a9ec-f1a6-4b22-a976-d255730992cf/,f5d6a9ec-f1a6-4b22-a976-d255730992cf,1.00000000,6.74000000,0.00,filled,filled,,market,buy,gfd,immediate,7.07000000,,1.00000000,,2019-09-10T19:27:48.025871Z,2019-09-10T19:27:48.661898Z,2019-09-10T19:27:48.129000Z,"[{'price': '6.73500000', 'quantity': '1.00000000', 'rounded_notional': None, 'settlement_date': '2019-09-12', 'timestamp': '2019-09-10T19:27:48.129000Z', 'id': '08549aa6-dc69-4841-a2ab-b368a44e1925', 'ipo_access_execution_rank': None, 'trade_execution_date': None}]",False,,False,False,,,,,,,,"{'amount': '7.07', 'currency_code': 'USD', 'currency_id': '1072fc76-1862-41ab-82c2-485837590762'}","{'amount': '6.74', 'currency_code': 'USD', 'currency_id': '1072fc76-1862-41ab-82c2-485837590762'}",,False,,,,,,False,True,False,True,0,,,2.0,user,False,,order_finalized,,
d6b92a1f-e690-4674-8d02-7e078286bddc,184862ce-04c6-43ff-b203-a46ae4a72830,https://api.robinhood.com/orders/d6b92a1f-e690-4674-8d02-7e078286bddc/,https://api.robinhood.com/accounts/5SE25445/,fa785cc9-e75d-40e1-ad49-9dad4a009457,https://api.robinhood.com/positions/5SE25445/ef99a2c4-adb2-4163-a2df-2d5722cc75b7/,,https://api.robinhood.com/instruments/ef99a2c4-adb2-4163-a2df-2d5722cc75b7/,ef99a2c4-adb2-4163-a2df-2d5722cc75b7,1.00000000,2.46000000,0.00,filled,filled,,market,buy,gfd,immediate,2.57000000,,1.00000000,,2019-09-10T19:27:28.294418Z,2019-09-10T19:27:28.817757Z,2019-09-10T19:27:28.409000Z,"[{'price': '2.45500000', 'quantity': '1.00000000', 'rounded_notional': None, 'settlement_date': '2019-09-12', 'timestamp': '2019-09-10T19:27:28.409000Z', 'id': '59db02df-a387-46ad-9710-f6e7bef06d81', 'ipo_access_execution_rank': None, 'trade_execution_date': None}]",False,,False,False,,,,,,,,"{'amount': '2.57', 'currency_code': 'USD', 'currency_id': '1072fc76-1862-41ab-82c2-485837590762'}","{'amount': '2.46', 'currency_code': 'USD', 'currency_id': '1072fc76-1862-41ab-82c2-485837590762'}",,False,,,,,,False,True,False,True,0,,,2.0,user,False,,order_finalized,,
6c052430-9f5b-4c20-a948-4f0041131b2c,1814ce09-6192-45ab-a0fe-c489e7875cf1,https://api.robinhood.com/orders/6c052430-9f5b-4c20-a948-4f0041131b2c/,https://api.robinhood.com/accounts/5SE25445/,fa785cc9-e75d-40e1-ad49-9dad4a009457,https://api.robinhood.com/positions/5SE25445/938a3372-8fd2-49b9-bfbe-0d5f5a865676/,,https://api.robinhood.com/instruments/938a3372-8fd2-49b9-bfbe-0d5f5a865676/,938a3372-8fd2-49b9-bfbe-0d5f5a865676,1.00000000,19.79000000,0.00,filled,filled,,market,buy,gfd,immediate,20.76000000,,1.00000000,,2019-09-10T14:06:25.831693Z,2019-09-10T14:06:26.406127Z,2019-09-10T14:06:25.956000Z,"[{'price': '19.79000000', 'quantity': '1.00000000', 'rounded_notional': None, 'settlement_date': '2019-09-12', 'timestamp': '2019-09-10T14:06:25.956000Z', 'id': '752fcccc-a561-41f2-95b2-d468e870352e', 'ipo_access_execution_rank': None, 'trade_execution_date': None}]",False,,False,False,,,,,,,,"{'amount': '20.76', 'currency_code': 'USD', 'currency_id': '1072fc76-1862-41ab-82c2-485837590762'}","{'amount': '19.79', 'currency_code': 'USD', 'currency_id': '1072fc76-1862-41ab-82c2-485837590762'}",,False,,,,,,False,True,False,True,0,,,2.0,user,False,,order_finalized,,
5678c17b-2047-44ab-911c-ce0cda8c332a,092b32b8-0ec9-41a1-b243-f732784de28b,https://api.robinhood.com/orders/5678c17b-2047-44ab-911c-ce0cda8c332a/,https://api.robinhood.com/accounts/5SE25445/,fa785cc9-e75d-40e1-ad49-9dad4a009457,https://api.robinhood.com/positions/5SE25445/ef99a2c4-adb2-4163-a2df-2d5722cc75b7/,,https://api.robinhood.com/instruments/ef99a2c4-adb2-4163-a2df-2d5722cc75b7/,ef99a2c4-adb2-4163-a2df-2d5722cc75b7,10.00000000,2.42000000,0.02,filled,filled,,market,sell,gfd,immediate,,,10.00000000,,2019-09-10T13:49:21.876255Z,2019-09-10T13:49:22.685604Z,2019-09-10T13:49:22.218000Z,"[{'price': '2.41990000', 'quantity': '10.00000000', 'rounded_notional': None, 'settlement_date': '2019-09-12', 'timestamp': '2019-09-10T13:49:22.218000Z', 'id': '6856b938-fe0e-44f8-aa3d-57b904d57b98', 'ipo_access_execution_rank': None, 'trade_execution_date': None}]",False,,False,False,,,,,,,,,"{'amount': '24.20', 'currency_code': 'USD', 'currency_id': '1072fc76-1862-41ab-82c2-485837590762'}",,False,,,,,,False,True,False,True,0,,,2.0,user,False,,order_finalized,,
8012fa3b-1319-40e3-9ffe-7c6237573c2b,23d9c68d-57d1-4bac-914e-088b28892a45,https://api.robinhood.com/orders/8012fa3b-1319-40e3-9ffe-7c6237573c2b/,https://api.robinhood.com/accounts/5SE25445/,fa785cc9-e75d-40e1-ad49-9dad4a009457,https://api.robinhood.com/positions/5SE25445/6461e073-d21d-4371-aaf0-d24e4e7657bc/,,https://api.robinhood.com/instruments/6461e073-d21d-4371-aaf0-d24e4e7657bc/,6461e073-d21d-4371-aaf0-d24e4e7657bc,1.00000000,16.97000000,0.00,filled,filled,,market,buy,gfd,immediate,17.68000000,,1.00000000,,2019-09-09T14:11:22.389432Z,2019-09-09T14:11:22.983562Z,2019-09-09T14:11:22.503000Z,"[{'price': '16.97260000', 'quantity': '1.00000000', 'rounded_notional': None, 'settlement_date': '2019-09-11', 'timestamp': '2019-09-09T14:11:22.503000Z', 'id': 'e70aa7c6-58ce-474f-87aa-6c2b49dfa66c', 'ipo_access_execution_rank': None, 'trade_execution_date': None}]",False,,False,False,,,,,,,,"{'amount': '17.68', 'currency_code': 'USD', 'currency_id': '1072fc76-1862-41ab-82c2-485837590762'}","{'amount': '16.97', 'currency_code': 'USD', 'currency_id': '1072fc76-1862-41ab-82c2-485837590762'}",,False,,,,,,False,True,False,True,0,,,2.0,user,False,,order_finalized,,
d6f0c055-c97d-4405-a827-cb3d10bcf7fc,a5a979c6-b00c-4612-9591-61424606c2e0,https://api.robinhood.com/orders/d6f0c055-c97d-4405-a827-cb3d10bcf7fc/,https://api.robinhood.com/accounts/5SE25445/,fa785cc9-e75d-40e1-ad49-9dad4a009457,https://api.robinhood.com/positions/5SE25445/6df56bd0-0bf2-44ab-8875-f94fd8526942/,,https://api.robinhood.com/instruments/6df56bd0-0bf2-44ab-8875-f94fd8526942/,6df56bd0-0bf2-44ab-8875-f94fd8526942,3.00000000,9.56000000,0.02,filled,filled,,market,sell,gfd,immediate,,,3.00000000,,2019-09-09T14:10:20.723321Z,2019-09-09T14:10:21.612437Z,2019-09-09T14:10:21.171000Z,"[{'price': '9.56000000', 'quantity': '3.00000000', 'rounded_notional': None, 'settlement_date': '2019-09-11', 'timestamp': '2019-09-09T14:10:21.171000Z', 'id': '7b5c3602-a8b6-4ac7-98c5-5c6ba4de0bde', 'ipo_access_execution_rank': None, 'trade_execution_date': None}]",False,,False,False,,,,,,,,,"{'amount': '28.68', 'currency_code': 'USD', 'currency_id': '1072fc76-1862-41ab-82c2-485837590762'}",,False,,,,,,False,True,False,True,0,,,2.0,user,False,,order_finalized,,
0756a249-960d-4bb4-9373-03d13d0af754,5e0c0a33-5584-4011-9e10-6237c1ef80fb,https://api.robinhood.com/orders/0756a249-960d-4bb4-9373-03d13d0af754/,https://api.robinhood.com/accounts/5SE25445/,fa785cc9-e75d-40e1-ad49-9dad4a009457,https://api.robinhood.com/positions/5SE25445/39ff611b-84e7-425b-bfb8-6fe2a983fcf3/,,https://api.robinhood.com/instruments/39ff611b-84e7-425b-bfb8-6fe2a983fcf3/,39ff611b-84e7-425b-bfb8-6fe2a983fcf3,1.00000000,8.96000000,0.00,filled,filled,,market,buy,gfd,immediate,9.40000000,,1.00000000,,2019-09-09T14:08:40.709009Z,2019-09-09T14:08:41.319846Z,2019-09-09T14:08:40.861000Z,"[{'price': '8.95990000', 'quantity': '1.00000000', 'rounded_notional': None, 'settlement_date': '2019-09-11', 'timestamp': '2019-09-09T14:08:40.861000Z', 'id': 'af1a72b6-fc1a-4bfa-af61-751f29be1998', 'ipo_access_execution_rank': None, 'trade_execution_date': None}]",False,,False,False,,,,,,,,"{'amount': '9.40', 'currency_code': 'USD', 'currency_id': '1072fc76-1862-41ab-82c2-485837590762'}","{'amount': '8.96', 'currency_code': 'USD', 'currency_id': '1072fc76-1862-41ab-82c2-485837590762'}",,False,,,,,,False,True,False,True,0,,,2.0,user,False,,order_finalized,,
24d97807-7e55-4cb7-9860-9af0bcf78332,5cbb4107-5679-4f3d-95de-204e2b843208,https://api.robinhood.com/orders/24d97807-7e55-4cb7-9860-9af0bcf78332/,https://api.robinhood.com/accounts/5SE25445/,fa785cc9-e75d-40e1-ad49-9dad4a009457,https://api.robinhood.com/positions/5SE25445/f5d6a9ec-f1a6-4b22-a976-d255730992cf/,,https://api.robinhood.com/instruments/f5d6a9ec-f1a6-4b22-a976-d255730992cf/,f5d6a9ec-f1a6-4b22-a976-d255730992cf,1.00000000,5.87000000,0.00,filled,filled,,market,buy,gfd,immediate,6.16000000,,1.00000000,,2019-09-09T14:03:15.145077Z,2019-09-09T14:03:16.036288Z,2019-09-09T14:03:15.509000Z,"[{'price': '5.86850000', 'quantity': '1.00000000', 'rounded_notional': None, 'settlement_date': '2019-09-11', 'timestamp': '2019-09-09T14:03:15.509000Z', 'id': '1cb9c519-3fcb-4418-87aa-03316887eb32', 'ipo_access_execution_rank': None, 'trade_execution_date': None}]",False,,False,False,,,,,,,,"{'amount': '6.16', 'currency_code': 'USD', 'currency_id': '1072fc76-1862-41ab-82c2-485837590762'}","{'amount': '5.87', 'currency_code': 'USD', 'currency_id': '1072fc76-1862-41ab-82c2-485837590762'}",,False,,,,,,False,True,False,True,0,,,2.0,user,False,,order_finalized,,
c5512659-2b5d-47e0-aa29-fd641480ec16,90c7d144-880f-45d4-9a76-0ed9ffd2b732,https://api.robinhood.com/orders/c5512659-2b5d-47e0-aa29-fd641480ec16/,https://api.robinhood.com/accounts/5SE25445/,fa785cc9-e75d-40e1-ad49-9dad4a009457,https://api.robinhood.com/positions/5SE25445/71d81e7d-783c-4b8c-b574-ee50fcc4ce3a/,,https://api.robinhood.com/instruments/71d81e7d-783c-4b8c-b574-ee50fcc4ce3a/,71d81e7d-783c-4b8c-b574-ee50fcc4ce3a,1.00000000,6.21000000,0.00,filled,filled,,market,buy,gfd,immediate,6.52000000,,1.00000000,,2019-09-09T13:47:54.623960Z,2019-09-09T13:47:55.344937Z,2019-09-09T13:47:54.749000Z,"[{'price': '6.20850000', 'quantity': '1.00000000', 'rounded_notional': None, 'settlement_date': '2019-09-11', 'timestamp': '2019-09-09T13:47:54.749000Z', 'id': '84119489-99ab-40d9-9e3f-dc7d0d8cca77', 'ipo_access_execution_rank': None, 'trade_execution_date': None}]",False,,False,False,,,,,,,,"{'amount': '6.52', 'currency_code': 'USD', 'currency_id': '1072fc76-1862-41ab-82c2-485837590762'}","{'amount': '6.21', 'currency_code': 'USD', 'currency_id': '1072fc76-1862-41ab-82c2-485837590762'}",,False,,,,,,False,True,False,True,0,,,2.0,user,False,,order_finalized,,
8c8ba9ff-37e7-4990-8fad-47a4ef251857,f5eb57ec-a915-4ea3-bd98-f1a1b466a257,https://api.robinhood.com/orders/8c8ba9ff-37e7-4990-8fad-47a4ef251857/,https://api.robinhood.com/accounts/5SE25445/,fa785cc9-e75d-40e1-ad49-9dad4a009457,https://api.robinhood.com/positions/5SE25445/f786c13a-e28f-42a2-8e0e-c7e479688136/,,https://api.robinhood.com/instruments/f786c13a-e28f-42a2-8e0e-c7e479688136/,f786c13a-e28f-42a2-8e0e-c7e479688136,2.00000000,4.69000000,0.00,filled,filled,,market,buy,gfd,immediate,4.91000000,,2.00000000,,2019-09-09T13:44:51.773898Z,2019-09-09T13:44:52.388404Z,2019-09-09T13:44:51.931000Z,"[{'price': '4.68940000', 'quantity': '2.00000000', 'rounded_notional': None, 'settlement_date': '2019-09-11', 'timestamp': '2019-09-09T13:44:51.931000Z', 'id': '66ff9b83-2241-4ad9-b79d-05b1d0cdf537', 'ipo_access_execution_rank': None, 'trade_execution_date': None}]",False,,False,False,,,,,,,,"{'amount': '9.82', 'currency_code': 'USD', 'currency_id': '1072fc76-1862-41ab-82c2-485837590762'}","{'amount': '9.38', 'currency_code': 'USD', 'currency_id': '1072fc76-1862-41ab-82c2-485837590762'}",,False,,,,,,False,True,False,True,0,,,2.0,user,False,,order_finalized,,
22c91a08-a6d9-43c2-b679-ba8752ed030b,bb371397-51f1-418b-ae6b-c824a156a6e9,https://api.robinhood.com/orders/22c91a08-a6d9-43c2-b679-ba8752ed030b/,https://api.robinhood.com/accounts/5SE25445/,fa785cc9-e75d-40e1-ad49-9dad4a009457,https://api.robinhood.com/positions/5SE25445/6df56bd0-0bf2-44ab-8875-f94fd8526942/,,https://api.robinhood.com/instruments/6df56bd0-0bf2-44ab-8875-f94fd8526942/,6df56bd0-0bf2-44ab-8875-f94fd8526942,4.00000000,9.47000000,0.02,filled,filled,,limit,sell,gfd,immediate,9.47000000,,4.00000000,,2019-09-09T13:41:12.917801Z,2019-09-09T13:41:13.744246Z,2019-09-09T13:41:13.317000Z,"[{'price': '9.47000000', 'quantity': '4.00000000', 'rounded_notional': None, 'settlement_date': '2019-09-11', 'timestamp': '2019-09-09T13:41:13.317000Z', 'id': 'b769786e-8933-46f3-b0fb-1a180e6cca9c', 'ipo_access_execution_rank': None, 'trade_execution_date': None}]",False,,False,False,,,,,,,,"{'amount': '37.88', 'currency_code': 'USD', 'currency_id': '1072fc76-1862-41ab-82c2-485837590762'}","{'amount': '37.88', 'currency_code': 'USD', 'currency_id': '1072fc76-1862-41ab-82c2-485837590762'}",,False,,,,,,False,True,False,True,0,,,2.0,user,False,,order_finalized,,
301df4bf-4684-45e8-869a-5634c1430e62,ff5ff243-b4e3-43f8-aa3c-ce473088a3a2,https://api.robinhood.com/orders/301df4bf-4684-45e8-869a-5634c1430e62/,https://api.robinhood.com/accounts/5SE25445/,fa785cc9-e75d-40e1-ad49-9dad4a009457,https://api.robinhood.com/positions/5SE25445/9a5095d4-628d-4edf-a803-389731e35fb8/,,https://api.robinhood.com/instruments/9a5095d4-628d-4edf-a803-389731e35fb8/,9a5095d4-628d-4edf-a803-389731e35fb8,1.00000000,16.70000000,0.00,filled,filled,,limit,buy,gfd,immediate,16.70000000,,1.00000000,,2019-09-06T18:08:52.201002Z,2019-09-06T18:08:52.984021Z,2019-09-06T18:08:52.501000Z,"[{'price': '16.70000000', 'quantity': '1.00000000', 'rounded_notional': None, 'settlement_date': '2019-09-10', 'timestamp': '2019-09-06T18:08:52.501000Z', 'id': '0e382bb2-6a10-455a-95f0-5e339b8b8853', 'ipo_access_execution_rank': None, 'trade_execution_date': None}]",True,,False,False,,,,,,,,"{'amount': '16.70', 'currency_code': 'USD', 'currency_id': '1072fc76-1862-41ab-82c2-485837590762'}","{'amount': '16.70', 'currency_code': 'USD', 'currency_id': '1072fc76-1862-41ab-82c2-485837590762'}",,False,,,,,,False,True,False,True,0,,,2.0,user,False,,order_finalized,,
0e191402-a69a-44aa-8909-1ff9c0bd0e49,f17d7fda-2b0d-4c67-90e9-77b59f59a378,https://api.robinhood.com/orders/0e191402-a69a-44aa-8909-1ff9c0bd0e49/,https://api.robinhood.com/accounts/5SE25445/,fa785cc9-e75d-40e1-ad49-9dad4a009457,https://api.robinhood.com/positions/5SE25445/b003dff4-7071-46ae-9a8d-6e4b4222edf0/,,https://api.robinhood.com/instruments/b003dff4-7071-46ae-9a8d-6e4b4222edf0/,b003dff4-7071-46ae-9a8d-6e4b4222edf0,7.00000000,5.24000000,0.02,filled,filled,,market,sell,gfd,immediate,,,7.00000000,,2019-09-06T16:25:38.626691Z,2019-09-06T16:25:39.242174Z,2019-09-06T16:25:38.782000Z,"[{'price': '5.24030000', 'quantity': '7.00000000', 'rounded_notional': None, 'settlement_date': '2019-09-10', 'timestamp': '2019-09-06T16:25:38.782000Z', 'id': 'ec2aacba-a976-4a89-af9f-e121ef52eeeb', 'ipo_access_execution_rank': None, 'trade_execution_date': None}]",False,,False,False,,,,,,,,,"{'amount': '36.68', 'currency_code': 'USD', 'currency_id': '1072fc76-1862-41ab-82c2-485837590762'}",,False,,,,,,False,True,False,True,0,,,2.0,user,False,,order_finalized,,
d9e16639-92df-4b24-945f-c0c13b858050,357bea30-dc34-4a91-977a-b5e9d37af6df,https://api.robinhood.com/orders/d9e16639-92df-4b24-945f-c0c13b858050/,https://api.robinhood.com/accounts/5SE25445/,fa785cc9-e75d-40e1-ad49-9dad4a009457,https://api.robinhood.com/positions/5SE25445/b003dff4-7071-46ae-9a8d-6e4b4222edf0/,,https://api.robinhood.com/instruments/b003dff4-7071-46ae-9a8d-6e4b4222edf0/,b003dff4-7071-46ae-9a8d-6e4b4222edf0,3.00000000,5.30000000,0.02,filled,filled,,market,sell,gfd,immediate,,,3.00000000,,2019-09-05T19:48:09.629787Z,2019-09-05T19:48:10.188678Z,2019-09-05T19:48:09.759000Z,"[{'price': '5.30000000', 'quantity': '3.00000000', 'rounded_notional': None, 'settlement_date': '2019-09-09', 'timestamp': '2019-09-05T19:48:09.759000Z', 'id': '2fca56bb-b919-43c6-a075-3ac009f538d6', 'ipo_access_execution_rank': None, 'trade_execution_date': None}]",False,,False,False,,,,,,,,,"{'amount': '15.90', 'currency_code': 'USD', 'currency_id': '1072fc76-1862-41ab-82c2-485837590762'}",,False,,,,,,False,True,False,True,0,,,2.0,user,False,,order_finalized,,
5d113952-ab7c-4e83-ab7d-2a084a22e25e,665b49f9-ed51-456e-86b8-f1d9369e90f3,https://api.robinhood.com/orders/5d113952-ab7c-4e83-ab7d-2a084a22e25e/,https://api.robinhood.com/accounts/5SE25445/,fa785cc9-e75d-40e1-ad49-9dad4a009457,https://api.robinhood.com/positions/5SE25445/f5d6a9ec-f1a6-4b22-a976-d255730992cf/,,https://api.robinhood.com/instruments/f5d6a9ec-f1a6-4b22-a976-d255730992cf/,f5d6a9ec-f1a6-4b22-a976-d255730992cf,1.00000000,5.15000000,0.00,filled,filled,,market,buy,gfd,immediate,5.40000000,,1.00000000,,2019-09-05T15:45:24.046471Z,2019-09-05T15:45:24.679521Z,2019-09-05T15:45:24.200000Z,"[{'price': '5.14850000', 'quantity': '1.00000000', 'rounded_notional': None, 'settlement_date': '2019-09-09', 'timestamp': '2019-09-05T15:45:24.200000Z', 'id': 'dd554ff4-303a-43ea-af8b-c8d7ae8e39d5', 'ipo_access_execution_rank': None, 'trade_execution_date': None}]",False,,False,False,,,,,,,,"{'amount': '5.40', 'currency_code': 'USD', 'currency_id': '1072fc76-1862-41ab-82c2-485837590762'}","{'amount': '5.15', 'currency_code': 'USD', 'currency_id': '1072fc76-1862-41ab-82c2-485837590762'}",,False,,,,,,False,True,False,True,0,,,2.0,user,False,,order_finalized,,
4d2850c9-1fbd-4868-a94a-ddfa3d11ba1e,327f2051-be06-49c9-a048-97e77b259432,https://api.robinhood.com/orders/4d2850c9-1fbd-4868-a94a-ddfa3d11ba1e/,https://api.robinhood.com/accounts/5SE25445/,fa785cc9-e75d-40e1-ad49-9dad4a009457,https://api.robinhood.com/positions/5SE25445/9a5095d4-628d-4edf-a803-389731e35fb8/,,https://api.robinhood.com/instruments/9a5095d4-628d-4edf-a803-389731e35fb8/,9a5095d4-628d-4edf-a803-389731e35fb8,1.00000000,16.73000000,0.00,filled,filled,,market,buy,gfd,immediate,17.56000000,,1.00000000,,2019-09-05T15:43:48.470704Z,2019-09-05T15:43:49.016966Z,2019-09-05T15:43:48.584000Z,"[{'price': '16.73000000', 'quantity': '1.00000000', 'rounded_notional': None, 'settlement_date': '2019-09-09', 'timestamp': '2019-09-05T15:43:48.584000Z', 'id': '4b4934fd-2e70-4695-b1e4-fd9dc80b95bd', 'ipo_access_execution_rank': None, 'trade_execution_date': None}]",False,,False,False,,,,,,,,"{'amount': '17.56', 'currency_code': 'USD', 'currency_id': '1072fc76-1862-41ab-82c2-485837590762'}","{'amount': '16.73', 'currency_code': 'USD', 'currency_id': '1072fc76-1862-41ab-82c2-485837590762'}",,False,,,,,,False,True,False,True,0,,,2.0,user,False,,order_finalized,,
b5412af2-11c7-495c-8d68-9bf35dfd10a0,b10e3112-d53e-4b87-9f94-5cc823b685fd,https://api.robinhood.com/orders/b5412af2-11c7-495c-8d68-9bf35dfd10a0/,https://api.robinhood.com/accounts/5SE25445/,fa785cc9-e75d-40e1-ad49-9dad4a009457,https://api.robinhood.com/positions/5SE25445/b003dff4-7071-46ae-9a8d-6e4b4222edf0/,,https://api.robinhood.com/instruments/b003dff4-7071-46ae-9a8d-6e4b4222edf0/,b003dff4-7071-46ae-9a8d-6e4b4222edf0,1.00000000,5.34000000,0.00,filled,filled,,market,buy,gfd,immediate,5.60000000,,1.00000000,,2019-09-05T15:12:05.003014Z,2019-09-05T15:12:05.626777Z,2019-09-05T15:12:05.135000Z,"[{'price': '5.33970000', 'quantity': '1.00000000', 'rounded_notional': None, 'settlement_date': '2019-09-09', 'timestamp': '2019-09-05T15:12:05.135000Z', 'id': 'a3606db4-30d6-42ee-8d19-0aa8b5ee7c2c', 'ipo_access_execution_rank': None, 'trade_execution_date': None}]",False,,False,False,,,,,,,,"{'amount': '5.60', 'currency_code': 'USD', 'currency_id': '1072fc76-1862-41ab-82c2-485837590762'}","{'amount': '5.34', 'currency_code': 'USD', 'currency_id': '1072fc76-1862-41ab-82c2-485837590762'}",,False,,,,,,False,True,False,True,0,,,2.0,user,False,,order_finalized,,
9c9792e6-046a-497e-9cc8-d010af9a13ff,2312791d-be3d-45a4-8f71-f6425319215d,https://api.robinhood.com/orders/9c9792e6-046a-497e-9cc8-d010af9a13ff/,https://api.robinhood.com/accounts/5SE25445/,fa785cc9-e75d-40e1-ad49-9dad4a009457,https://api.robinhood.com/positions/5SE25445/44959d1c-a70c-4826-9d6d-85e72c601f1e/,,https://api.robinhood.com/instruments/44959d1c-a70c-4826-9d6d-85e72c601f1e/,44959d1c-a70c-4826-9d6d-85e72c601f1e,1.00000000,15.80000000,0.02,filled,filled,,market,sell,gfd,immediate,,,1.00000000,,2019-09-05T15:09:41.914643Z,2019-09-05T15:09:42.576814Z,2019-09-05T15:09:42.113000Z,"[{'price': '15.80000000', 'quantity': '1.00000000', 'rounded_notional': None, 'settlement_date': '2019-09-09', 'timestamp': '2019-09-05T15:09:42.113000Z', 'id': '9884202b-5c0f-48f7-86c7-d8d1ce75ff11', 'ipo_access_execution_rank': None, 'trade_execution_date': None}]",False,regular_hours,False,False,,,,,,,,,"{'amount': '15.80', 'currency_code': 'USD', 'currency_id': '1072fc76-1862-41ab-82c2-485837590762'}",,False,,,,,,False,True,False,True,0,,,2.0,user,False,,order_finalized,,
777c6677-07c1-4dad-9dcb-91f24a035746,5d73f57a-4f73-445b-98b1-a190e841167c,https://api.robinhood.com/orders/777c6677-07c1-4dad-9dcb-91f24a035746/,https://api.robinhood.com/accounts/5SE25445/,fa785cc9-e75d-40e1-ad49-9dad4a009457,https://api.robinhood.com/positions/5SE25445/f5d6a9ec-f1a6-4b22-a976-d255730992cf/,,https://api.robinhood.com/instruments/f5d6a9ec-f1a6-4b22-a976-d255730992cf/,f5d6a9ec-f1a6-4b22-a976-d255730992cf,3.00000000,5.28000000,0.02,filled,filled,,market,sell,gfd,immediate,,,3.00000000,,2019-09-05T15:06:12.428045Z,2019-09-05T15:06:13.073336Z,2019-09-05T15:06:12.582000Z,"[{'price': '5.28150000', 'quantity': '3.00000000', 'rounded_notional': None, 'settlement_date': '2019-09-09', 'timestamp': '2019-09-05T15:06:12.582000Z', 'id': '45a47c7c-1083-43f4-81e8-aede89ba54f1', 'ipo_access_execution_rank': None, 'trade_execution_date': None}]",False,,False,False,,,,,,,,,"{'amount': '15.84', 'currency_code': 'USD', 'currency_id': '1072fc76-1862-41ab-82c2-485837590762'}",,False,,,,,,False,True,False,True,0,,,2.0,user,False,,order_finalized,,
08a1bb65-e152-41d7-a297-fd5f2c6fb511,287bbf5e-f0f8-4ca5-94f1-2a6b13f260bf,https://api.robinhood.com/orders/08a1bb65-e152-41d7-a297-fd5f2c6fb511/,https://api.robinhood.com/accounts/5SE25445/,fa785cc9-e75d-40e1-ad49-9dad4a009457,https://api.robinhood.com/positions/5SE25445/ef99a2c4-adb2-4163-a2df-2d5722cc75b7/,,https://api.robinhood.com/instruments/ef99a2c4-adb2-4163-a2df-2d5722cc75b7/,ef99a2c4-adb2-4163-a2df-2d5722cc75b7,1.00000000,2.15000000,0.00,filled,filled,,market,buy,gfd,immediate,2.25000000,,1.00000000,,2019-09-04T17:22:34.503640Z,2019-09-04T17:22:35.113726Z,2019-09-04T17:22:34.679000Z,"[{'price': '2.14500000', 'quantity': '1.00000000', 'rounded_notional': None, 'settlement_date': '2019-09-06', 'timestamp': '2019-09-04T17:22:34.679000Z', 'id': 'b2668ea4-823a-4b5a-9d01-4df9b55dc517', 'ipo_access_execution_rank': None, 'trade_execution_date': None}]",False,,False,False,,,,,,,,"{'amount': '2.25', 'currency_code': 'USD', 'currency_id': '1072fc76-1862-41ab-82c2-485837590762'}","{'amount': '2.15', 'currency_code': 'USD', 'currency_id': '1072fc76-1862-41ab-82c2-485837590762'}",,False,,,,,,False,True,False,True,0,,,2.0,user,False,,order_finalized,,
710ca06b-a6c2-4d3e-a49d-4c26cef3011b,a2493b63-29dd-44bb-8c01-36daa0c0519f,https://api.robinhood.com/orders/710ca06b-a6c2-4d3e-a49d-4c26cef3011b/,https://api.robinhood.com/accounts/5SE25445/,fa785cc9-e75d-40e1-ad49-9dad4a009457,https://api.robinhood.com/positions/5SE25445/b003dff4-7071-46ae-9a8d-6e4b4222edf0/,,https://api.robinhood.com/instruments/b003dff4-7071-46ae-9a8d-6e4b4222edf0/,b003dff4-7071-46ae-9a8d-6e4b4222edf0,2.00000000,5.27000000,0.00,filled,filled,,market,buy,gfd,immediate,5.52000000,,2.00000000,,2019-09-04T16:18:14.982573Z,2019-09-04T16:18:15.566331Z,2019-09-04T16:18:15.133000Z,"[{'price': '5.26970000', 'quantity': '2.00000000', 'rounded_notional': None, 'settlement_date': '2019-09-06', 'timestamp': '2019-09-04T16:18:15.133000Z', 'id': 'fe582e92-e918-4ef1-be77-7403f6b1c42e', 'ipo_access_execution_rank': None, 'trade_execution_date': None}]",False,,False,False,,,,,,,,"{'amount': '11.04', 'currency_code': 'USD', 'currency_id': '1072fc76-1862-41ab-82c2-485837590762'}","{'amount': '10.54', 'currency_code': 'USD', 'currency_id': '1072fc76-1862-41ab-82c2-485837590762'}",,False,,,,,,False,True,False,True,0,,,2.0,user,False,,order_finalized,,
65d7dc4a-ad5d-4280-9310-0046361bec66,e7f1771a-696a-4f73-9b35-0938ac2ca79a,https://api.robinhood.com/orders/65d7dc4a-ad5d-4280-9310-0046361bec66/,https://api.robinhood.com/accounts/5SE25445/,fa785cc9-e75d-40e1-ad49-9dad4a009457,https://api.robinhood.com/positions/5SE25445/f5d6a9ec-f1a6-4b22-a976-d255730992cf/,,https://api.robinhood.com/instruments/f5d6a9ec-f1a6-4b22-a976-d255730992cf/,f5d6a9ec-f1a6-4b22-a976-d255730992cf,2.00000000,4.96000000,0.00,filled,filled,,market,buy,gfd,immediate,5.20000000,,2.00000000,,2019-09-04T16:12:21.960294Z,2019-09-04T16:12:22.598481Z,2019-09-04T16:12:22.115000Z,"[{'price': '4.95850000', 'quantity': '2.00000000', 'rounded_notional': None, 'settlement_date': '2019-09-06', 'timestamp': '2019-09-04T16:12:22.115000Z', 'id': 'e5f97c08-5edd-489a-bfe4-872820a7d731', 'ipo_access_execution_rank': None, 'trade_execution_date': None}]",False,,False,False,,,,,,,,"{'amount': '10.40', 'currency_code': 'USD', 'currency_id': '1072fc76-1862-41ab-82c2-485837590762'}","{'amount': '9.92', 'currency_code': 'USD', 'currency_id': '1072fc76-1862-41ab-82c2-485837590762'}",,False,,,,,,False,True,False,True,0,,,2.0,user,False,,order_finalized,,
61d0b60f-d6d9-4848-9bcf-a41ecb7a6c3e,a34acaea-a9aa-40e8-9e34-8cae36a40892,https://api.robinhood.com/orders/61d0b60f-d6d9-4848-9bcf-a41ecb7a6c3e/,https://api.robinhood.com/accounts/5SE25445/,fa785cc9-e75d-40e1-ad49-9dad4a009457,https://api.robinhood.com/positions/5SE25445/44959d1c-a70c-4826-9d6d-85e72c601f1e/,,https://api.robinhood.com/instruments/44959d1c-a70c-4826-9d6d-85e72c601f1e/,44959d1c-a70c-4826-9d6d-85e72c601f1e,1.00000000,13.87000000,0.00,filled,filled,,market,buy,gfd,immediate,14.55000000,,1.00000000,,2019-09-04T16:06:45.303197Z,2019-09-04T16:06:45.923827Z,2019-09-04T16:06:45.472000Z,"[{'price': '13.86970000', 'quantity': '1.00000000', 'rounded_notional': None, 'settlement_date': '2019-09-06', 'timestamp': '2019-09-04T16:06:45.472000Z', 'id': 'fed0f9c1-2e5d-493f-b4b0-c0b03c8a4f16', 'ipo_access_execution_rank': None, 'trade_execution_date': None}]",False,,False,False,,,,,,,,"{'amount': '14.55', 'currency_code': 'USD', 'currency_id': '1072fc76-1862-41ab-82c2-485837590762'}","{'amount': '13.87', 'currency_code': 'USD', 'currency_id': '1072fc76-1862-41ab-82c2-485837590762'}",,False,,,,,,False,True,False,True,0,,,2.0,user,False,,order_finalized,,
05b707c7-7488-468c-a1db-55a18d211b64,51089cd3-c332-4552-85fc-4c8351d580f3,https://api.robinhood.com/orders/05b707c7-7488-468c-a1db-55a18d211b64/,https://api.robinhood.com/accounts/5SE25445/,fa785cc9-e75d-40e1-ad49-9dad4a009457,https://api.robinhood.com/positions/5SE25445/f5d6a9ec-f1a6-4b22-a976-d255730992cf/,,https://api.robinhood.com/instruments/f5d6a9ec-f1a6-4b22-a976-d255730992cf/,f5d6a9ec-f1a6-4b22-a976-d255730992cf,1.00000000,5.00000000,0.00,filled,filled,,market,buy,gfd,immediate,5.23000000,,1.00000000,,2019-09-04T16:03:43.385157Z,2019-09-04T16:03:43.976537Z,2019-09-04T16:03:43.514000Z,"[{'price': '5.00000000', 'quantity': '1.00000000', 'rounded_notional': None, 'settlement_date': '2019-09-06', 'timestamp': '2019-09-04T16:03:43.514000Z', 'id': '6e9ca9c4-d9dc-4b91-baaa-59306b482466', 'ipo_access_execution_rank': None, 'trade_execution_date': None}]",False,,False,False,,,,,,,,"{'amount': '5.23', 'currency_code': 'USD', 'currency_id': '1072fc76-1862-41ab-82c2-485837590762'}","{'amount': '5.00', 'currency_code': 'USD', 'currency_id': '1072fc76-1862-41ab-82c2-485837590762'}",,False,,,,,,False,True,False,True,0,,,2.0,user,False,,order_finalized,,
8be5c38e-79c5-412d-acbf-aedf2c73174e,68210fc8-cfbd-4ed8-9092-f22684ca2b5d,https://api.robinhood.com/orders/8be5c38e-79c5-412d-acbf-aedf2c73174e/,https://api.robinhood.com/accounts/5SE25445/,fa785cc9-e75d-40e1-ad49-9dad4a009457,https://api.robinhood.com/positions/5SE25445/bb9a01df-5982-42d4-88db-8662f23cdab5/,,https://api.robinhood.com/instruments/bb9a01df-5982-42d4-88db-8662f23cdab5/,bb9a01df-5982-42d4-88db-8662f23cdab5,1.00000000,55.87000000,0.02,filled,filled,,market,sell,gfd,immediate,,,1.00000000,,2019-09-04T16:01:04.472174Z,2019-09-04T16:01:05.174060Z,2019-09-04T16:01:04.672000Z,"[{'price': '55.87000000', 'quantity': '1.00000000', 'rounded_notional': None, 'settlement_date': '2019-09-06', 'timestamp': '2019-09-04T16:01:04.672000Z', 'id': '5ca3b1c5-cf96-4bb0-9bb8-9505ff9e12a0', 'ipo_access_execution_rank': None, 'trade_execution_date': None}]",False,,False,False,,,,,,,,,"{'amount': '55.87', 'currency_code': 'USD', 'currency_id': '1072fc76-1862-41ab-82c2-485837590762'}",,False,,,,,,False,True,False,True,0,,,2.0,user,False,,order_finalized,,
ad6be66e-b49b-4fa8-89d1-0ff33fad2414,c7f74bde-4463-409d-9e9f-0c878a1edede,https://api.robinhood.com/orders/ad6be66e-b49b-4fa8-89d1-0ff33fad2414/,https://api.robinhood.com/accounts/5SE25445/,fa785cc9-e75d-40e1-ad49-9dad4a009457,https://api.robinhood.com/positions/5SE25445/b70b8c5f-34c7-4f2b-b13f-f9a957869995/,,https://api.robinhood.com/instruments/b70b8c5f-34c7-4f2b-b13f-f9a957869995/,b70b8c5f-34c7-4f2b-b13f-f9a957869995,1.00000000,28.75000000,0.02,filled,filled,,market,sell,gfd,immediate,,,1.00000000,,2019-09-04T16:00:19.130617Z,2019-09-04T16:00:19.785370Z,2019-09-04T16:00:19.303000Z,"[{'price': '28.75000000', 'quantity': '1.00000000', 'rounded_notional': None, 'settlement_date': '2019-09-06', 'timestamp': '2019-09-04T16:00:19.303000Z', 'id': '4baef59c-0bee-4847-a871-37b0d850853c', 'ipo_access_execution_rank': None, 'trade_execution_date': None}]",False,,False,False,,,,,,,,,"{'amount': '28.75', 'currency_code': 'USD', 'currency_id': '1072fc76-1862-41ab-82c2-485837590762'}",,False,,,,,,False,True,False,True,0,,,2.0,user,False,,order_finalized,,
d90246e9-0867-4cb7-9347-2084e0189ae7,3d16b5fc-48c5-4d0d-a8e5-e064e18026b2,https://api.robinhood.com/orders/d90246e9-0867-4cb7-9347-2084e0189ae7/,https://api.robinhood.com/accounts/5SE25445/,fa785cc9-e75d-40e1-ad49-9dad4a009457,https://api.robinhood.com/positions/5SE25445/6df56bd0-0bf2-44ab-8875-f94fd8526942/,,https://api.robinhood.com/instruments/6df56bd0-0bf2-44ab-8875-f94fd8526942/,6df56bd0-0bf2-44ab-8875-f94fd8526942,2.00000000,9.21000000,0.02,filled,filled,,market,sell,gfd,immediate,,,2.00000000,,2019-09-04T15:30:38.477638Z,2019-09-04T15:30:39.254521Z,2019-09-04T15:30:38.794000Z,"[{'price': '9.21000000', 'quantity': '2.00000000', 'rounded_notional': None, 'settlement_date': '2019-09-06', 'timestamp': '2019-09-04T15:30:38.794000Z', 'id': 'fcf5c194-2731-4663-888c-fb916efe1f06', 'ipo_access_execution_rank': None, 'trade_execution_date': None}]",False,,False,False,,,,,,,,,"{'amount': '18.42', 'currency_code': 'USD', 'currency_id': '1072fc76-1862-41ab-82c2-485837590762'}",,False,,,,,,False,True,False,True,0,,,2.0,user,False,,order_finalized,,
676858d9-5bcd-4624-9ca1-5abab746b319,8ea4165e-9836-4d39-9c3b-69c83d70a0f3,https://api.robinhood.com/orders/676858d9-5bcd-4624-9ca1-5abab746b319/,https://api.robinhood.com/accounts/5SE25445/,fa785cc9-e75d-40e1-ad49-9dad4a009457,https://api.robinhood.com/positions/5SE25445/b70b8c5f-34c7-4f2b-b13f-f9a957869995/,,https://api.robinhood.com/instruments/b70b8c5f-34c7-4f2b-b13f-f9a957869995/,b70b8c5f-34c7-4f2b-b13f-f9a957869995,1.00000000,27.79000000,0.00,filled,filled,,limit,buy,gfd,immediate,27.79000000,,1.00000000,,2019-09-03T17:43:57.890408Z,2019-09-03T17:44:20.476271Z,2019-09-03T17:44:20.023000Z,"[{'price': '27.79000000', 'quantity': '1.00000000', 'rounded_notional': None, 'settlement_date': '2019-09-05', 'timestamp': '2019-09-03T17:44:20.023000Z', 'id': 'd930db49-8f14-4e58-9134-829a2967cfe3', 'ipo_access_execution_rank': None, 'trade_execution_date': None}]",True,,False,False,,,,,,,,"{'amount': '27.79', 'currency_code': 'USD', 'currency_id': '1072fc76-1862-41ab-82c2-485837590762'}","{'amount': '27.79', 'currency_code': 'USD', 'currency_id': '1072fc76-1862-41ab-82c2-485837590762'}",,False,,,,,,False,True,False,True,0,,,2.0,user,False,,order_finalized,,
ef6dc3a3-1309-4860-a6f7-a6758593de39,234cf50f-a91c-4ff9-9a4c-3c6266c79d19,https://api.robinhood.com/orders/ef6dc3a3-1309-4860-a6f7-a6758593de39/,https://api.robinhood.com/accounts/5SE25445/,fa785cc9-e75d-40e1-ad49-9dad4a009457,https://api.robinhood.com/positions/5SE25445/6df56bd0-0bf2-44ab-8875-f94fd8526942/,,https://api.robinhood.com/instruments/6df56bd0-0bf2-44ab-8875-f94fd8526942/,6df56bd0-0bf2-44ab-8875-f94fd8526942,3.00000000,9.04000000,0.02,filled,filled,,market,sell,gfd,immediate,,,3.00000000,,2019-09-03T17:40:56.583234Z,2019-09-03T17:40:57.296913Z,2019-09-03T17:40:56.831000Z,"[{'price': '9.04030000', 'quantity': '3.00000000', 'rounded_notional': None, 'settlement_date': '2019-09-05', 'timestamp': '2019-09-03T17:40:56.831000Z', 'id': 'ce00d96f-2296-4598-9514-1ae8d2d50ab1', 'ipo_access_execution_rank': None, 'trade_execution_date': None}]",False,,False,False,,,,,,,,,"{'amount': '27.12', 'currency_code': 'USD', 'currency_id': '1072fc76-1862-41ab-82c2-485837590762'}",,False,,,,,,False,True,False,True,0,,,2.0,user,False,,order_finalized,,
4666044c-d565-4eec-a8c1-c83ba4b15753,1dd56d35-7912-4947-9fdc-8f156ef2c6e5,https://api.robinhood.com/orders/4666044c-d565-4eec-a8c1-c83ba4b15753/,https://api.robinhood.com/accounts/5SE25445/,fa785cc9-e75d-40e1-ad49-9dad4a009457,https://api.robinhood.com/positions/5SE25445/ef99a2c4-adb2-4163-a2df-2d5722cc75b7/,,https://api.robinhood.com/instruments/ef99a2c4-adb2-4163-a2df-2d5722cc75b7/,ef99a2c4-adb2-4163-a2df-2d5722cc75b7,2.00000000,2.13500000,0.00,filled,filled,,market,buy,gfd,immediate,2.23000000,,2.00000000,,2019-09-03T17:33:50.706187Z,2019-09-03T17:33:51.316349Z,2019-09-03T17:33:50.859000Z,"[{'price': '2.13500000', 'quantity': '2.00000000', 'rounded_notional': None, 'settlement_date': '2019-09-05', 'timestamp': '2019-09-03T17:33:50.859000Z', 'id': '5898d419-f689-4ffb-8b75-f6f4a16c51b3', 'ipo_access_execution_rank': None, 'trade_execution_date': None}]",False,,False,False,,,,,,,,"{'amount': '4.46', 'currency_code': 'USD', 'currency_id': '1072fc76-1862-41ab-82c2-485837590762'}","{'amount': '4.27', 'currency_code': 'USD', 'currency_id': '1072fc76-1862-41ab-82c2-485837590762'}",,False,,,,,,False,True,False,True,0,,,2.0,user,False,,order_finalized,,
34495030-eb4b-478b-a441-016078717c50,d4377975-b4b5-422d-8608-17f7bebcd6dc,https://api.robinhood.com/orders/34495030-eb4b-478b-a441-016078717c50/,https://api.robinhood.com/accounts/5SE25445/,fa785cc9-e75d-40e1-ad49-9dad4a009457,https://api.robinhood.com/positions/5SE25445/b003dff4-7071-46ae-9a8d-6e4b4222edf0/,,https://api.robinhood.com/instruments/b003dff4-7071-46ae-9a8d-6e4b4222edf0/,b003dff4-7071-46ae-9a8d-6e4b4222edf0,3.00000000,5.14000000,0.00,filled,filled,,market,buy,gfd,immediate,5.38000000,,3.00000000,,2019-09-03T17:33:07.576114Z,2019-09-03T17:33:08.221123Z,2019-09-03T17:33:07.726000Z,"[{'price': '5.14000000', 'quantity': '3.00000000', 'rounded_notional': None, 'settlement_date': '2019-09-05', 'timestamp': '2019-09-03T17:33:07.726000Z', 'id': '36258a6a-3b0a-41f3-b91a-60182df23389', 'ipo_access_execution_rank': None, 'trade_execution_date': None}]",False,,False,False,,,,,,,,"{'amount': '16.14', 'currency_code': 'USD', 'currency_id': '1072fc76-1862-41ab-82c2-485837590762'}","{'amount': '15.42', 'currency_code': 'USD', 'currency_id': '1072fc76-1862-41ab-82c2-485837590762'}",,False,,,,,,False,True,False,True,0,,,2.0,user,False,,order_finalized,,
a5accffd-9bf3-4798-8105-a76e5648495f,dcd89769-af69-499b-9e4c-6cc2e1e5bd94,https://api.robinhood.com/orders/a5accffd-9bf3-4798-8105-a76e5648495f/,https://api.robinhood.com/accounts/5SE25445/,fa785cc9-e75d-40e1-ad49-9dad4a009457,https://api.robinhood.com/positions/5SE25445/9a5095d4-628d-4edf-a803-389731e35fb8/,,https://api.robinhood.com/instruments/9a5095d4-628d-4edf-a803-389731e35fb8/,9a5095d4-628d-4edf-a803-389731e35fb8,1.00000000,16.04000000,0.00,filled,filled,,market,buy,gfd,immediate,16.83000000,,1.00000000,,2019-09-03T17:32:39.926516Z,2019-09-03T17:32:40.517987Z,2019-09-03T17:32:40.046000Z,"[{'price': '16.04000000', 'quantity': '1.00000000', 'rounded_notional': None, 'settlement_date': '2019-09-05', 'timestamp': '2019-09-03T17:32:40.046000Z', 'id': '9bef8332-2435-4775-89e9-673cfaa998fa', 'ipo_access_execution_rank': None, 'trade_execution_date': None}]",False,,False,False,,,,,,,,"{'amount': '16.83', 'currency_code': 'USD', 'currency_id': '1072fc76-1862-41ab-82c2-485837590762'}","{'amount': '16.04', 'currency_code': 'USD', 'currency_id': '1072fc76-1862-41ab-82c2-485837590762'}",,False,,,,,,False,True,False,True,0,,,2.0,user,False,,order_finalized,,
2c61c272-55e3-44ad-b744-fed17d082667,e7124553-3c5a-4d9d-ab63-b3bef6539c44,https://api.robinhood.com/orders/2c61c272-55e3-44ad-b744-fed17d082667/,https://api.robinhood.com/accounts/5SE25445/,fa785cc9-e75d-40e1-ad49-9dad4a009457,https://api.robinhood.com/positions/5SE25445/6df56bd0-0bf2-44ab-8875-f94fd8526942/,,https://api.robinhood.com/instruments/6df56bd0-0bf2-44ab-8875-f94fd8526942/,6df56bd0-0bf2-44ab-8875-f94fd8526942,1.00000000,8.95000000,0.00,filled,filled,,market,buy,gfd,immediate,9.39000000,,1.00000000,,2019-08-15T13:57:52.849974Z,2019-08-15T13:57:53.712149Z,2019-08-15T13:57:52.990000Z,"[{'price': '8.94970000', 'quantity': '1.00000000', 'rounded_notional': None, 'settlement_date': '2019-08-19', 'timestamp': '2019-08-15T13:57:52.990000Z', 'id': '638d5653-d32f-4501-a9d8-ddcc38bd930a', 'ipo_access_execution_rank': None, 'trade_execution_date': None}]",False,,False,False,,,,,,,,"{'amount': '9.39', 'currency_code': 'USD', 'currency_id': '1072fc76-1862-41ab-82c2-485837590762'}","{'amount': '8.95', 'currency_code': 'USD', 'currency_id': '1072fc76-1862-41ab-82c2-485837590762'}",,False,,,,,,False,True,False,True,0,,,2.0,user,False,,order_finalized,,
c1813050-1145-464f-a594-72392b449ce0,d7aac0f2-6f97-4733-bfea-0352a85e1107,https://api.robinhood.com/orders/c1813050-1145-464f-a594-72392b449ce0/,https://api.robinhood.com/accounts/5SE25445/,fa785cc9-e75d-40e1-ad49-9dad4a009457,https://api.robinhood.com/positions/5SE25445/6df56bd0-0bf2-44ab-8875-f94fd8526942/,,https://api.robinhood.com/instruments/6df56bd0-0bf2-44ab-8875-f94fd8526942/,6df56bd0-0bf2-44ab-8875-f94fd8526942,2.00000000,8.95000000,0.00,filled,filled,,market,buy,gfd,immediate,9.38000000,,2.00000000,,2019-08-15T13:55:46.269631Z,2019-08-15T13:55:46.853549Z,2019-08-15T13:55:46.389000Z,"[{'price': '8.94970000', 'quantity': '2.00000000', 'rounded_notional': None, 'settlement_date': '2019-08-19', 'timestamp': '2019-08-15T13:55:46.389000Z', 'id': 'd8b87bf0-2979-4349-bc01-911759cc9769', 'ipo_access_execution_rank': None, 'trade_execution_date': None}]",False,,False,False,,,,,,,,"{'amount': '18.76', 'currency_code': 'USD', 'currency_id': '1072fc76-1862-41ab-82c2-485837590762'}","{'amount': '17.90', 'currency_code': 'USD', 'currency_id': '1072fc76-1862-41ab-82c2-485837590762'}",,False,,,,,,False,True,False,True,0,,,2.0,user,False,,order_finalized,,
3f412b33-03a8-4f29-bb49-69b35f7a8a19,df8abf7e-8b46-4a7e-8f76-c4f2deb5f9fb,https://api.robinhood.com/orders/3f412b33-03a8-4f29-bb49-69b35f7a8a19/,https://api.robinhood.com/accounts/5SE25445/,fa785cc9-e75d-40e1-ad49-9dad4a009457,https://api.robinhood.com/positions/5SE25445/9a5095d4-628d-4edf-a803-389731e35fb8/,,https://api.robinhood.com/instruments/9a5095d4-628d-4edf-a803-389731e35fb8/,9a5095d4-628d-4edf-a803-389731e35fb8,1.00000000,15.93000000,0.00,filled,filled,,market,buy,gfd,immediate,16.72000000,,1.00000000,,2019-08-15T13:54:37.132611Z,2019-08-15T13:54:37.726913Z,2019-08-15T13:54:37.279000Z,"[{'price': '15.93000000', 'quantity': '1.00000000', 'rounded_notional': None, 'settlement_date': '2019-08-19', 'timestamp': '2019-08-15T13:54:37.279000Z', 'id': 'ebff46a0-90cd-4b4f-a54e-fbf3e195aa56', 'ipo_access_execution_rank': None, 'trade_execution_date': None}]",False,,False,False,,,,,,,,"{'amount': '16.72', 'currency_code': 'USD', 'currency_id': '1072fc76-1862-41ab-82c2-485837590762'}","{'amount': '15.93', 'currency_code': 'USD', 'currency_id': '1072fc76-1862-41ab-82c2-485837590762'}",,False,,,,,,False,True,False,True,0,,,2.0,user,False,,order_finalized,,
2c0b739c-0978-4c77-be82-193a15bb332e,885b6591-63df-49ea-b5d9-d909cc03166c,https://api.robinhood.com/orders/2c0b739c-0978-4c77-be82-193a15bb332e/,https://api.robinhood.com/accounts/5SE25445/,fa785cc9-e75d-40e1-ad49-9dad4a009457,https://api.robinhood.com/positions/5SE25445/ef99a2c4-adb2-4163-a2df-2d5722cc75b7/,,https://api.robinhood.com/instruments/ef99a2c4-adb2-4163-a2df-2d5722cc75b7/,ef99a2c4-adb2-4163-a2df-2d5722cc75b7,6.00000000,1.91500000,0.00,filled,filled,,market,buy,gfd,immediate,2.01000000,,6.00000000,,2019-08-15T13:53:36.771110Z,2019-08-15T13:53:37.365682Z,2019-08-15T13:53:36.908000Z,"[{'price': '1.91500000', 'quantity': '6.00000000', 'rounded_notional': None, 'settlement_date': '2019-08-19', 'timestamp': '2019-08-15T13:53:36.908000Z', 'id': '9fdae727-ded3-4cae-9706-49c9ff1c51aa', 'ipo_access_execution_rank': None, 'trade_execution_date': None}]",False,,False,False,,,,,,,,"{'amount': '12.06', 'currency_code': 'USD', 'currency_id': '1072fc76-1862-41ab-82c2-485837590762'}","{'amount': '11.49', 'currency_code': 'USD', 'currency_id': '1072fc76-1862-41ab-82c2-485837590762'}",,False,,,,,,False,True,False,True,0,,,2.0,user,False,,order_finalized,,
4ec72cb8-6847-44b0-b17a-4f4faeb0abbe,0ef4ab24-2696-4b6a-9b08-cedcf11b6c19,https://api.robinhood.com/orders/4ec72cb8-6847-44b0-b17a-4f4faeb0abbe/,https://api.robinhood.com/accounts/5SE25445/,fa785cc9-e75d-40e1-ad49-9dad4a009457,https://api.robinhood.com/positions/5SE25445/b003dff4-7071-46ae-9a8d-6e4b4222edf0/,,https://api.robinhood.com/instruments/b003dff4-7071-46ae-9a8d-6e4b4222edf0/,b003dff4-7071-46ae-9a8d-6e4b4222edf0,2.00000000,6.08000000,0.00,filled,filled,,market,buy,gfd,immediate,6.37000000,,2.00000000,,2019-08-15T13:53:15.507785Z,2019-08-15T13:53:16.167665Z,2019-08-15T13:53:15.674000Z,"[{'price': '6.07900000', 'quantity': '2.00000000', 'rounded_notional': None, 'settlement_date': '2019-08-19', 'timestamp': '2019-08-15T13:53:15.674000Z', 'id': '864ace84-130c-4a78-8ca0-86c5e0f5593f', 'ipo_access_execution_rank': None, 'trade_execution_date': None}]",False,,False,False,,,,,,,,"{'amount': '12.74', 'currency_code': 'USD', 'currency_id': '1072fc76-1862-41ab-82c2-485837590762'}","{'amount': '12.16', 'currency_code': 'USD', 'currency_id': '1072fc76-1862-41ab-82c2-485837590762'}",,False,,,,,,False,True,False,True,0,,,2.0,user,False,,order_finalized,,
d663f034-6eae-4235-a408-7b452e7f37ae,012c0e53-80d2-4d63-b612-2e59548d36f8,https://api.robinhood.com/orders/d663f034-6eae-4235-a408-7b452e7f37ae/,https://api.robinhood.com/accounts/5SE25445/,fa785cc9-e75d-40e1-ad49-9dad4a009457,https://api.robinhood.com/positions/5SE25445/b4bec397-894b-4c7a-8f6d-ea07ccc5c844/,,https://api.robinhood.com/instruments/b4bec397-894b-4c7a-8f6d-ea07ccc5c844/,b4bec397-894b-4c7a-8f6d-ea07ccc5c844,4.00000000,0.42000000,0.02,filled,filled,,market,sell,gfd,immediate,,,4.00000000,,2019-08-07T18:18:34.252240Z,2019-08-07T18:18:34.887341Z,2019-08-07T18:18:34.404000Z,"[{'price': '0.42030000', 'quantity': '4.00000000', 'rounded_notional': None, 'settlement_date': '2019-08-09', 'timestamp': '2019-08-07T18:18:34.404000Z', 'id': '240040a7-d95a-43fe-b2cc-9f30138b916a', 'ipo_access_execution_rank': None, 'trade_execution_date': None}]",False,,False,False,,,,,,,,,"{'amount': '1.68', 'currency_code': 'USD', 'currency_id': '1072fc76-1862-41ab-82c2-485837590762'}",,False,,,,,,False,True,False,True,0,,,2.0,user,False,,order_finalized,,
97b17a44-813c-4c44-b743-cde85d51b13c,76fa0e75-cb4c-4e90-a4aa-27101909527b,https://api.robinhood.com/orders/97b17a44-813c-4c44-b743-cde85d51b13c/,https://api.robinhood.com/accounts/5SE25445/,fa785cc9-e75d-40e1-ad49-9dad4a009457,https://api.robinhood.com/positions/5SE25445/0dd811b3-7047-448d-96e0-7bf6ee4cfe45/,,https://api.robinhood.com/instruments/0dd811b3-7047-448d-96e0-7bf6ee4cfe45/,0dd811b3-7047-448d-96e0-7bf6ee4cfe45,1.00000000,27.69000000,0.02,filled,filled,,market,sell,gfd,immediate,,,1.00000000,,2019-08-07T18:14:30.545609Z,2019-08-07T18:14:31.446028Z,2019-08-07T18:14:30.944000Z,"[{'price': '27.69000000', 'quantity': '1.00000000', 'rounded_notional': None, 'settlement_date': '2019-08-09', 'timestamp': '2019-08-07T18:14:30.944000Z', 'id': '2b101fdb-906d-4b4e-b1c3-c111afad68e3', 'ipo_access_execution_rank': None, 'trade_execution_date': None}]",False,,False,False,,,,,,,,,"{'amount': '27.69', 'currency_code': 'USD', 'currency_id': '1072fc76-1862-41ab-82c2-485837590762'}",,False,,,,,,False,True,False,True,0,,,2.0,user,False,,order_finalized,,
167f6779-e0a4-4945-b153-a20082618362,37ec8194-ea6b-4056-b064-0d04fa758808,https://api.robinhood.com/orders/167f6779-e0a4-4945-b153-a20082618362/,https://api.robinhood.com/accounts/5SE25445/,fa785cc9-e75d-40e1-ad49-9dad4a009457,https://api.robinhood.com/positions/5SE25445/b4bec397-894b-4c7a-8f6d-ea07ccc5c844/,,https://api.robinhood.com/instruments/b4bec397-894b-4c7a-8f6d-ea07ccc5c844/,b4bec397-894b-4c7a-8f6d-ea07ccc5c844,4.00000000,0.46500000,0.00,filled,filled,,market,buy,gfd,immediate,0.48300000,,4.00000000,,2019-07-25T15:13:17.536581Z,2019-07-25T15:13:18.089761Z,2019-07-25T15:13:17.645000Z,"[{'price': '0.46450000', 'quantity': '4.00000000', 'rounded_notional': None, 'settlement_date': '2019-07-29', 'timestamp': '2019-07-25T15:13:17.645000Z', 'id': '852f07da-c736-4cdf-a906-fa5925661aeb', 'ipo_access_execution_rank': None, 'trade_execution_date': None}]",False,,False,False,,,,,,,,"{'amount': '1.94', 'currency_code': 'USD', 'currency_id': '1072fc76-1862-41ab-82c2-485837590762'}","{'amount': '1.86', 'currency_code': 'USD', 'currency_id': '1072fc76-1862-41ab-82c2-485837590762'}",,False,,,,,,False,True,False,True,0,,,2.0,user,False,,order_finalized,,
c625c561-11cf-49b4-8ec8-1f5a93eda6ec,e27bceb4-8f3d-414c-a6e2-8f608cdaa2ed,https://api.robinhood.com/orders/c625c561-11cf-49b4-8ec8-1f5a93eda6ec/,https://api.robinhood.com/accounts/5SE25445/,fa785cc9-e75d-40e1-ad49-9dad4a009457,https://api.robinhood.com/positions/5SE25445/ef99a2c4-adb2-4163-a2df-2d5722cc75b7/,,https://api.robinhood.com/instruments/ef99a2c4-adb2-4163-a2df-2d5722cc75b7/,ef99a2c4-adb2-4163-a2df-2d5722cc75b7,2.00000000,2.28500000,0.00,filled,filled,,market,buy,gfd,immediate,2.40000000,,2.00000000,,2019-07-25T15:12:51.926549Z,2019-07-25T15:12:52.509107Z,2019-07-25T15:12:52.023000Z,"[{'price': '2.28500000', 'quantity': '2.00000000', 'rounded_notional': None, 'settlement_date': '2019-07-29', 'timestamp': '2019-07-25T15:12:52.023000Z', 'id': '3a847ac1-23dd-43b9-843f-6281c1b6e267', 'ipo_access_execution_rank': None, 'trade_execution_date': None}]",False,,False,False,,,,,,,,"{'amount': '4.80', 'currency_code': 'USD', 'currency_id': '1072fc76-1862-41ab-82c2-485837590762'}","{'amount': '4.57', 'currency_code': 'USD', 'currency_id': '1072fc76-1862-41ab-82c2-485837590762'}",,False,,,,,,False,True,False,True,0,,,2.0,user,False,,order_finalized,,
bd76229f-f2c2-4f92-846d-11051b791f34,596bfca0-0968-427c-94de-550fc532d2a2,https://api.robinhood.com/orders/bd76229f-f2c2-4f92-846d-11051b791f34/,https://api.robinhood.com/accounts/5SE25445/,fa785cc9-e75d-40e1-ad49-9dad4a009457,https://api.robinhood.com/positions/5SE25445/b003dff4-7071-46ae-9a8d-6e4b4222edf0/,,https://api.robinhood.com/instruments/b003dff4-7071-46ae-9a8d-6e4b4222edf0/,b003dff4-7071-46ae-9a8d-6e4b4222edf0,1.00000000,6.74000000,0.00,filled,filled,,market,buy,gfd,immediate,7.07000000,,1.00000000,,2019-07-25T15:10:19.675235Z,2019-07-25T15:10:20.254565Z,2019-07-25T15:10:19.809000Z,"[{'price': '6.74000000', 'quantity': '1.00000000', 'rounded_notional': None, 'settlement_date': '2019-07-29', 'timestamp': '2019-07-25T15:10:19.809000Z', 'id': '84146474-df22-4f4d-9002-08f39b382ace', 'ipo_access_execution_rank': None, 'trade_execution_date': None}]",False,,False,False,,,,,,,,"{'amount': '7.07', 'currency_code': 'USD', 'currency_id': '1072fc76-1862-41ab-82c2-485837590762'}","{'amount': '6.74', 'currency_code': 'USD', 'currency_id': '1072fc76-1862-41ab-82c2-485837590762'}",,False,,,,,,False,True,False,True,0,,,2.0,user,False,,order_finalized,,
78804c62-9d56-493a-8b6c-e7a5e1e929d1,6cdf43f3-a1f1-4334-a63f-72c7e2dcb937,https://api.robinhood.com/orders/78804c62-9d56-493a-8b6c-e7a5e1e929d1/,https://api.robinhood.com/accounts/5SE25445/,fa785cc9-e75d-40e1-ad49-9dad4a009457,https://api.robinhood.com/positions/5SE25445/bb9a01df-5982-42d4-88db-8662f23cdab5/,,https://api.robinhood.com/instruments/bb9a01df-5982-42d4-88db-8662f23cdab5/,bb9a01df-5982-42d4-88db-8662f23cdab5,1.00000000,53.19000000,0.00,filled,filled,,market,buy,gfd,immediate,55.84000000,,1.00000000,,2019-07-25T15:01:09.435712Z,2019-07-25T15:01:10.164178Z,2019-07-25T15:01:09.690000Z,"[{'price': '53.19000000', 'quantity': '1.00000000', 'rounded_notional': None, 'settlement_date': '2019-07-29', 'timestamp': '2019-07-25T15:01:09.690000Z', 'id': '62a30a40-96f0-454e-9fdb-29a0d8d67dfb', 'ipo_access_execution_rank': None, 'trade_execution_date': None}]",False,,False,False,,,,,,,,"{'amount': '55.84', 'currency_code': 'USD', 'currency_id': '1072fc76-1862-41ab-82c2-485837590762'}","{'amount': '53.19', 'currency_code': 'USD', 'currency_id': '1072fc76-1862-41ab-82c2-485837590762'}",,False,,,,,,False,True,False,True,0,,,2.0,user,False,,order_finalized,,
052c7ddf-cee2-4ed0-9d3a-0b7997dd6241,6ad6ce39-eef3-40f7-906e-5913cec3eed9,https://api.robinhood.com/orders/052c7ddf-cee2-4ed0-9d3a-0b7997dd6241/,https://api.robinhood.com/accounts/5SE25445/,fa785cc9-e75d-40e1-ad49-9dad4a009457,https://api.robinhood.com/positions/5SE25445/0dd811b3-7047-448d-96e0-7bf6ee4cfe45/,,https://api.robinhood.com/instruments/0dd811b3-7047-448d-96e0-7bf6ee4cfe45/,0dd811b3-7047-448d-96e0-7bf6ee4cfe45,1.00000000,30.49000000,0.00,filled,filled,,market,buy,gfd,immediate,32.00000000,,1.00000000,,2019-07-25T15:00:25.526280Z,2019-07-25T15:00:26.119799Z,2019-07-25T15:00:25.661000Z,"[{'price': '30.49000000', 'quantity': '1.00000000', 'rounded_notional': None, 'settlement_date': '2019-07-29', 'timestamp': '2019-07-25T15:00:25.661000Z', 'id': '7c51a119-adf7-4fd1-9b92-7b2033133d74', 'ipo_access_execution_rank': None, 'trade_execution_date': None}]",False,,False,False,,,,,,,,"{'amount': '32.00', 'currency_code': 'USD', 'currency_id': '1072fc76-1862-41ab-82c2-485837590762'}","{'amount': '30.49', 'currency_code': 'USD', 'currency_id': '1072fc76-1862-41ab-82c2-485837590762'}",,False,,,,,,False,True,False,True,0,,,2.0,user,False,,order_finalized,,
3cc3dab0-1a7f-4986-aaea-493befaff6fb,a2cf7e6c-9ce1-418e-b94f-35709f7a8cd7,https://api.robinhood.com/orders/3cc3dab0-1a7f-4986-aaea-493befaff6fb/,https://api.robinhood.com/accounts/5SE25445/,fa785cc9-e75d-40e1-ad49-9dad4a009457,https://api.robinhood.com/positions/5SE25445/b003dff4-7071-46ae-9a8d-6e4b4222edf0/,,https://api.robinhood.com/instruments/b003dff4-7071-46ae-9a8d-6e4b4222edf0/,b003dff4-7071-46ae-9a8d-6e4b4222edf0,1.00000000,6.76000000,0.00,filled,filled,,market,buy,gfd,immediate,7.08000000,,1.00000000,,2019-07-25T14:59:06.141327Z,2019-07-25T14:59:06.746861Z,2019-07-25T14:59:06.269000Z,"[{'price': '6.76000000', 'quantity': '1.00000000', 'rounded_notional': None, 'settlement_date': '2019-07-29', 'timestamp': '2019-07-25T14:59:06.269000Z', 'id': '233c4a7a-2d93-40c3-a8a0-8f3bb79c1a7a', 'ipo_access_execution_rank': None, 'trade_execution_date': None}]",False,,False,False,,,,,,,,"{'amount': '7.08', 'currency_code': 'USD', 'currency_id': '1072fc76-1862-41ab-82c2-485837590762'}","{'amount': '6.76', 'currency_code': 'USD', 'currency_id': '1072fc76-1862-41ab-82c2-485837590762'}",,False,,,,,,False,True,False,True,0,,,2.0,user,False,,order_finalized,,
18885aad-0f35-41e6-a1c2-0f15003d6c54,fdec40de-d6f1-4da9-904b-7719bca00a1a,https://api.robinhood.com/orders/18885aad-0f35-41e6-a1c2-0f15003d6c54/,https://api.robinhood.com/accounts/5SE25445/,fa785cc9-e75d-40e1-ad49-9dad4a009457,https://api.robinhood.com/positions/5SE25445/6df56bd0-0bf2-44ab-8875-f94fd8526942/,,https://api.robinhood.com/instruments/6df56bd0-0bf2-44ab-8875-f94fd8526942/,6df56bd0-0bf2-44ab-8875-f94fd8526942,8.00000000,9.62500000,0.00,filled,filled,,market,buy,gfd,immediate,10.10000000,,8.00000000,,2019-07-25T14:54:24.934682Z,2019-07-25T14:54:25.499748Z,2019-07-25T14:54:25.033000Z,"[{'price': '9.62500000', 'quantity': '8.00000000', 'rounded_notional': None, 'settlement_date': '2019-07-29', 'timestamp': '2019-07-25T14:54:25.033000Z', 'id': 'fef10b87-6463-4f66-94b2-aa7cc10c7aad', 'ipo_access_execution_rank': None, 'trade_execution_date': None}]",False,,False,False,,,,,,,,"{'amount': '80.80', 'currency_code': 'USD', 'currency_id': '1072fc76-1862-41ab-82c2-485837590762'}","{'amount': '77.00', 'currency_code': 'USD', 'currency_id': '1072fc76-1862-41ab-82c2-485837590762'}",,False,,,,,,False,True,False,True,0,,,2.0,user,False,,order_finalized,,
dc681b2e-c24f-42ea-ac1e-65371b89e85c,b29ac8f9-c66d-4d61-9dde-f5428ecd2592,https://api.robinhood.com/orders/dc681b2e-c24f-42ea-ac1e-65371b89e85c/,https://api.robinhood.com/accounts/5SE25445/,fa785cc9-e75d-40e1-ad49-9dad4a009457,https://api.robinhood.com/positions/5SE25445/6df56bd0-0bf2-44ab-8875-f94fd8526942/,,https://api.robinhood.com/instruments/6df56bd0-0bf2-44ab-8875-f94fd8526942/,6df56bd0-0bf2-44ab-8875-f94fd8526942,2.00000000,9.61500000,0.00,filled,filled,,market,buy,gfd,immediate,10.10000000,,2.00000000,,2019-07-25T14:50:13.094225Z,2019-07-25T14:50:13.669503Z,2019-07-25T14:50:13.191000Z,"[{'price': '9.61500000', 'quantity': '2.00000000', 'rounded_notional': None, 'settlement_date': '2019-07-29', 'timestamp': '2019-07-25T14:50:13.191000Z', 'id': 'e996c2f7-81b5-4585-a936-22bf558c59e5', 'ipo_access_execution_rank': None, 'trade_execution_date': None}]",False,,False,False,,,,,,,,"{'amount': '20.20', 'currency_code': 'USD', 'currency_id': '1072fc76-1862-41ab-82c2-485837590762'}","{'amount': '19.23', 'currency_code': 'USD', 'currency_id': '1072fc76-1862-41ab-82c2-485837590762'}",,False,,,,,,False,True,False,True,0,,,2.0,user,False,,order_finalized,,
ecd02cbe-4de6-4576-908e-081e3d39d507,6766d171-d099-4ebb-8817-d0ac077810c7,https://api.robinhood.com/orders/ecd02cbe-4de6-4576-908e-081e3d39d507/,https://api.robinhood.com/accounts/5SE25445/,fa785cc9-e75d-40e1-ad49-9dad4a009457,https://api.robinhood.com/positions/5SE25445/f3703f80-d9f5-493c-a7ce-8f32fe25422e/,,https://api.robinhood.com/instruments/f3703f80-d9f5-493c-a7ce-8f32fe25422e/,f3703f80-d9f5-493c-a7ce-8f32fe25422e,4.00000000,8.85250000,0.02,filled,filled,,market,sell,gfd,immediate,,,4.00000000,,2019-05-13T14:50:10.514940Z,2019-05-13T14:50:12.117920Z,2019-05-13T14:50:10.720000Z,"[{'price': '8.85200000', 'quantity': '4.00000000', 'rounded_notional': None, 'settlement_date': '2019-05-15', 'timestamp': '2019-05-13T14:50:10.720000Z', 'id': '0b899a07-dcde-48aa-be24-178088ba6d08', 'ipo_access_execution_rank': None, 'trade_execution_date': None}]",False,regular_hours,False,False,,,,,,,,,"{'amount': '35.41', 'currency_code': 'USD', 'currency_id': '1072fc76-1862-41ab-82c2-485837590762'}",,False,,,,,,False,True,False,True,0,,,2.0,,False,,order_finalized,,
9857c9bb-f9ed-40d0-a149-76a2574a975e,2e155234-065d-436b-981e-707439fda9c4,https://api.robinhood.com/orders/9857c9bb-f9ed-40d0-a149-76a2574a975e/,https://api.robinhood.com/accounts/5SE25445/,fa785cc9-e75d-40e1-ad49-9dad4a009457,https://api.robinhood.com/positions/5SE25445/f786c13a-e28f-42a2-8e0e-c7e479688136/,,https://api.robinhood.com/instruments/f786c13a-e28f-42a2-8e0e-c7e479688136/,f786c13a-e28f-42a2-8e0e-c7e479688136,35.00000000,6.78000000,0.04,filled,filled,,market,sell,gfd,immediate,,,35.00000000,,2019-05-13T14:49:59.459979Z,2019-05-13T14:50:00.176311Z,2019-05-13T14:49:59.638000Z,"[{'price': '6.78000000', 'quantity': '10.00000000', 'rounded_notional': None, 'settlement_date': '2019-05-15', 'timestamp': '2019-05-13T14:49:59.620000Z', 'id': 'a3cf87c6-cb7f-4591-9a13-bfd2131b0f6d', 'ipo_access_execution_rank': None, 'trade_execution_date': None}, {'price': '6.78000000', 'quantity': '25.00000000', 'rounded_notional': None, 'settlement_date': '2019-05-15', 'timestamp': '2019-05-13T14:49:59.638000Z', 'id': 'd7271aa4-5155-47b5-8207-4ffba20870bf', 'ipo_access_execution_rank': None, 'trade_execution_date': None}]",False,regular_hours,False,False,,,,,,,,,"{'amount': '237.30', 'currency_code': 'USD', 'currency_id': '1072fc76-1862-41ab-82c2-485837590762'}",,False,,,,,,False,True,False,True,0,,,3.0,,False,,order_finalized,,
7c3d54af-9662-44da-99b5-f121af57ca22,3ccee18e-b2e1-41e8-a1f1-62f302b4fef7,https://api.robinhood.com/orders/7c3d54af-9662-44da-99b5-f121af57ca22/,https://api.robinhood.com/accounts/5SE25445/,fa785cc9-e75d-40e1-ad49-9dad4a009457,https://api.robinhood.com/positions/5SE25445/7f434ac7-acef-4e92-a011-da1ac3f316dd/,,https://api.robinhood.com/instruments/7f434ac7-acef-4e92-a011-da1ac3f316dd/,7f434ac7-acef-4e92-a011-da1ac3f316dd,30.00000000,2.80700000,0.02,filled,filled,,market,sell,gfd,immediate,,,30.00000000,,2019-05-13T14:49:30.475012Z,2019-05-13T14:49:31.130170Z,2019-05-13T14:49:30.689000Z,"[{'price': '2.80690000', 'quantity': '30.00000000', 'rounded_notional': None, 'settlement_date': '2019-05-15', 'timestamp': '2019-05-13T14:49:30.689000Z', 'id': 'aa5f51f0-f492-4b2c-999b-3125b52544d0', 'ipo_access_execution_rank': None, 'trade_execution_date': None}]",False,regular_hours,False,False,,,,,,,,,"{'amount': '84.21', 'currency_code': 'USD', 'currency_id': '1072fc76-1862-41ab-82c2-485837590762'}",,False,,,,,,False,True,False,True,0,,,2.0,,False,,order_finalized,,
6dd6ac3c-3240-431d-b6be-98659c596555,a7e62eb8-9c9c-491d-b32a-5e290dac9a36,https://api.robinhood.com/orders/6dd6ac3c-3240-431d-b6be-98659c596555/,https://api.robinhood.com/accounts/5SE25445/,fa785cc9-e75d-40e1-ad49-9dad4a009457,https://api.robinhood.com/positions/5SE25445/71d81e7d-783c-4b8c-b574-ee50fcc4ce3a/,,https://api.robinhood.com/instruments/71d81e7d-783c-4b8c-b574-ee50fcc4ce3a/,71d81e7d-783c-4b8c-b574-ee50fcc4ce3a,24.00000000,8.06210000,0.02,filled,filled,,market,sell,gfd,immediate,,,24.00000000,,2019-05-13T14:49:16.861927Z,2019-05-13T14:49:17.514756Z,2019-05-13T14:49:17.108000Z,"[{'price': '8.06210000', 'quantity': '24.00000000', 'rounded_notional': None, 'settlement_date': '2019-05-15', 'timestamp': '2019-05-13T14:49:17.108000Z', 'id': '8c25362e-e46c-4465-8e82-fe9fa8f544e9', 'ipo_access_execution_rank': None, 'trade_execution_date': None}]",False,regular_hours,False,False,,,,,,,,,"{'amount': '193.49', 'currency_code': 'USD', 'currency_id': '1072fc76-1862-41ab-82c2-485837590762'}",,False,,,,,,False,True,False,True,0,,,2.0,,False,,order_finalized,,
7d12f90d-e5a6-453f-a57a-016af6f2a350,c5815f6f-89a0-448e-b701-ef8ade4d2d66,https://api.robinhood.com/orders/7d12f90d-e5a6-453f-a57a-016af6f2a350/,https://api.robinhood.com/accounts/5SE25445/,fa785cc9-e75d-40e1-ad49-9dad4a009457,https://api.robinhood.com/positions/5SE25445/940fc3f5-1db5-4fed-b452-f3a2e4562b5f/,,https://api.robinhood.com/instruments/940fc3f5-1db5-4fed-b452-f3a2e4562b5f/,940fc3f5-1db5-4fed-b452-f3a2e4562b5f,4.00000000,26.57000000,0.02,filled,filled,,market,sell,gfd,immediate,,,4.00000000,,2019-05-13T14:43:21.097928Z,2019-05-13T14:43:21.778600Z,2019-05-13T14:43:21.301000Z,"[{'price': '26.57000000', 'quantity': '4.00000000', 'rounded_notional': None, 'settlement_date': '2019-05-15', 'timestamp': '2019-05-13T14:43:21.301000Z', 'id': '8fbf2dc8-c9b5-42c2-9b83-5c017ec09e9c', 'ipo_access_execution_rank': None, 'trade_execution_date': None}]",False,regular_hours,False,False,,,,,,,,,"{'amount': '106.28', 'currency_code': 'USD', 'currency_id': '1072fc76-1862-41ab-82c2-485837590762'}",,False,,,,,,False,True,False,True,0,,,2.0,,False,,order_finalized,,
43000736-0f60-4ea3-a471-be3e7a0501c4,ef9f7e05-4ca0-49f1-909b-207b93f87328,https://api.robinhood.com/orders/43000736-0f60-4ea3-a471-be3e7a0501c4/,https://api.robinhood.com/accounts/5SE25445/,fa785cc9-e75d-40e1-ad49-9dad4a009457,https://api.robinhood.com/positions/5SE25445/2b456f6a-3287-4757-abf9-327383d2c708/,,https://api.robinhood.com/instruments/2b456f6a-3287-4757-abf9-327383d2c708/,2b456f6a-3287-4757-abf9-327383d2c708,3.00000000,30.48000000,0.02,filled,filled,,market,sell,gfd,immediate,,,3.00000000,,2019-05-13T14:43:10.070464Z,2019-05-13T14:43:11.028177Z,2019-05-13T14:43:10.578000Z,"[{'price': '30.48000000', 'quantity': '3.00000000', 'rounded_notional': None, 'settlement_date': '2019-05-15', 'timestamp': '2019-05-13T14:43:10.578000Z', 'id': '24503563-2ef5-4999-96cd-8885bc3b60e8', 'ipo_access_execution_rank': None, 'trade_execution_date': None}]",False,regular_hours,False,False,,,,,,,,,"{'amount': '91.44', 'currency_code': 'USD', 'currency_id': '1072fc76-1862-41ab-82c2-485837590762'}",,False,,,,,,False,True,False,True,0,,,2.0,,False,,order_finalized,,
2e6f9b89-1447-439e-9c5e-92e713ac7dd0,95013971-0500-4cf2-a91a-230c1d8f074b,https://api.robinhood.com/orders/2e6f9b89-1447-439e-9c5e-92e713ac7dd0/,https://api.robinhood.com/accounts/5SE25445/,fa785cc9-e75d-40e1-ad49-9dad4a009457,https://api.robinhood.com/positions/5SE25445/ef99a2c4-adb2-4163-a2df-2d5722cc75b7/,,https://api.robinhood.com/instruments/ef99a2c4-adb2-4163-a2df-2d5722cc75b7/,ef99a2c4-adb2-4163-a2df-2d5722cc75b7,11.00000000,2.25550000,0.02,filled,filled,,market,sell,gfd,immediate,,,11.00000000,,2019-05-13T14:42:59.252129Z,2019-05-13T14:42:59.970955Z,2019-05-13T14:42:59.522000Z,"[{'price': '2.25500000', 'quantity': '11.00000000', 'rounded_notional': None, 'settlement_date': '2019-05-15', 'timestamp': '2019-05-13T14:42:59.522000Z', 'id': '8217cc9e-c63b-45d8-acd3-640e374191f6', 'ipo_access_execution_rank': None, 'trade_execution_date': None}]",False,regular_hours,False,False,,,,,,,,,"{'amount': '24.81', 'currency_code': 'USD', 'currency_id': '1072fc76-1862-41ab-82c2-485837590762'}",,False,,,,,,False,True,False,True,0,,,2.0,,False,,order_finalized,,
97140116-8277-438e-87da-7638f58bb793,ab73c43c-e2fc-4142-849e-6911bd3a5d11,https://api.robinhood.com/orders/97140116-8277-438e-87da-7638f58bb793/,https://api.robinhood.com/accounts/5SE25445/,fa785cc9-e75d-40e1-ad49-9dad4a009457,https://api.robinhood.com/positions/5SE25445/9f1399e5-5023-425a-9eb5-cd3f91560189/,,https://api.robinhood.com/instruments/9f1399e5-5023-425a-9eb5-cd3f91560189/,9f1399e5-5023-425a-9eb5-cd3f91560189,15.00000000,4.40200000,0.02,filled,filled,,market,sell,gfd,immediate,,,15.00000000,,2019-05-13T14:42:48.136730Z,2019-05-13T14:42:48.794154Z,2019-05-13T14:42:48.323000Z,"[{'price': '4.40170000', 'quantity': '15.00000000', 'rounded_notional': None, 'settlement_date': '2019-05-15', 'timestamp': '2019-05-13T14:42:48.323000Z', 'id': '48020376-43d9-4d6b-8b06-82822407ba8a', 'ipo_access_execution_rank': None, 'trade_execution_date': None}]",False,regular_hours,False,False,,,,,,,,,"{'amount': '66.03', 'currency_code': 'USD', 'currency_id': '1072fc76-1862-41ab-82c2-485837590762'}",,False,,,,,,False,True,False,True,0,,,2.0,,False,,order_finalized,,
5f097ec6-e419-4456-92a3-7cdfae5e4018,dab0fda3-e3bc-4d26-a45c-96c2b0fcb82a,https://api.robinhood.com/orders/5f097ec6-e419-4456-92a3-7cdfae5e4018/,https://api.robinhood.com/accounts/5SE25445/,fa785cc9-e75d-40e1-ad49-9dad4a009457,https://api.robinhood.com/positions/5SE25445/6df56bd0-0bf2-44ab-8875-f94fd8526942/,,https://api.robinhood.com/instruments/6df56bd0-0bf2-44ab-8875-f94fd8526942/,6df56bd0-0bf2-44ab-8875-f94fd8526942,6.00000000,10.21000000,0.02,filled,filled,,market,sell,gfd,immediate,,,6.00000000,,2019-05-13T14:42:32.950027Z,2019-05-13T14:42:33.776606Z,2019-05-13T14:42:33.292000Z,"[{'price': '10.21000000', 'quantity': '6.00000000', 'rounded_notional': None, 'settlement_date': '2019-05-15', 'timestamp': '2019-05-13T14:42:33.292000Z', 'id': 'f91f2185-e46b-45cd-b9f5-26abf309f712', 'ipo_access_execution_rank': None, 'trade_execution_date': None}]",False,regular_hours,False,False,,,,,,,,,"{'amount': '61.26', 'currency_code': 'USD', 'currency_id': '1072fc76-1862-41ab-82c2-485837590762'}",,False,,,,,,False,True,False,True,0,,,2.0,,False,,order_finalized,,
f06c2f4d-c2fa-4ffd-a155-e676e8805142,377d7b84-aa6d-4862-920f-9aab4895f3c6,https://api.robinhood.com/orders/f06c2f4d-c2fa-4ffd-a155-e676e8805142/,https://api.robinhood.com/accounts/5SE25445/,fa785cc9-e75d-40e1-ad49-9dad4a009457,https://api.robinhood.com/positions/5SE25445/40dd6259-4ce5-4609-b931-4489d5d74102/,,https://api.robinhood.com/instruments/40dd6259-4ce5-4609-b931-4489d5d74102/,40dd6259-4ce5-4609-b931-4489d5d74102,1.00000000,5.25000000,0.02,filled,filled,,market,sell,gfd,immediate,,,1.00000000,,2019-05-13T14:42:22.282448Z,2019-05-13T14:42:22.827696Z,2019-05-13T14:42:22.370000Z,"[{'price': '5.25000000', 'quantity': '1.00000000', 'rounded_notional': None, 'settlement_date': '2019-05-15', 'timestamp': '2019-05-13T14:42:22.370000Z', 'id': '26553226-ff69-42d4-9ed3-44a03bb35a79', 'ipo_access_execution_rank': None, 'trade_execution_date': None}]",False,regular_hours,False,False,,,,,,,,,"{'amount': '5.25', 'currency_code': 'USD', 'currency_id': '1072fc76-1862-41ab-82c2-485837590762'}",,False,,,,,,False,True,False,True,0,,,2.0,,False,,order_finalized,,
3e8f34bc-0494-4caf-8908-863df90084b5,5c647524-3041-4dd5-93c8-13c8e3480ba0,https://api.robinhood.com/orders/3e8f34bc-0494-4caf-8908-863df90084b5/,https://api.robinhood.com/accounts/5SE25445/,fa785cc9-e75d-40e1-ad49-9dad4a009457,https://api.robinhood.com/positions/5SE25445/44a11079-4699-4442-84f8-f8cdf2c1a3c8/,,https://api.robinhood.com/instruments/44a11079-4699-4442-84f8-f8cdf2c1a3c8/,44a11079-4699-4442-84f8-f8cdf2c1a3c8,3.00000000,73.42000000,0.02,filled,filled,,market,sell,gfd,immediate,,,3.00000000,,2019-05-13T14:42:11.572314Z,2019-05-13T14:42:12.313590Z,2019-05-13T14:42:11.830000Z,"[{'price': '73.42000000', 'quantity': '3.00000000', 'rounded_notional': None, 'settlement_date': '2019-05-15', 'timestamp': '2019-05-13T14:42:11.830000Z', 'id': '4f3f1b30-bd8a-4aa7-8616-9953f289c7fe', 'ipo_access_execution_rank': None, 'trade_execution_date': None}]",False,regular_hours,False,False,,,,,,,,,"{'amount': '220.26', 'currency_code': 'USD', 'currency_id': '1072fc76-1862-41ab-82c2-485837590762'}",,False,,,,,,False,True,False,True,0,,,2.0,,False,,order_finalized,,
e10ed7c8-71d6-4d54-8f2d-6575ddfce8ab,c3e75539-83b3-414b-8b84-1d82884890ba,https://api.robinhood.com/orders/e10ed7c8-71d6-4d54-8f2d-6575ddfce8ab/,https://api.robinhood.com/accounts/5SE25445/,fa785cc9-e75d-40e1-ad49-9dad4a009457,https://api.robinhood.com/positions/5SE25445/8dc2970f-2632-4ece-a25f-496614166799/,,https://api.robinhood.com/instruments/8dc2970f-2632-4ece-a25f-496614166799/,8dc2970f-2632-4ece-a25f-496614166799,1.00000000,5.08000000,0.02,filled,filled,,market,sell,gfd,immediate,,,1.00000000,,2019-05-13T14:41:59.411310Z,2019-05-13T14:42:00.076874Z,2019-05-13T14:41:59.608000Z,"[{'price': '5.08000000', 'quantity': '1.00000000', 'rounded_notional': None, 'settlement_date': '2019-05-15', 'timestamp': '2019-05-13T14:41:59.608000Z', 'id': '1fe5b08a-5064-461c-8b6e-014d44cc235a', 'ipo_access_execution_rank': None, 'trade_execution_date': None}]",False,regular_hours,False,False,,,,,,,,,"{'amount': '5.08', 'currency_code': 'USD', 'currency_id': '1072fc76-1862-41ab-82c2-485837590762'}",,False,,,,,,False,True,False,True,0,,,2.0,,False,,order_finalized,,
95d8068a-a51b-4e7b-b909-3753c11b6757,9a8de8e2-cbd7-4d02-a81b-f621a13f5b3e,https://api.robinhood.com/orders/95d8068a-a51b-4e7b-b909-3753c11b6757/,https://api.robinhood.com/accounts/5SE25445/,fa785cc9-e75d-40e1-ad49-9dad4a009457,https://api.robinhood.com/positions/5SE25445/3ad11874-934e-4b7f-8686-c7c9115b1a0b/,,https://api.robinhood.com/instruments/3ad11874-934e-4b7f-8686-c7c9115b1a0b/,3ad11874-934e-4b7f-8686-c7c9115b1a0b,4.00000000,5.93000000,0.02,filled,filled,,market,sell,gfd,immediate,,,4.00000000,,2019-05-13T14:41:47.800636Z,2019-05-13T14:41:48.561868Z,2019-05-13T14:41:48.103000Z,"[{'price': '5.93030000', 'quantity': '4.00000000', 'rounded_notional': None, 'settlement_date': '2019-05-15', 'timestamp': '2019-05-13T14:41:48.103000Z', 'id': '5d6feeec-504e-4ccd-9246-97c5c98d25c1', 'ipo_access_execution_rank': None, 'trade_execution_date': None}]",False,regular_hours,False,False,,,,,,,,,"{'amount': '23.72', 'currency_code': 'USD', 'currency_id': '1072fc76-1862-41ab-82c2-485837590762'}",,False,,,,,,False,True,False,True,0,,,2.0,,False,,order_finalized,,
23df179d-4354-4998-b1ae-303ca0ab6a08,72add883-1a89-42f5-b712-13322a0f96ad,https://api.robinhood.com/orders/23df179d-4354-4998-b1ae-303ca0ab6a08/,https://api.robinhood.com/accounts/5SE25445/,fa785cc9-e75d-40e1-ad49-9dad4a009457,https://api.robinhood.com/positions/5SE25445/6461e073-d21d-4371-aaf0-d24e4e7657bc/,,https://api.robinhood.com/instruments/6461e073-d21d-4371-aaf0-d24e4e7657bc/,6461e073-d21d-4371-aaf0-d24e4e7657bc,2.00000000,18.74500000,0.02,filled,filled,,market,sell,gfd,immediate,,,2.00000000,,2019-05-13T14:41:36.880774Z,2019-05-13T14:41:37.430291Z,2019-05-13T14:41:36.980000Z,"[{'price': '18.74640000', 'quantity': '2.00000000', 'rounded_notional': None, 'settlement_date': '2019-05-15', 'timestamp': '2019-05-13T14:41:36.980000Z', 'id': '37a3cab6-de32-4cb5-b557-2f9a1fc25bd6', 'ipo_access_execution_rank': None, 'trade_execution_date': None}]",False,regular_hours,False,False,,,,,,,,,"{'amount': '37.49', 'currency_code': 'USD', 'currency_id': '1072fc76-1862-41ab-82c2-485837590762'}",,False,,,,,,False,True,False,True,0,,,2.0,,False,,order_finalized,,
5eb6ffca-a8ee-411c-a073-6f6f6af6e4e6,6af33c0d-214f-42a6-9dc2-a4ca8f744125,https://api.robinhood.com/orders/5eb6ffca-a8ee-411c-a073-6f6f6af6e4e6/,https://api.robinhood.com/accounts/5SE25445/,fa785cc9-e75d-40e1-ad49-9dad4a009457,https://api.robinhood.com/positions/5SE25445/96d05e43-1b28-4a0c-9904-063b6f989cc0/,,https://api.robinhood.com/instruments/96d05e43-1b28-4a0c-9904-063b6f989cc0/,96d05e43-1b28-4a0c-9904-063b6f989cc0,1.00000000,53.68000000,0.02,filled,filled,,market,sell,gfd,immediate,,,1.00000000,,2019-05-13T14:41:19.581599Z,2019-05-13T14:41:20.569478Z,2019-05-13T14:41:20.102000Z,"[{'price': '53.68010000', 'quantity': '1.00000000', 'rounded_notional': None, 'settlement_date': '2019-05-15', 'timestamp': '2019-05-13T14:41:20.102000Z', 'id': '317adfcd-3c89-4824-b76a-e37cd13430d9', 'ipo_access_execution_rank': None, 'trade_execution_date': None}]",False,regular_hours,False,False,,,,,,,,,"{'amount': '53.68', 'currency_code': 'USD', 'currency_id': '1072fc76-1862-41ab-82c2-485837590762'}",,False,,,,,,False,True,False,True,0,,,2.0,,False,,order_finalized,,
73a3694e-ea49-469c-bb33-27ad379b6159,0909a373-7e5b-4899-a97c-810b48d8c814,https://api.robinhood.com/orders/73a3694e-ea49-469c-bb33-27ad379b6159/,https://api.robinhood.com/accounts/5SE25445/,fa785cc9-e75d-40e1-ad49-9dad4a009457,https://api.robinhood.com/positions/5SE25445/9c53326c-d07e-4b82-82d2-b108ec5d9530/,,https://api.robinhood.com/instruments/9c53326c-d07e-4b82-82d2-b108ec5d9530/,9c53326c-d07e-4b82-82d2-b108ec5d9530,1.00000000,132.52000000,0.02,filled,filled,,market,sell,gfd,immediate,,,1.00000000,,2019-05-13T14:41:02.452494Z,2019-05-13T14:41:03.052485Z,2019-05-13T14:41:02.642000Z,"[{'price': '132.51770000', 'quantity': '1.00000000', 'rounded_notional': None, 'settlement_date': '2019-05-15', 'timestamp': '2019-05-13T14:41:02.642000Z', 'id': '22f2c3df-0462-4fa6-8956-b15e6636f4c7', 'ipo_access_execution_rank': None, 'trade_execution_date': None}]",False,regular_hours,False,False,,,,,,,,,"{'amount': '132.52', 'currency_code': 'USD', 'currency_id': '1072fc76-1862-41ab-82c2-485837590762'}",,False,,,,,,False,True,False,True,0,,,2.0,,False,,order_finalized,,
4942f8e4-b010-4a1d-a04b-8e387ee9ef25,0c17d7fb-32e8-4952-9dcf-0fa73af3a6a7,https://api.robinhood.com/orders/4942f8e4-b010-4a1d-a04b-8e387ee9ef25/,https://api.robinhood.com/accounts/5SE25445/,fa785cc9-e75d-40e1-ad49-9dad4a009457,https://api.robinhood.com/positions/5SE25445/39ff611b-84e7-425b-bfb8-6fe2a983fcf3/,,https://api.robinhood.com/instruments/39ff611b-84e7-425b-bfb8-6fe2a983fcf3/,39ff611b-84e7-425b-bfb8-6fe2a983fcf3,7.00000000,10.00860000,0.02,filled,filled,,market,sell,gfd,immediate,,,7.00000000,,2019-05-13T14:40:49.799043Z,2019-05-13T14:40:50.968964Z,2019-05-13T14:40:50.232000Z,"[{'price': '10.00870000', 'quantity': '7.00000000', 'rounded_notional': None, 'settlement_date': '2019-05-15', 'timestamp': '2019-05-13T14:40:50.232000Z', 'id': '5472dcb7-418f-4243-bbfa-dd616741bca7', 'ipo_access_execution_rank': None, 'trade_execution_date': None}]",False,regular_hours,False,False,,,,,,,,,"{'amount': '70.06', 'currency_code': 'USD', 'currency_id': '1072fc76-1862-41ab-82c2-485837590762'}",,False,,,,,,False,True,False,True,0,,,2.0,,False,,order_finalized,,
71f9dd57-c916-45ff-80ed-94d3b1fc101e,2fdcfdfe-06e2-4bc0-b5d0-f3b860f051bf,https://api.robinhood.com/orders/71f9dd57-c916-45ff-80ed-94d3b1fc101e/,https://api.robinhood.com/accounts/5SE25445/,fa785cc9-e75d-40e1-ad49-9dad4a009457,https://api.robinhood.com/positions/5SE25445/f786c13a-e28f-42a2-8e0e-c7e479688136/,,https://api.robinhood.com/instruments/f786c13a-e28f-42a2-8e0e-c7e479688136/,f786c13a-e28f-42a2-8e0e-c7e479688136,2.00000000,7.18000000,0.00,filled,filled,,market,buy,gfd,immediate,7.53000000,,2.00000000,,2019-05-10T16:43:04.950308Z,2019-05-10T16:43:05.493068Z,2019-05-10T16:43:05.038000Z,"[{'price': '7.18000000', 'quantity': '2.00000000', 'rounded_notional': None, 'settlement_date': '2019-05-14', 'timestamp': '2019-05-10T16:43:05.038000Z', 'id': '98552587-ad1e-4476-a493-6e86a0884617', 'ipo_access_execution_rank': None, 'trade_execution_date': None}]",False,regular_hours,False,False,,,,,,,,"{'amount': '15.06', 'currency_code': 'USD', 'currency_id': '1072fc76-1862-41ab-82c2-485837590762'}","{'amount': '14.36', 'currency_code': 'USD', 'currency_id': '1072fc76-1862-41ab-82c2-485837590762'}",,False,,,,,,False,True,False,True,0,,,2.0,,False,,order_finalized,,
fa4ed322-790f-47c2-8acc-8b8df811cc60,bc60978b-8b7b-4b91-9855-979a4e4e9c30,https://api.robinhood.com/orders/fa4ed322-790f-47c2-8acc-8b8df811cc60/,https://api.robinhood.com/accounts/5SE25445/,fa785cc9-e75d-40e1-ad49-9dad4a009457,https://api.robinhood.com/positions/5SE25445/f786c13a-e28f-42a2-8e0e-c7e479688136/,,https://api.robinhood.com/instruments/f786c13a-e28f-42a2-8e0e-c7e479688136/,f786c13a-e28f-42a2-8e0e-c7e479688136,10.00000000,7.17000000,0.00,filled,filled,,market,buy,gfd,immediate,7.51000000,,10.00000000,,2019-05-10T16:41:58.332396Z,2019-05-10T16:41:58.918519Z,2019-05-10T16:41:58.499000Z,"[{'price': '7.16950000', 'quantity': '10.00000000', 'rounded_notional': None, 'settlement_date': '2019-05-14', 'timestamp': '2019-05-10T16:41:58.499000Z', 'id': '0354d256-8752-4319-ac02-5492105c3a14', 'ipo_access_execution_rank': None, 'trade_execution_date': None}]",False,regular_hours,False,False,,,,,,,,"{'amount': '75.10', 'currency_code': 'USD', 'currency_id': '1072fc76-1862-41ab-82c2-485837590762'}","{'amount': '71.70', 'currency_code': 'USD', 'currency_id': '1072fc76-1862-41ab-82c2-485837590762'}",,False,,,,,,False,True,False,True,0,,,2.0,,False,,order_finalized,,
2b108a62-beed-478c-a5e1-5126f9dcf1c9,22859540-8d4b-432a-afcd-7a4b687ff7fc,https://api.robinhood.com/orders/2b108a62-beed-478c-a5e1-5126f9dcf1c9/,https://api.robinhood.com/accounts/5SE25445/,fa785cc9-e75d-40e1-ad49-9dad4a009457,https://api.robinhood.com/positions/5SE25445/0dd811b3-7047-448d-96e0-7bf6ee4cfe45/,,https://api.robinhood.com/instruments/0dd811b3-7047-448d-96e0-7bf6ee4cfe45/,0dd811b3-7047-448d-96e0-7bf6ee4cfe45,3.00000000,29.48000000,0.02,filled,filled,,market,sell,gfd,immediate,,,3.00000000,,2019-05-10T16:18:28.507222Z,2019-05-10T16:18:29.284660Z,2019-05-10T16:18:28.791000Z,"[{'price': '29.48030000', 'quantity': '3.00000000', 'rounded_notional': None, 'settlement_date': '2019-05-14', 'timestamp': '2019-05-10T16:18:28.791000Z', 'id': '6a304cd2-fce1-4a54-b781-fb21d3380818', 'ipo_access_execution_rank': None, 'trade_execution_date': None}]",False,regular_hours,False,False,,,,,,,,,"{'amount': '88.44', 'currency_code': 'USD', 'currency_id': '1072fc76-1862-41ab-82c2-485837590762'}",,False,,,,,,False,True,False,True,0,,,2.0,,False,,order_finalized,,
6484dc8b-e430-4124-a2be-9898633cd468,8e9e8107-0edb-48cb-830c-59724ecf7a41,https://api.robinhood.com/orders/6484dc8b-e430-4124-a2be-9898633cd468/,https://api.robinhood.com/accounts/5SE25445/,fa785cc9-e75d-40e1-ad49-9dad4a009457,https://api.robinhood.com/positions/5SE25445/9f1399e5-5023-425a-9eb5-cd3f91560189/,,https://api.robinhood.com/instruments/9f1399e5-5023-425a-9eb5-cd3f91560189/,9f1399e5-5023-425a-9eb5-cd3f91560189,8.00000000,4.61880000,0.00,filled,filled,,limit,buy,gfd,immediate,4.62000000,,8.00000000,,2019-05-08T18:49:21.176709Z,2019-05-08T18:49:21.928455Z,2019-05-08T18:49:21.432000Z,"[{'price': '4.61890000', 'quantity': '8.00000000', 'rounded_notional': None, 'settlement_date': '2019-05-10', 'timestamp': '2019-05-08T18:49:21.432000Z', 'id': 'c9b7ed28-179c-4583-ac4b-8d8fe0d1017a', 'ipo_access_execution_rank': None, 'trade_execution_date': None}]",True,extended_hours,False,False,,,,,,,,"{'amount': '36.96', 'currency_code': 'USD', 'currency_id': '1072fc76-1862-41ab-82c2-485837590762'}","{'amount': '36.95', 'currency_code': 'USD', 'currency_id': '1072fc76-1862-41ab-82c2-485837590762'}",,False,,,,,,False,True,False,True,0,,,2.0,,False,,order_finalized,,
86c7be63-6c91-4b4c-b1b1-a5396151af79,3f70cc34-127c-428e-88df-d7a874851190,https://api.robinhood.com/orders/86c7be63-6c91-4b4c-b1b1-a5396151af79/,https://api.robinhood.com/accounts/5SE25445/,fa785cc9-e75d-40e1-ad49-9dad4a009457,https://api.robinhood.com/positions/5SE25445/9f1399e5-5023-425a-9eb5-cd3f91560189/,,https://api.robinhood.com/instruments/9f1399e5-5023-425a-9eb5-cd3f91560189/,9f1399e5-5023-425a-9eb5-cd3f91560189,5.00000000,4.61800000,0.00,filled,filled,,market,buy,gfd,immediate,4.84000000,,5.00000000,,2019-05-08T18:48:56.874622Z,2019-05-08T18:48:57.458368Z,2019-05-08T18:48:56.970000Z,"[{'price': '4.61830000', 'quantity': '5.00000000', 'rounded_notional': None, 'settlement_date': '2019-05-10', 'timestamp': '2019-05-08T18:48:56.970000Z', 'id': '1afcce70-3fa1-4c94-aa0a-f8da10fb6155', 'ipo_access_execution_rank': None, 'trade_execution_date': None}]",False,regular_hours,False,False,,,,,,,,"{'amount': '24.20', 'currency_code': 'USD', 'currency_id': '1072fc76-1862-41ab-82c2-485837590762'}","{'amount': '23.09', 'currency_code': 'USD', 'currency_id': '1072fc76-1862-41ab-82c2-485837590762'}",,False,,,,,,False,True,False,True,0,,,2.0,,False,,order_finalized,,
57cd4126-9e8d-4f2c-a993-a28c3b9c139f,c02f6519-5a7c-422f-ba1f-b9b81601bb56,https://api.robinhood.com/orders/57cd4126-9e8d-4f2c-a993-a28c3b9c139f/,https://api.robinhood.com/accounts/5SE25445/,fa785cc9-e75d-40e1-ad49-9dad4a009457,https://api.robinhood.com/positions/5SE25445/3ad11874-934e-4b7f-8686-c7c9115b1a0b/,,https://api.robinhood.com/instruments/3ad11874-934e-4b7f-8686-c7c9115b1a0b/,3ad11874-934e-4b7f-8686-c7c9115b1a0b,3.00000000,5.58000000,0.00,filled,filled,,market,buy,gfd,immediate,5.84000000,,3.00000000,,2019-05-08T18:48:20.506938Z,2019-05-08T18:48:21.149258Z,2019-05-08T18:48:20.627000Z,"[{'price': '5.58000000', 'quantity': '3.00000000', 'rounded_notional': None, 'settlement_date': '2019-05-10', 'timestamp': '2019-05-08T18:48:20.627000Z', 'id': '2d7d0bb4-3139-4191-98e5-8b23eb963298', 'ipo_access_execution_rank': None, 'trade_execution_date': None}]",False,regular_hours,False,False,,,,,,,,"{'amount': '17.52', 'currency_code': 'USD', 'currency_id': '1072fc76-1862-41ab-82c2-485837590762'}","{'amount': '16.74', 'currency_code': 'USD', 'currency_id': '1072fc76-1862-41ab-82c2-485837590762'}",,False,,,,,,False,True,False,True,0,,,2.0,,False,,order_finalized,,
f84af03a-9560-4841-b5be-107498f38626,eb8dfb3f-12e1-4bce-8f10-b9d73da9c015,https://api.robinhood.com/orders/f84af03a-9560-4841-b5be-107498f38626/,https://api.robinhood.com/accounts/5SE25445/,fa785cc9-e75d-40e1-ad49-9dad4a009457,https://api.robinhood.com/positions/5SE25445/9f1399e5-5023-425a-9eb5-cd3f91560189/,,https://api.robinhood.com/instruments/9f1399e5-5023-425a-9eb5-cd3f91560189/,9f1399e5-5023-425a-9eb5-cd3f91560189,2.00000000,4.62000000,0.00,filled,filled,,market,buy,gfd,immediate,4.84000000,,2.00000000,,2019-05-08T18:47:48.247354Z,2019-05-08T18:47:48.821446Z,2019-05-08T18:47:48.347000Z,"[{'price': '4.62000000', 'quantity': '2.00000000', 'rounded_notional': None, 'settlement_date': '2019-05-10', 'timestamp': '2019-05-08T18:47:48.347000Z', 'id': '94706eb7-22ba-4a68-83ec-212558338a1c', 'ipo_access_execution_rank': None, 'trade_execution_date': None}]",False,regular_hours,False,False,,,,,,,,"{'amount': '9.68', 'currency_code': 'USD', 'currency_id': '1072fc76-1862-41ab-82c2-485837590762'}","{'amount': '9.24', 'currency_code': 'USD', 'currency_id': '1072fc76-1862-41ab-82c2-485837590762'}",,False,,,,,,False,True,False,True,0,,,2.0,,False,,order_finalized,,
5a0f6016-1199-45ee-a08c-523b308148ec,bfa1b44c-36c8-4ab0-9a36-30e231dfcabf,https://api.robinhood.com/orders/5a0f6016-1199-45ee-a08c-523b308148ec/,https://api.robinhood.com/accounts/5SE25445/,fa785cc9-e75d-40e1-ad49-9dad4a009457,https://api.robinhood.com/positions/5SE25445/0dd811b3-7047-448d-96e0-7bf6ee4cfe45/,,https://api.robinhood.com/instruments/0dd811b3-7047-448d-96e0-7bf6ee4cfe45/,0dd811b3-7047-448d-96e0-7bf6ee4cfe45,2.00000000,30.06000000,0.00,filled,filled,,market,buy,gfd,immediate,31.55000000,,2.00000000,,2019-05-08T18:47:16.525291Z,2019-05-08T18:47:17.085878Z,2019-05-08T18:47:16.646000Z,"[{'price': '30.06000000', 'quantity': '2.00000000', 'rounded_notional': None, 'settlement_date': '2019-05-10', 'timestamp': '2019-05-08T18:47:16.646000Z', 'id': '985b2695-0037-4226-b1d6-ae8631e96c6a', 'ipo_access_execution_rank': None, 'trade_execution_date': None}]",False,regular_hours,False,False,,,,,,,,"{'amount': '63.10', 'currency_code': 'USD', 'currency_id': '1072fc76-1862-41ab-82c2-485837590762'}","{'amount': '60.12', 'currency_code': 'USD', 'currency_id': '1072fc76-1862-41ab-82c2-485837590762'}",,False,,,,,,False,True,False,True,0,,,2.0,,False,,order_finalized,,
e5c314a5-9150-4a9d-9e18-999649e19e80,b7878071-a4c2-4058-b62c-ba311ca17bda,https://api.robinhood.com/orders/e5c314a5-9150-4a9d-9e18-999649e19e80/,https://api.robinhood.com/accounts/5SE25445/,fa785cc9-e75d-40e1-ad49-9dad4a009457,https://api.robinhood.com/positions/5SE25445/6df56bd0-0bf2-44ab-8875-f94fd8526942/,,https://api.robinhood.com/instruments/6df56bd0-0bf2-44ab-8875-f94fd8526942/,6df56bd0-0bf2-44ab-8875-f94fd8526942,5.00000000,10.38000000,0.00,filled,filled,,market,buy,gfd,immediate,10.89000000,,5.00000000,,2019-05-08T18:46:42.524837Z,2019-05-08T18:46:43.194753Z,2019-05-08T18:46:42.605000Z,"[{'price': '10.38000000', 'quantity': '5.00000000', 'rounded_notional': None, 'settlement_date': '2019-05-10', 'timestamp': '2019-05-08T18:46:42.605000Z', 'id': 'e9ff2344-9a4f-4e50-ba44-419148dc69a7', 'ipo_access_execution_rank': None, 'trade_execution_date': None}]",False,regular_hours,False,False,,,,,,,,"{'amount': '54.45', 'currency_code': 'USD', 'currency_id': '1072fc76-1862-41ab-82c2-485837590762'}","{'amount': '51.90', 'currency_code': 'USD', 'currency_id': '1072fc76-1862-41ab-82c2-485837590762'}",,False,,,,,,False,True,False,True,0,,,2.0,,False,,order_finalized,,
1ac60b37-c570-4c98-91a4-fcfe9e4a9970,c45b3372-95e2-4257-a118-595713faa08a,https://api.robinhood.com/orders/1ac60b37-c570-4c98-91a4-fcfe9e4a9970/,https://api.robinhood.com/accounts/5SE25445/,fa785cc9-e75d-40e1-ad49-9dad4a009457,https://api.robinhood.com/positions/5SE25445/39ff611b-84e7-425b-bfb8-6fe2a983fcf3/,,https://api.robinhood.com/instruments/39ff611b-84e7-425b-bfb8-6fe2a983fcf3/,39ff611b-84e7-425b-bfb8-6fe2a983fcf3,3.00000000,10.16000000,0.00,filled,filled,,market,buy,gfd,immediate,10.66000000,,3.00000000,,2019-05-08T18:46:27.649444Z,2019-05-08T18:46:28.266967Z,2019-05-08T18:46:27.767000Z,"[{'price': '10.16000000', 'quantity': '3.00000000', 'rounded_notional': None, 'settlement_date': '2019-05-10', 'timestamp': '2019-05-08T18:46:27.767000Z', 'id': '04c1b592-1674-4bfe-a6bc-3e88691d2105', 'ipo_access_execution_rank': None, 'trade_execution_date': None}]",False,regular_hours,False,False,,,,,,,,"{'amount': '31.98', 'currency_code': 'USD', 'currency_id': '1072fc76-1862-41ab-82c2-485837590762'}","{'amount': '30.48', 'currency_code': 'USD', 'currency_id': '1072fc76-1862-41ab-82c2-485837590762'}",,False,,,,,,False,True,False,True,0,,,2.0,,False,,order_finalized,,
5fc7c1bf-98b1-485f-8784-ea59852ca95d,da240f95-3ec3-49b8-acd1-1363c80cd759,https://api.robinhood.com/orders/5fc7c1bf-98b1-485f-8784-ea59852ca95d/,https://api.robinhood.com/accounts/5SE25445/,fa785cc9-e75d-40e1-ad49-9dad4a009457,https://api.robinhood.com/positions/5SE25445/71d81e7d-783c-4b8c-b574-ee50fcc4ce3a/,,https://api.robinhood.com/instruments/71d81e7d-783c-4b8c-b574-ee50fcc4ce3a/,71d81e7d-783c-4b8c-b574-ee50fcc4ce3a,8.00000000,8.69750000,0.00,filled,filled,,market,buy,gfd,immediate,9.13000000,,8.00000000,,2019-05-08T18:45:45.499872Z,2019-05-08T18:45:46.180523Z,2019-05-08T18:45:45.719000Z,"[{'price': '8.69800000', 'quantity': '8.00000000', 'rounded_notional': None, 'settlement_date': '2019-05-10', 'timestamp': '2019-05-08T18:45:45.719000Z', 'id': 'b9abf4e9-234e-41ae-afbe-5075fa8c6fa3', 'ipo_access_execution_rank': None, 'trade_execution_date': None}]",False,regular_hours,False,False,,,,,,,,"{'amount': '73.04', 'currency_code': 'USD', 'currency_id': '1072fc76-1862-41ab-82c2-485837590762'}","{'amount': '69.58', 'currency_code': 'USD', 'currency_id': '1072fc76-1862-41ab-82c2-485837590762'}",,False,,,,,,False,True,False,True,0,,,2.0,,False,,order_finalized,,
52cc48ae-e90a-4808-8a41-a32c7cf93b15,4df6d002-c99b-487e-a0e4-19e01ea377b2,https://api.robinhood.com/orders/52cc48ae-e90a-4808-8a41-a32c7cf93b15/,https://api.robinhood.com/accounts/5SE25445/,fa785cc9-e75d-40e1-ad49-9dad4a009457,https://api.robinhood.com/positions/5SE25445/71d81e7d-783c-4b8c-b574-ee50fcc4ce3a/,,https://api.robinhood.com/instruments/71d81e7d-783c-4b8c-b574-ee50fcc4ce3a/,71d81e7d-783c-4b8c-b574-ee50fcc4ce3a,9.00000000,8.69780000,0.00,filled,filled,,market,buy,gfd,immediate,9.12000000,,9.00000000,,2019-05-08T18:45:25.141670Z,2019-05-08T18:45:25.807887Z,2019-05-08T18:45:25.320000Z,"[{'price': '8.69800000', 'quantity': '9.00000000', 'rounded_notional': None, 'settlement_date': '2019-05-10', 'timestamp': '2019-05-08T18:45:25.320000Z', 'id': '5b8cb050-b13c-4b09-98f8-dd119864de90', 'ipo_access_execution_rank': None, 'trade_execution_date': None}]",False,regular_hours,False,False,,,,,,,,"{'amount': '82.08', 'currency_code': 'USD', 'currency_id': '1072fc76-1862-41ab-82c2-485837590762'}","{'amount': '78.28', 'currency_code': 'USD', 'currency_id': '1072fc76-1862-41ab-82c2-485837590762'}",,False,,,,,,False,True,False,True,0,,,2.0,,False,,order_finalized,,
8e7c1fff-0e2d-47c2-a7dc-0931ab05f467,79676fa3-1e98-4bc5-b6c0-8ff6de46d576,https://api.robinhood.com/orders/8e7c1fff-0e2d-47c2-a7dc-0931ab05f467/,https://api.robinhood.com/accounts/5SE25445/,fa785cc9-e75d-40e1-ad49-9dad4a009457,https://api.robinhood.com/positions/5SE25445/48bbe4a0-d167-4bfe-8d3b-494f9bb56350/,,https://api.robinhood.com/instruments/48bbe4a0-d167-4bfe-8d3b-494f9bb56350/,48bbe4a0-d167-4bfe-8d3b-494f9bb56350,3.00000000,38.41000000,0.02,filled,filled,,market,sell,gfd,immediate,,,3.00000000,,2019-05-08T18:44:37.646969Z,2019-05-08T18:44:38.345463Z,2019-05-08T18:44:37.896000Z,"[{'price': '38.41000000', 'quantity': '3.00000000', 'rounded_notional': None, 'settlement_date': '2019-05-10', 'timestamp': '2019-05-08T18:44:37.896000Z', 'id': '89d86d98-5967-4fc4-9893-d59baa634516', 'ipo_access_execution_rank': None, 'trade_execution_date': None}]",False,regular_hours,False,False,,,,,,,,,"{'amount': '115.23', 'currency_code': 'USD', 'currency_id': '1072fc76-1862-41ab-82c2-485837590762'}",,False,,,,,,False,True,False,True,0,,,2.0,,False,,order_finalized,,
b0572780-14f4-4891-9111-923c31cf27a7,819655a7-4bec-4cbd-b223-678f8e463300,https://api.robinhood.com/orders/b0572780-14f4-4891-9111-923c31cf27a7/,https://api.robinhood.com/accounts/5SE25445/,fa785cc9-e75d-40e1-ad49-9dad4a009457,https://api.robinhood.com/positions/5SE25445/ef99a2c4-adb2-4163-a2df-2d5722cc75b7/,,https://api.robinhood.com/instruments/ef99a2c4-adb2-4163-a2df-2d5722cc75b7/,ef99a2c4-adb2-4163-a2df-2d5722cc75b7,10.00000000,2.39500000,0.00,filled,filled,,market,buy,gfd,immediate,2.52000000,,10.00000000,,2019-05-08T18:35:11.430863Z,2019-05-08T18:35:12.009817Z,2019-05-08T18:35:11.527000Z,"[{'price': '2.39500000', 'quantity': '10.00000000', 'rounded_notional': None, 'settlement_date': '2019-05-10', 'timestamp': '2019-05-08T18:35:11.527000Z', 'id': 'accafce7-4de3-4dc8-af56-bf0e9c324781', 'ipo_access_execution_rank': None, 'trade_execution_date': None}]",False,regular_hours,False,False,,,,,,,,"{'amount': '25.20', 'currency_code': 'USD', 'currency_id': '1072fc76-1862-41ab-82c2-485837590762'}","{'amount': '23.95', 'currency_code': 'USD', 'currency_id': '1072fc76-1862-41ab-82c2-485837590762'}",,False,,,,,,False,True,False,True,0,,,2.0,,False,,order_finalized,,
63b5a48d-93c9-4e9a-9326-49f221e7f0ca,34aaf882-f3c6-4253-a5a5-42d532158d46,https://api.robinhood.com/orders/63b5a48d-93c9-4e9a-9326-49f221e7f0ca/,https://api.robinhood.com/accounts/5SE25445/,fa785cc9-e75d-40e1-ad49-9dad4a009457,https://api.robinhood.com/positions/5SE25445/68487b7f-91bb-41be-b1df-3af37e6ae38f/,,https://api.robinhood.com/instruments/68487b7f-91bb-41be-b1df-3af37e6ae38f/,68487b7f-91bb-41be-b1df-3af37e6ae38f,2.00000000,15.62500000,0.02,filled,filled,,market,sell,gfd,immediate,,,2.00000000,,2019-05-08T18:34:50.397030Z,2019-05-08T18:34:51.094457Z,2019-05-08T18:34:50.633000Z,"[{'price': '15.62360000', 'quantity': '2.00000000', 'rounded_notional': None, 'settlement_date': '2019-05-10', 'timestamp': '2019-05-08T18:34:50.633000Z', 'id': '7ac41531-8ca4-4cf7-ac10-d7651cc08eba', 'ipo_access_execution_rank': None, 'trade_execution_date': None}]",False,regular_hours,False,False,,,,,,,,,"{'amount': '31.25', 'currency_code': 'USD', 'currency_id': '1072fc76-1862-41ab-82c2-485837590762'}",,False,,,,,,False,True,False,True,0,,,2.0,,False,,order_finalized,,
64400457-f313-4c76-83f1-13bde280e03a,e5324cfc-95b7-475c-8f7e-7781c3e34754,https://api.robinhood.com/orders/64400457-f313-4c76-83f1-13bde280e03a/,https://api.robinhood.com/accounts/5SE25445/,fa785cc9-e75d-40e1-ad49-9dad4a009457,https://api.robinhood.com/positions/5SE25445/ad059c69-0c1c-4c6b-8322-f53f1bbd69d4/,,https://api.robinhood.com/instruments/ad059c69-0c1c-4c6b-8322-f53f1bbd69d4/,ad059c69-0c1c-4c6b-8322-f53f1bbd69d4,3.00000000,50.17000000,0.02,filled,filled,,market,sell,gfd,immediate,,,3.00000000,,2019-05-08T18:33:12.130140Z,2019-05-08T18:33:12.943729Z,2019-05-08T18:33:12.476000Z,"[{'price': '50.17000000', 'quantity': '3.00000000', 'rounded_notional': None, 'settlement_date': '2019-05-10', 'timestamp': '2019-05-08T18:33:12.476000Z', 'id': '4fbe3b2f-0c3b-4ef8-bb59-2459a3065514', 'ipo_access_execution_rank': None, 'trade_execution_date': None}]",False,regular_hours,False,False,,,,,,,,,"{'amount': '150.51', 'currency_code': 'USD', 'currency_id': '1072fc76-1862-41ab-82c2-485837590762'}",,False,,,,,,False,True,False,True,0,,,2.0,,False,,order_finalized,,
0363dd39-24a5-414b-9caa-0992cdbae774,5f3bb3f0-a821-451a-b03b-48da8e81e230,https://api.robinhood.com/orders/0363dd39-24a5-414b-9caa-0992cdbae774/,https://api.robinhood.com/accounts/5SE25445/,fa785cc9-e75d-40e1-ad49-9dad4a009457,https://api.robinhood.com/positions/5SE25445/24d7c10d-ae7d-4f7c-b031-12b2cfb53424/,,https://api.robinhood.com/instruments/24d7c10d-ae7d-4f7c-b031-12b2cfb53424/,24d7c10d-ae7d-4f7c-b031-12b2cfb53424,1.00000000,101.10000000,0.02,filled,filled,,market,sell,gfd,immediate,,,1.00000000,,2019-05-08T18:32:42.170014Z,2019-05-08T18:32:42.817873Z,2019-05-08T18:32:42.379000Z,"[{'price': '101.10100000', 'quantity': '1.00000000', 'rounded_notional': None, 'settlement_date': '2019-05-10', 'timestamp': '2019-05-08T18:32:42.379000Z', 'id': '6e3755f0-7518-4db1-b4d6-d461ba0f969b', 'ipo_access_execution_rank': None, 'trade_execution_date': None}]",False,regular_hours,False,False,,,,,,,,,"{'amount': '101.10', 'currency_code': 'USD', 'currency_id': '1072fc76-1862-41ab-82c2-485837590762'}",,False,,,,,,False,True,False,True,0,,,2.0,,False,,order_finalized,,
1615a199-f587-40d7-b78e-77a60f004984,ae82b9ed-dae4-4cb0-a73a-c6f18dd192e9,https://api.robinhood.com/orders/1615a199-f587-40d7-b78e-77a60f004984/,https://api.robinhood.com/accounts/5SE25445/,fa785cc9-e75d-40e1-ad49-9dad4a009457,https://api.robinhood.com/positions/5SE25445/7f434ac7-acef-4e92-a011-da1ac3f316dd/,,https://api.robinhood.com/instruments/7f434ac7-acef-4e92-a011-da1ac3f316dd/,7f434ac7-acef-4e92-a011-da1ac3f316dd,29.00000000,2.93000000,0.00,filled,filled,,limit,buy,gfd,immediate,2.93000000,,29.00000000,,2019-05-07T14:19:21.787953Z,2019-05-07T14:19:51.139084Z,2019-05-07T14:19:50.703000Z,"[{'price': '2.93000000', 'quantity': '29.00000000', 'rounded_notional': None, 'settlement_date': '2019-05-09', 'timestamp': '2019-05-07T14:19:50.703000Z', 'id': 'a118971f-70f1-45f8-a65f-88955bf855b5', 'ipo_access_execution_rank': None, 'trade_execution_date': None}]",True,extended_hours,False,False,,,,,,,,"{'amount': '84.97', 'currency_code': 'USD', 'currency_id': '1072fc76-1862-41ab-82c2-485837590762'}","{'amount': '84.97', 'currency_code': 'USD', 'currency_id': '1072fc76-1862-41ab-82c2-485837590762'}",,False,,,,,,False,True,False,True,0,,,2.0,,False,,order_finalized,,
1c8f2afa-350a-4782-8446-295abe0bd0ff,40fd28a6-719c-4155-bef4-56f6bebaf617,https://api.robinhood.com/orders/1c8f2afa-350a-4782-8446-295abe0bd0ff/,https://api.robinhood.com/accounts/5SE25445/,fa785cc9-e75d-40e1-ad49-9dad4a009457,https://api.robinhood.com/positions/5SE25445/aec9d597-9fdb-4393-af8b-da2019e2c179/,,https://api.robinhood.com/instruments/aec9d597-9fdb-4393-af8b-da2019e2c179/,aec9d597-9fdb-4393-af8b-da2019e2c179,1.00000000,83.16000000,0.02,filled,filled,,market,sell,gfd,immediate,,,1.00000000,,2019-05-07T14:18:49.515952Z,2019-05-07T14:18:50.228362Z,2019-05-07T14:18:49.779000Z,"[{'price': '83.16020000', 'quantity': '1.00000000', 'rounded_notional': None, 'settlement_date': '2019-05-09', 'timestamp': '2019-05-07T14:18:49.779000Z', 'id': 'b762467b-7d86-49e3-b3a7-fa5ebd7e2307', 'ipo_access_execution_rank': None, 'trade_execution_date': None}]",False,regular_hours,False,False,,,,,,,,,"{'amount': '83.16', 'currency_code': 'USD', 'currency_id': '1072fc76-1862-41ab-82c2-485837590762'}",,False,,,,,,False,True,False,True,0,,,2.0,,False,,order_finalized,,
3f73318c-9be3-41bc-9605-34de320e7b51,4e3a1873-65bb-4ad6-8a14-ac5abae58ff8,https://api.robinhood.com/orders/3f73318c-9be3-41bc-9605-34de320e7b51/,https://api.robinhood.com/accounts/5SE25445/,fa785cc9-e75d-40e1-ad49-9dad4a009457,https://api.robinhood.com/positions/5SE25445/6461e073-d21d-4371-aaf0-d24e4e7657bc/,,https://api.robinhood.com/instruments/6461e073-d21d-4371-aaf0-d24e4e7657bc/,6461e073-d21d-4371-aaf0-d24e4e7657bc,1.00000000,16.96000000,0.00,filled,filled,,market,buy,gfd,immediate,17.81000000,,1.00000000,,2019-05-06T13:36:11.795220Z,2019-05-06T13:36:12.396444Z,2019-05-06T13:36:11.948000Z,"[{'price': '16.95910000', 'quantity': '1.00000000', 'rounded_notional': None, 'settlement_date': '2019-05-08', 'timestamp': '2019-05-06T13:36:11.948000Z', 'id': '929770f1-f1ae-4fe3-9ba3-b48ae1c59689', 'ipo_access_execution_rank': None, 'trade_execution_date': None}]",False,regular_hours,False,False,,,,,,,,"{'amount': '17.81', 'currency_code': 'USD', 'currency_id': '1072fc76-1862-41ab-82c2-485837590762'}","{'amount': '16.96', 'currency_code': 'USD', 'currency_id': '1072fc76-1862-41ab-82c2-485837590762'}",,False,,,,,,False,True,False,True,0,,,2.0,,False,,order_finalized,,
66ad5faa-eef4-4356-a043-083e41438da9,07c7a157-2aa5-4180-9f49-a4bf6fc4be38,https://api.robinhood.com/orders/66ad5faa-eef4-4356-a043-083e41438da9/,https://api.robinhood.com/accounts/5SE25445/,fa785cc9-e75d-40e1-ad49-9dad4a009457,https://api.robinhood.com/positions/5SE25445/68487b7f-91bb-41be-b1df-3af37e6ae38f/,,https://api.robinhood.com/instruments/68487b7f-91bb-41be-b1df-3af37e6ae38f/,68487b7f-91bb-41be-b1df-3af37e6ae38f,1.00000000,16.23000000,0.00,filled,filled,,market,buy,gfd,immediate,17.05000000,,1.00000000,,2019-05-06T13:34:56.112039Z,2019-05-06T13:34:57.236355Z,2019-05-06T13:34:56.620000Z,"[{'price': '16.23000000', 'quantity': '1.00000000', 'rounded_notional': None, 'settlement_date': '2019-05-08', 'timestamp': '2019-05-06T13:34:56.620000Z', 'id': '734e68b8-97e4-4c51-b7cc-94ee298bf512', 'ipo_access_execution_rank': None, 'trade_execution_date': None}]",False,regular_hours,False,False,,,,,,,,"{'amount': '17.05', 'currency_code': 'USD', 'currency_id': '1072fc76-1862-41ab-82c2-485837590762'}","{'amount': '16.23', 'currency_code': 'USD', 'currency_id': '1072fc76-1862-41ab-82c2-485837590762'}",,False,,,,,,False,True,False,True,0,,,2.0,,False,,order_finalized,,
68e55f98-22bd-4551-9d4f-c93f0f386979,bbd09c7a-d9f5-4b6f-8cd5-39cc693d51df,https://api.robinhood.com/orders/68e55f98-22bd-4551-9d4f-c93f0f386979/,https://api.robinhood.com/accounts/5SE25445/,fa785cc9-e75d-40e1-ad49-9dad4a009457,https://api.robinhood.com/positions/5SE25445/f786c13a-e28f-42a2-8e0e-c7e479688136/,,https://api.robinhood.com/instruments/f786c13a-e28f-42a2-8e0e-c7e479688136/,f786c13a-e28f-42a2-8e0e-c7e479688136,10.00000000,7.38600000,0.00,filled,filled,,market,buy,gfd,immediate,7.72000000,,10.00000000,,2019-05-06T13:33:51.038607Z,2019-05-06T13:34:06.338165Z,2019-05-06T13:33:51.336000Z,"[{'price': '7.38610000', 'quantity': '10.00000000', 'rounded_notional': None, 'settlement_date': '2019-05-08', 'timestamp': '2019-05-06T13:33:51.336000Z', 'id': 'cf0f89bc-16fb-412a-a072-94144e5085ac', 'ipo_access_execution_rank': None, 'trade_execution_date': None}]",False,regular_hours,False,False,,,,,,,,"{'amount': '77.20', 'currency_code': 'USD', 'currency_id': '1072fc76-1862-41ab-82c2-485837590762'}","{'amount': '73.86', 'currency_code': 'USD', 'currency_id': '1072fc76-1862-41ab-82c2-485837590762'}",,False,,,,,,False,True,False,True,0,,,2.0,,False,,order_finalized,,
7188febe-40b2-48d4-9816-202648f240ff,0cb92b27-919a-4d45-81dd-0c01613a0acb,https://api.robinhood.com/orders/7188febe-40b2-48d4-9816-202648f240ff/,https://api.robinhood.com/accounts/5SE25445/,fa785cc9-e75d-40e1-ad49-9dad4a009457,https://api.robinhood.com/positions/5SE25445/f786c13a-e28f-42a2-8e0e-c7e479688136/,,https://api.robinhood.com/instruments/f786c13a-e28f-42a2-8e0e-c7e479688136/,f786c13a-e28f-42a2-8e0e-c7e479688136,11.00000000,7.37000000,0.00,filled,filled,,market,buy,gfd,immediate,7.72000000,,11.00000000,,2019-05-06T13:32:52.294027Z,2019-05-06T13:33:30.956241Z,2019-05-06T13:32:52.753000Z,"[{'price': '7.37000000', 'quantity': '11.00000000', 'rounded_notional': None, 'settlement_date': '2019-05-08', 'timestamp': '2019-05-06T13:32:52.753000Z', 'id': '173286b3-b5b7-421f-9fb7-70257a33612d', 'ipo_access_execution_rank': None, 'trade_execution_date': None}]",False,regular_hours,False,False,,,,,,,,"{'amount': '84.92', 'currency_code': 'USD', 'currency_id': '1072fc76-1862-41ab-82c2-485837590762'}","{'amount': '81.07', 'currency_code': 'USD', 'currency_id': '1072fc76-1862-41ab-82c2-485837590762'}",,False,,,,,,False,True,False,True,0,,,2.0,,False,,order_finalized,,
3a53fb71-b1a9-49a6-9d4b-230011cb8ca1,7e6da0c3-69b6-4dd7-b52f-340353ab0557,https://api.robinhood.com/orders/3a53fb71-b1a9-49a6-9d4b-230011cb8ca1/,https://api.robinhood.com/accounts/5SE25445/,fa785cc9-e75d-40e1-ad49-9dad4a009457,https://api.robinhood.com/positions/5SE25445/48eab16a-7378-45e9-970a-c50fd081d25d/,,https://api.robinhood.com/instruments/48eab16a-7378-45e9-970a-c50fd081d25d/,48eab16a-7378-45e9-970a-c50fd081d25d,1.00000000,29.41000000,0.02,filled,filled,,market,sell,gfd,immediate,,,1.00000000,,2019-05-06T13:32:30.802713Z,2019-05-06T13:32:35.104900Z,2019-05-06T13:32:31.249000Z,"[{'price': '29.41000000', 'quantity': '1.00000000', 'rounded_notional': None, 'settlement_date': '2019-05-08', 'timestamp': '2019-05-06T13:32:31.249000Z', 'id': '5eb862c0-cd18-4bbc-abb9-8b81483c97b5', 'ipo_access_execution_rank': None, 'trade_execution_date': None}]",False,regular_hours,False,False,,,,,,,,,"{'amount': '29.41', 'currency_code': 'USD', 'currency_id': '1072fc76-1862-41ab-82c2-485837590762'}",,False,,,,,,False,True,False,True,0,,,2.0,,False,,order_finalized,,
a26b2317-91b8-44d5-a5c0-8af8150646d4,c6884b1c-0876-4ed6-a9d5-e123e4d64f0b,https://api.robinhood.com/orders/a26b2317-91b8-44d5-a5c0-8af8150646d4/,https://api.robinhood.com/accounts/5SE25445/,fa785cc9-e75d-40e1-ad49-9dad4a009457,https://api.robinhood.com/positions/5SE25445/6e557a62-6956-4341-8f48-d39d560dc408/,,https://api.robinhood.com/instruments/6e557a62-6956-4341-8f48-d39d560dc408/,6e557a62-6956-4341-8f48-d39d560dc408,1.00000000,27.31000000,0.02,filled,filled,,market,sell,gfd,immediate,,,1.00000000,,2019-05-06T13:31:51.238116Z,2019-05-06T13:31:53.502122Z,2019-05-06T13:31:52.668000Z,"[{'price': '27.31000000', 'quantity': '1.00000000', 'rounded_notional': None, 'settlement_date': '2019-05-08', 'timestamp': '2019-05-06T13:31:52.668000Z', 'id': '273b8fa4-2c72-477d-b9ef-ead7424ca918', 'ipo_access_execution_rank': None, 'trade_execution_date': None}]",False,regular_hours,False,False,,,,,,,,,"{'amount': '27.31', 'currency_code': 'USD', 'currency_id': '1072fc76-1862-41ab-82c2-485837590762'}",,False,,,,,,False,True,False,True,0,,,2.0,,False,,order_finalized,,
e0e393a7-9028-47f1-8198-5d817e6d508e,F910F6BE-2298-4EE9-8555-E86DBDDF00BE,https://api.robinhood.com/orders/e0e393a7-9028-47f1-8198-5d817e6d508e/,https://api.robinhood.com/accounts/5SE25445/,fa785cc9-e75d-40e1-ad49-9dad4a009457,https://api.robinhood.com/positions/5SE25445/f786c13a-e28f-42a2-8e0e-c7e479688136/,,https://api.robinhood.com/instruments/f786c13a-e28f-42a2-8e0e-c7e479688136/,f786c13a-e28f-42a2-8e0e-c7e479688136,1.00000000,7.86000000,0.00,filled,filled,,market,buy,gfd,immediate,8.24000000,,1.00000000,,2019-04-30T16:00:58.909689Z,2019-04-30T16:00:59.543527Z,2019-04-30T16:00:59.073000Z,"[{'price': '7.85670000', 'quantity': '1.00000000', 'rounded_notional': None, 'settlement_date': '2019-05-02', 'timestamp': '2019-04-30T16:00:59.073000Z', 'id': 'e84dbd1e-5732-47c6-8abb-82a9c010f5a5', 'ipo_access_execution_rank': None, 'trade_execution_date': None}]",False,regular_hours,False,False,,,,,,,,"{'amount': '8.24', 'currency_code': 'USD', 'currency_id': '1072fc76-1862-41ab-82c2-485837590762'}","{'amount': '7.86', 'currency_code': 'USD', 'currency_id': '1072fc76-1862-41ab-82c2-485837590762'}",,False,,,,,,False,True,False,True,0,,,2.0,,False,,order_finalized,,
4197de70-8f96-4c00-bc96-6ee7bb0e3fa4,CB892F70-270C-4A37-84D2-50AB33A55398,https://api.robinhood.com/orders/4197de70-8f96-4c00-bc96-6ee7bb0e3fa4/,https://api.robinhood.com/accounts/5SE25445/,fa785cc9-e75d-40e1-ad49-9dad4a009457,https://api.robinhood.com/positions/5SE25445/6e557a62-6956-4341-8f48-d39d560dc408/,,https://api.robinhood.com/instruments/6e557a62-6956-4341-8f48-d39d560dc408/,6e557a62-6956-4341-8f48-d39d560dc408,1.00000000,32.75000000,0.00,filled,filled,,market,buy,gfd,immediate,34.38000000,,1.00000000,,2019-04-30T15:46:39.118506Z,2019-04-30T15:46:39.673012Z,2019-04-30T15:46:39.215000Z,"[{'price': '32.74500000', 'quantity': '1.00000000', 'rounded_notional': None, 'settlement_date': '2019-05-02', 'timestamp': '2019-04-30T15:46:39.215000Z', 'id': '8fbfd1b4-186c-4034-8804-8609cd2d1f20', 'ipo_access_execution_rank': None, 'trade_execution_date': None}]",False,regular_hours,False,False,,,,,,,,"{'amount': '34.38', 'currency_code': 'USD', 'currency_id': '1072fc76-1862-41ab-82c2-485837590762'}","{'amount': '32.75', 'currency_code': 'USD', 'currency_id': '1072fc76-1862-41ab-82c2-485837590762'}",,False,,,,,,False,True,False,True,0,,,2.0,,False,,order_finalized,,
aaa09888-7aaf-4702-a590-af10f70aee02,4AB45E5D-ECB4-4F71-A6D6-758B2E968F01,https://api.robinhood.com/orders/aaa09888-7aaf-4702-a590-af10f70aee02/,https://api.robinhood.com/accounts/5SE25445/,fa785cc9-e75d-40e1-ad49-9dad4a009457,https://api.robinhood.com/positions/5SE25445/96d05e43-1b28-4a0c-9904-063b6f989cc0/,,https://api.robinhood.com/instruments/96d05e43-1b28-4a0c-9904-063b6f989cc0/,96d05e43-1b28-4a0c-9904-063b6f989cc0,1.00000000,53.96000000,0.00,filled,filled,,market,buy,gfd,immediate,56.65000000,,1.00000000,,2019-04-30T15:45:53.312330Z,2019-04-30T15:45:53.935603Z,2019-04-30T15:45:53.459000Z,"[{'price': '53.96000000', 'quantity': '1.00000000', 'rounded_notional': None, 'settlement_date': '2019-05-02', 'timestamp': '2019-04-30T15:45:53.459000Z', 'id': '1af63d7d-dc95-49d2-b95a-cadc043f6917', 'ipo_access_execution_rank': None, 'trade_execution_date': None}]",False,regular_hours,False,False,,,,,,,,"{'amount': '56.65', 'currency_code': 'USD', 'currency_id': '1072fc76-1862-41ab-82c2-485837590762'}","{'amount': '53.96', 'currency_code': 'USD', 'currency_id': '1072fc76-1862-41ab-82c2-485837590762'}",,False,,,,,,False,True,False,True,0,,,2.0,,False,,order_finalized,,
a5713a98-b9f4-4bb5-969d-88c4184ecf2b,DCCAE7FF-6C4C-404E-B680-2B9F2F84358C,https://api.robinhood.com/orders/a5713a98-b9f4-4bb5-969d-88c4184ecf2b/,https://api.robinhood.com/accounts/5SE25445/,fa785cc9-e75d-40e1-ad49-9dad4a009457,https://api.robinhood.com/positions/5SE25445/ad059c69-0c1c-4c6b-8322-f53f1bbd69d4/,,https://api.robinhood.com/instruments/ad059c69-0c1c-4c6b-8322-f53f1bbd69d4/,ad059c69-0c1c-4c6b-8322-f53f1bbd69d4,1.00000000,51.11000000,0.02,filled,filled,,market,sell,gfd,immediate,,,1.00000000,,2019-04-30T15:44:57.018431Z,2019-04-30T15:44:57.764782Z,2019-04-30T15:44:57.343000Z,"[{'price': '51.11000000', 'quantity': '1.00000000', 'rounded_notional': None, 'settlement_date': '2019-05-02', 'timestamp': '2019-04-30T15:44:57.343000Z', 'id': 'ca2ad097-ac57-49b4-813b-ebaaef6f0eda', 'ipo_access_execution_rank': None, 'trade_execution_date': None}]",False,regular_hours,False,False,,,,,,,,,"{'amount': '51.11', 'currency_code': 'USD', 'currency_id': '1072fc76-1862-41ab-82c2-485837590762'}",,False,,,,,,False,True,False,True,0,,,2.0,,False,,order_finalized,,
fd6e483f-c16e-4fed-af76-58383e05674f,3F14B5BF-BF6E-4DF2-A6CC-FA81D020F36E,https://api.robinhood.com/orders/fd6e483f-c16e-4fed-af76-58383e05674f/,https://api.robinhood.com/accounts/5SE25445/,fa785cc9-e75d-40e1-ad49-9dad4a009457,https://api.robinhood.com/positions/5SE25445/40dd6259-4ce5-4609-b931-4489d5d74102/,,https://api.robinhood.com/instruments/40dd6259-4ce5-4609-b931-4489d5d74102/,40dd6259-4ce5-4609-b931-4489d5d74102,1.00000000,5.25000000,0.00,filled,filled,,market,buy,gfd,immediate,5.48000000,,1.00000000,,2019-04-30T15:37:12.400237Z,2019-04-30T15:37:13.742202Z,2019-04-30T15:37:13.311000Z,"[{'price': '5.24990000', 'quantity': '1.00000000', 'rounded_notional': None, 'settlement_date': '2019-05-02', 'timestamp': '2019-04-30T15:37:13.311000Z', 'id': 'd94198b6-b143-4d63-9200-0c7b3fe91178', 'ipo_access_execution_rank': None, 'trade_execution_date': None}]",False,regular_hours,False,False,,,,,,,,"{'amount': '5.48', 'currency_code': 'USD', 'currency_id': '1072fc76-1862-41ab-82c2-485837590762'}","{'amount': '5.25', 'currency_code': 'USD', 'currency_id': '1072fc76-1862-41ab-82c2-485837590762'}",,False,,,,,,False,True,False,True,0,,,2.0,,False,,order_finalized,,
c4be9792-e044-436b-a013-4d15ce4cf39d,0B2334EE-85A4-4A38-B384-9C2BCED8A5D0,https://api.robinhood.com/orders/c4be9792-e044-436b-a013-4d15ce4cf39d/,https://api.robinhood.com/accounts/5SE25445/,fa785cc9-e75d-40e1-ad49-9dad4a009457,https://api.robinhood.com/positions/5SE25445/3ad11874-934e-4b7f-8686-c7c9115b1a0b/,,https://api.robinhood.com/instruments/3ad11874-934e-4b7f-8686-c7c9115b1a0b/,3ad11874-934e-4b7f-8686-c7c9115b1a0b,1.00000000,5.57000000,0.00,filled,filled,,market,buy,gfd,immediate,5.83000000,,1.00000000,,2019-04-30T15:37:00.053975Z,2019-04-30T15:37:00.627665Z,2019-04-30T15:37:00.170000Z,"[{'price': '5.57000000', 'quantity': '1.00000000', 'rounded_notional': None, 'settlement_date': '2019-05-02', 'timestamp': '2019-04-30T15:37:00.170000Z', 'id': 'eb25a5f4-b7d3-4326-86ca-28acfbc38ca3', 'ipo_access_execution_rank': None, 'trade_execution_date': None}]",False,regular_hours,False,False,,,,,,,,"{'amount': '5.83', 'currency_code': 'USD', 'currency_id': '1072fc76-1862-41ab-82c2-485837590762'}","{'amount': '5.57', 'currency_code': 'USD', 'currency_id': '1072fc76-1862-41ab-82c2-485837590762'}",,False,,,,,,False,True,False,True,0,,,2.0,,False,,order_finalized,,
ae706171-88dc-401b-87f4-adc5599c1cc0,348201F6-9CA8-4560-953E-8910097DF35D,https://api.robinhood.com/orders/ae706171-88dc-401b-87f4-adc5599c1cc0/,https://api.robinhood.com/accounts/5SE25445/,fa785cc9-e75d-40e1-ad49-9dad4a009457,https://api.robinhood.com/positions/5SE25445/ef99a2c4-adb2-4163-a2df-2d5722cc75b7/,,https://api.robinhood.com/instruments/ef99a2c4-adb2-4163-a2df-2d5722cc75b7/,ef99a2c4-adb2-4163-a2df-2d5722cc75b7,1.00000000,2.52000000,0.00,filled,filled,,market,buy,gfd,immediate,2.64000000,,1.00000000,,2019-04-30T15:36:48.421416Z,2019-04-30T15:36:48.966493Z,2019-04-30T15:36:48.510000Z,"[{'price': '2.51500000', 'quantity': '1.00000000', 'rounded_notional': None, 'settlement_date': '2019-05-02', 'timestamp': '2019-04-30T15:36:48.510000Z', 'id': 'f2ecc397-6516-436e-ae39-234ec8566dfa', 'ipo_access_execution_rank': None, 'trade_execution_date': None}]",False,regular_hours,False,False,,,,,,,,"{'amount': '2.64', 'currency_code': 'USD', 'currency_id': '1072fc76-1862-41ab-82c2-485837590762'}","{'amount': '2.52', 'currency_code': 'USD', 'currency_id': '1072fc76-1862-41ab-82c2-485837590762'}",,False,,,,,,False,True,False,True,0,,,2.0,,False,,order_finalized,,
bcd0ed07-641a-4208-8f82-e9c15a390fe2,96D9A457-03A4-4DED-AED3-2112D35BA701,https://api.robinhood.com/orders/bcd0ed07-641a-4208-8f82-e9c15a390fe2/,https://api.robinhood.com/accounts/5SE25445/,fa785cc9-e75d-40e1-ad49-9dad4a009457,https://api.robinhood.com/positions/5SE25445/7f434ac7-acef-4e92-a011-da1ac3f316dd/,,https://api.robinhood.com/instruments/7f434ac7-acef-4e92-a011-da1ac3f316dd/,7f434ac7-acef-4e92-a011-da1ac3f316dd,1.00000000,3.14000000,0.00,filled,filled,,market,buy,gfd,immediate,3.28000000,,1.00000000,,2019-04-30T15:36:33.695486Z,2019-04-30T15:36:34.273790Z,2019-04-30T15:36:33.816000Z,"[{'price': '3.14090000', 'quantity': '1.00000000', 'rounded_notional': None, 'settlement_date': '2019-05-02', 'timestamp': '2019-04-30T15:36:33.816000Z', 'id': '5d934e63-f135-4d69-a131-70bd339099b3', 'ipo_access_execution_rank': None, 'trade_execution_date': None}]",False,regular_hours,False,False,,,,,,,,"{'amount': '3.28', 'currency_code': 'USD', 'currency_id': '1072fc76-1862-41ab-82c2-485837590762'}","{'amount': '3.14', 'currency_code': 'USD', 'currency_id': '1072fc76-1862-41ab-82c2-485837590762'}",,False,,,,,,False,True,False,True,0,,,2.0,,False,,order_finalized,,
4dc185be-982b-4305-9e0e-4ddb95fc84a5,a55a5826-f43c-468d-b393-9eb1186b680a,https://api.robinhood.com/orders/4dc185be-982b-4305-9e0e-4ddb95fc84a5/,https://api.robinhood.com/accounts/5SE25445/,fa785cc9-e75d-40e1-ad49-9dad4a009457,https://api.robinhood.com/positions/5SE25445/8dc2970f-2632-4ece-a25f-496614166799/,,https://api.robinhood.com/instruments/8dc2970f-2632-4ece-a25f-496614166799/,8dc2970f-2632-4ece-a25f-496614166799,1.00000000,5.05000000,0.00,filled,filled,,market,buy,gfd,immediate,5.29000000,,1.00000000,,2019-04-29T15:57:51.872650Z,2019-04-29T15:57:52.439907Z,2019-04-29T15:57:51.992000Z,"[{'price': '5.04500000', 'quantity': '1.00000000', 'rounded_notional': None, 'settlement_date': '2019-05-01', 'timestamp': '2019-04-29T15:57:51.992000Z', 'id': '3fc026cc-3fde-4041-8f84-098445c23db2', 'ipo_access_execution_rank': None, 'trade_execution_date': None}]",False,regular_hours,False,False,,,,,,,,"{'amount': '5.29', 'currency_code': 'USD', 'currency_id': '1072fc76-1862-41ab-82c2-485837590762'}","{'amount': '5.05', 'currency_code': 'USD', 'currency_id': '1072fc76-1862-41ab-82c2-485837590762'}",,False,,,,,,False,True,False,True,0,,,2.0,,False,,order_finalized,,
a819c6d3-12b5-41fa-bfc3-81c8be520721,906e82ad-0e44-447a-a862-ce36fc0df8b7,https://api.robinhood.com/orders/a819c6d3-12b5-41fa-bfc3-81c8be520721/,https://api.robinhood.com/accounts/5SE25445/,fa785cc9-e75d-40e1-ad49-9dad4a009457,https://api.robinhood.com/positions/5SE25445/24d7c10d-ae7d-4f7c-b031-12b2cfb53424/,,https://api.robinhood.com/instruments/24d7c10d-ae7d-4f7c-b031-12b2cfb53424/,24d7c10d-ae7d-4f7c-b031-12b2cfb53424,1.00000000,101.07000000,0.00,filled,filled,,market,buy,gfd,immediate,106.03000000,,1.00000000,,2019-04-29T15:56:57.447690Z,2019-04-29T15:56:58.036800Z,2019-04-29T15:56:57.533000Z,"[{'price': '101.06930000', 'quantity': '1.00000000', 'rounded_notional': None, 'settlement_date': '2019-05-01', 'timestamp': '2019-04-29T15:56:57.533000Z', 'id': 'ec816ffe-d04c-4e68-9ad6-b92a953d8dd1', 'ipo_access_execution_rank': None, 'trade_execution_date': None}]",False,regular_hours,False,False,,,,,,,,"{'amount': '106.03', 'currency_code': 'USD', 'currency_id': '1072fc76-1862-41ab-82c2-485837590762'}","{'amount': '101.07', 'currency_code': 'USD', 'currency_id': '1072fc76-1862-41ab-82c2-485837590762'}",,False,,,,,,False,True,False,True,0,,,2.0,,False,,order_finalized,,
4c542179-c396-4457-956b-ad21de8ad317,4115a6a1-a51f-452e-8d59-3abb6dc48097,https://api.robinhood.com/orders/4c542179-c396-4457-956b-ad21de8ad317/,https://api.robinhood.com/accounts/5SE25445/,fa785cc9-e75d-40e1-ad49-9dad4a009457,https://api.robinhood.com/positions/5SE25445/0dd811b3-7047-448d-96e0-7bf6ee4cfe45/,,https://api.robinhood.com/instruments/0dd811b3-7047-448d-96e0-7bf6ee4cfe45/,0dd811b3-7047-448d-96e0-7bf6ee4cfe45,1.00000000,31.04000000,0.00,filled,filled,,market,buy,gfd,immediate,32.58000000,,1.00000000,,2019-04-29T15:52:15.072414Z,2019-04-29T15:52:15.685198Z,2019-04-29T15:52:15.200000Z,"[{'price': '31.04000000', 'quantity': '1.00000000', 'rounded_notional': None, 'settlement_date': '2019-05-01', 'timestamp': '2019-04-29T15:52:15.200000Z', 'id': '0627274b-4dbb-4ab4-a2ec-c878e1932a0a', 'ipo_access_execution_rank': None, 'trade_execution_date': None}]",False,regular_hours,False,False,,,,,,,,"{'amount': '32.58', 'currency_code': 'USD', 'currency_id': '1072fc76-1862-41ab-82c2-485837590762'}","{'amount': '31.04', 'currency_code': 'USD', 'currency_id': '1072fc76-1862-41ab-82c2-485837590762'}",,False,,,,,,False,True,False,True,0,,,2.0,,False,,order_finalized,,
095ee3ea-3718-496a-be5c-6a96ce82f3f4,d9b29a37-0563-43d0-94b0-891d2423133e,https://api.robinhood.com/orders/095ee3ea-3718-496a-be5c-6a96ce82f3f4/,https://api.robinhood.com/accounts/5SE25445/,fa785cc9-e75d-40e1-ad49-9dad4a009457,https://api.robinhood.com/positions/5SE25445/48eab16a-7378-45e9-970a-c50fd081d25d/,,https://api.robinhood.com/instruments/48eab16a-7378-45e9-970a-c50fd081d25d/,48eab16a-7378-45e9-970a-c50fd081d25d,1.00000000,31.22000000,0.00,filled,filled,,market,buy,gfd,immediate,32.77000000,,1.00000000,,2019-04-29T15:48:54.012845Z,2019-04-29T15:48:54.567031Z,2019-04-29T15:48:54.112000Z,"[{'price': '31.22000000', 'quantity': '1.00000000', 'rounded_notional': None, 'settlement_date': '2019-05-01', 'timestamp': '2019-04-29T15:48:54.112000Z', 'id': '1cb9696d-9b4b-48b1-b5c4-0cbdb39363ea', 'ipo_access_execution_rank': None, 'trade_execution_date': None}]",False,regular_hours,False,False,,,,,,,,"{'amount': '32.77', 'currency_code': 'USD', 'currency_id': '1072fc76-1862-41ab-82c2-485837590762'}","{'amount': '31.22', 'currency_code': 'USD', 'currency_id': '1072fc76-1862-41ab-82c2-485837590762'}",,False,,,,,,False,True,False,True,0,,,2.0,,False,,order_finalized,,
731f0ee8-1885-4917-a6c2-3ffb66e1ec50,843d099f-0300-4318-b60e-d28446636f36,https://api.robinhood.com/orders/731f0ee8-1885-4917-a6c2-3ffb66e1ec50/,https://api.robinhood.com/accounts/5SE25445/,fa785cc9-e75d-40e1-ad49-9dad4a009457,https://api.robinhood.com/positions/5SE25445/68487b7f-91bb-41be-b1df-3af37e6ae38f/,,https://api.robinhood.com/instruments/68487b7f-91bb-41be-b1df-3af37e6ae38f/,68487b7f-91bb-41be-b1df-3af37e6ae38f,1.00000000,17.04000000,0.00,filled,filled,,market,buy,gfd,immediate,17.88000000,,1.00000000,,2019-04-29T15:47:21.777086Z,2019-04-29T15:47:22.411784Z,2019-04-29T15:47:21.911000Z,"[{'price': '17.03830000', 'quantity': '1.00000000', 'rounded_notional': None, 'settlement_date': '2019-05-01', 'timestamp': '2019-04-29T15:47:21.911000Z', 'id': '37806678-5278-4099-9025-28c3701cae40', 'ipo_access_execution_rank': None, 'trade_execution_date': None}]",False,regular_hours,False,False,,,,,,,,"{'amount': '17.88', 'currency_code': 'USD', 'currency_id': '1072fc76-1862-41ab-82c2-485837590762'}","{'amount': '17.04', 'currency_code': 'USD', 'currency_id': '1072fc76-1862-41ab-82c2-485837590762'}",,False,,,,,,False,True,False,True,0,,,2.0,,False,,order_finalized,,
c3b2077a-ae05-44c8-bbe8-090dcb62d984,97c74a8f-464b-4afd-a6e4-53f97928b52e,https://api.robinhood.com/orders/c3b2077a-ae05-44c8-bbe8-090dcb62d984/,https://api.robinhood.com/accounts/5SE25445/,fa785cc9-e75d-40e1-ad49-9dad4a009457,https://api.robinhood.com/positions/5SE25445/6461e073-d21d-4371-aaf0-d24e4e7657bc/,,https://api.robinhood.com/instruments/6461e073-d21d-4371-aaf0-d24e4e7657bc/,6461e073-d21d-4371-aaf0-d24e4e7657bc,1.00000000,17.01000000,0.00,filled,filled,,market,buy,gfd,immediate,17.87000000,,1.00000000,,2019-04-29T15:40:58.224355Z,2019-04-29T15:40:58.810615Z,2019-04-29T15:40:58.357000Z,"[{'price': '17.01000000', 'quantity': '1.00000000', 'rounded_notional': None, 'settlement_date': '2019-05-01', 'timestamp': '2019-04-29T15:40:58.357000Z', 'id': '096f19a1-cd90-4a47-b6dc-cc9f13f78345', 'ipo_access_execution_rank': None, 'trade_execution_date': None}]",False,regular_hours,False,False,,,,,,,,"{'amount': '17.87', 'currency_code': 'USD', 'currency_id': '1072fc76-1862-41ab-82c2-485837590762'}","{'amount': '17.01', 'currency_code': 'USD', 'currency_id': '1072fc76-1862-41ab-82c2-485837590762'}",,False,,,,,,False,True,False,True,0,,,2.0,,False,,order_finalized,,
f0175d04-1a46-4830-8fba-0b462afb8c0f,a1e39e02-6060-40f9-9170-e3011aefa84a,https://api.robinhood.com/orders/f0175d04-1a46-4830-8fba-0b462afb8c0f/,https://api.robinhood.com/accounts/5SE25445/,fa785cc9-e75d-40e1-ad49-9dad4a009457,https://api.robinhood.com/positions/5SE25445/6df56bd0-0bf2-44ab-8875-f94fd8526942/,,https://api.robinhood.com/instruments/6df56bd0-0bf2-44ab-8875-f94fd8526942/,6df56bd0-0bf2-44ab-8875-f94fd8526942,1.00000000,10.33000000,0.00,filled,filled,,market,buy,gfd,immediate,10.84000000,,1.00000000,,2019-04-29T15:39:45.164966Z,2019-04-29T15:39:45.730502Z,2019-04-29T15:39:45.280000Z,"[{'price': '10.33000000', 'quantity': '1.00000000', 'rounded_notional': None, 'settlement_date': '2019-05-01', 'timestamp': '2019-04-29T15:39:45.280000Z', 'id': '429db53a-0892-45a7-82c8-7df2e065ed79', 'ipo_access_execution_rank': None, 'trade_execution_date': None}]",False,regular_hours,False,False,,,,,,,,"{'amount': '10.84', 'currency_code': 'USD', 'currency_id': '1072fc76-1862-41ab-82c2-485837590762'}","{'amount': '10.33', 'currency_code': 'USD', 'currency_id': '1072fc76-1862-41ab-82c2-485837590762'}",,False,,,,,,False,True,False,True,0,,,2.0,,False,,order_finalized,,
dbe93296-453e-4d67-bf61-00dabd77d131,ade48e9c-e0a4-4e3d-9e9b-825e0148e3a7,https://api.robinhood.com/orders/dbe93296-453e-4d67-bf61-00dabd77d131/,https://api.robinhood.com/accounts/5SE25445/,fa785cc9-e75d-40e1-ad49-9dad4a009457,https://api.robinhood.com/positions/5SE25445/f786c13a-e28f-42a2-8e0e-c7e479688136/,,https://api.robinhood.com/instruments/f786c13a-e28f-42a2-8e0e-c7e479688136/,f786c13a-e28f-42a2-8e0e-c7e479688136,1.00000000,8.35000000,0.00,filled,filled,,market,buy,gfd,immediate,8.75000000,,1.00000000,,2019-04-29T15:39:27.946174Z,2019-04-29T15:39:28.545676Z,2019-04-29T15:39:28.087000Z,"[{'price': '8.34880000', 'quantity': '1.00000000', 'rounded_notional': None, 'settlement_date': '2019-05-01', 'timestamp': '2019-04-29T15:39:28.087000Z', 'id': '148204d8-b488-44d4-9f19-a2a64a15b678', 'ipo_access_execution_rank': None, 'trade_execution_date': None}]",False,regular_hours,False,False,,,,,,,,"{'amount': '8.75', 'currency_code': 'USD', 'currency_id': '1072fc76-1862-41ab-82c2-485837590762'}","{'amount': '8.35', 'currency_code': 'USD', 'currency_id': '1072fc76-1862-41ab-82c2-485837590762'}",,False,,,,,,False,True,False,True,0,,,2.0,,False,,order_finalized,,
04def22f-8863-40e6-b6a4-7115d0f2b67e,4ebaf599-31ca-446d-90e0-3155ceb74701,https://api.robinhood.com/orders/04def22f-8863-40e6-b6a4-7115d0f2b67e/,https://api.robinhood.com/accounts/5SE25445/,fa785cc9-e75d-40e1-ad49-9dad4a009457,https://api.robinhood.com/positions/5SE25445/9c53326c-d07e-4b82-82d2-b108ec5d9530/,,https://api.robinhood.com/instruments/9c53326c-d07e-4b82-82d2-b108ec5d9530/,9c53326c-d07e-4b82-82d2-b108ec5d9530,1.00000000,135.80000000,0.00,filled,filled,,market,buy,gfd,immediate,142.34000000,,1.00000000,,2019-04-29T15:38:04.723176Z,2019-04-29T15:38:05.317902Z,2019-04-29T15:38:04.837000Z,"[{'price': '135.80000000', 'quantity': '1.00000000', 'rounded_notional': None, 'settlement_date': '2019-05-01', 'timestamp': '2019-04-29T15:38:04.837000Z', 'id': '0dd80ef0-4ee2-4084-9581-63ded838c3df', 'ipo_access_execution_rank': None, 'trade_execution_date': None}]",False,regular_hours,False,False,,,,,,,,"{'amount': '142.34', 'currency_code': 'USD', 'currency_id': '1072fc76-1862-41ab-82c2-485837590762'}","{'amount': '135.80', 'currency_code': 'USD', 'currency_id': '1072fc76-1862-41ab-82c2-485837590762'}",,False,,,,,,False,True,False,True,0,,,2.0,,False,,order_finalized,,
7c7cb1f5-7081-4095-850b-224decc11a23,936ab50a-89ce-45d0-a203-7ead76f22772,https://api.robinhood.com/orders/7c7cb1f5-7081-4095-850b-224decc11a23/,https://api.robinhood.com/accounts/5SE25445/,fa785cc9-e75d-40e1-ad49-9dad4a009457,https://api.robinhood.com/positions/5SE25445/940fc3f5-1db5-4fed-b452-f3a2e4562b5f/,,https://api.robinhood.com/instruments/940fc3f5-1db5-4fed-b452-f3a2e4562b5f/,940fc3f5-1db5-4fed-b452-f3a2e4562b5f,4.00000000,27.57000000,0.00,filled,filled,,market,buy,gfd,immediate,28.94000000,,4.00000000,,2019-04-29T15:30:49.331413Z,2019-04-29T15:30:49.940144Z,2019-04-29T15:30:49.479000Z,"[{'price': '27.57000000', 'quantity': '4.00000000', 'rounded_notional': None, 'settlement_date': '2019-05-01', 'timestamp': '2019-04-29T15:30:49.479000Z', 'id': '0aff851f-3309-4dff-91ca-b64ccd35ce00', 'ipo_access_execution_rank': None, 'trade_execution_date': None}]",False,regular_hours,False,False,,,,,,,,"{'amount': '115.76', 'currency_code': 'USD', 'currency_id': '1072fc76-1862-41ab-82c2-485837590762'}","{'amount': '110.28', 'currency_code': 'USD', 'currency_id': '1072fc76-1862-41ab-82c2-485837590762'}",,False,,,,,,False,True,False,True,0,,,2.0,,False,,order_finalized,,
f3182895-812d-4019-b92f-2b98ef47a069,8aa3049f-0652-432b-a29e-930e13bffb26,https://api.robinhood.com/orders/f3182895-812d-4019-b92f-2b98ef47a069/,https://api.robinhood.com/accounts/5SE25445/,fa785cc9-e75d-40e1-ad49-9dad4a009457,https://api.robinhood.com/positions/5SE25445/39ff611b-84e7-425b-bfb8-6fe2a983fcf3/,,https://api.robinhood.com/instruments/39ff611b-84e7-425b-bfb8-6fe2a983fcf3/,39ff611b-84e7-425b-bfb8-6fe2a983fcf3,1.00000000,9.21000000,0.02,filled,filled,,market,sell,gfd,immediate,,,1.00000000,,2019-04-26T15:22:21.615161Z,2019-04-26T15:22:22.573645Z,2019-04-26T15:22:22.081000Z,"[{'price': '9.21140000', 'quantity': '1.00000000', 'rounded_notional': None, 'settlement_date': '2019-04-30', 'timestamp': '2019-04-26T15:22:22.081000Z', 'id': 'b0a20470-85c7-4896-8d8d-d5edead73534', 'ipo_access_execution_rank': None, 'trade_execution_date': None}]",False,regular_hours,False,False,,,,,,,,,"{'amount': '9.21', 'currency_code': 'USD', 'currency_id': '1072fc76-1862-41ab-82c2-485837590762'}",,False,,,,,,False,True,False,True,0,,,2.0,,False,,order_finalized,,
9c08db25-92b3-4cf1-873b-c406d690f5f2,3e377991-a1d7-4397-ba35-7826d1ae2918,https://api.robinhood.com/orders/9c08db25-92b3-4cf1-873b-c406d690f5f2/,https://api.robinhood.com/accounts/5SE25445/,fa785cc9-e75d-40e1-ad49-9dad4a009457,https://api.robinhood.com/positions/5SE25445/f786c13a-e28f-42a2-8e0e-c7e479688136/,,https://api.robinhood.com/instruments/f786c13a-e28f-42a2-8e0e-c7e479688136/,f786c13a-e28f-42a2-8e0e-c7e479688136,20.00000000,7.66000000,0.02,filled,filled,,market,sell,gfd,immediate,,,20.00000000,,2019-04-26T15:20:20.338875Z,2019-04-26T15:20:20.934018Z,2019-04-26T15:20:20.495000Z,"[{'price': '7.66010000', 'quantity': '20.00000000', 'rounded_notional': None, 'settlement_date': '2019-04-30', 'timestamp': '2019-04-26T15:20:20.495000Z', 'id': '31118153-fad9-4e2d-b6dd-f94dc5066813', 'ipo_access_execution_rank': None, 'trade_execution_date': None}]",False,regular_hours,False,False,,,,,,,,,"{'amount': '153.20', 'currency_code': 'USD', 'currency_id': '1072fc76-1862-41ab-82c2-485837590762'}",,False,,,,,,False,True,False,True,0,,,2.0,,False,,order_finalized,,
3b7881f8-0e37-423a-9dc1-5124c4518543,2ac841ab-ae3d-4d59-8502-81ff5b5c3134,https://api.robinhood.com/orders/3b7881f8-0e37-423a-9dc1-5124c4518543/,https://api.robinhood.com/accounts/5SE25445/,fa785cc9-e75d-40e1-ad49-9dad4a009457,https://api.robinhood.com/positions/5SE25445/940fc3f5-1db5-4fed-b452-f3a2e4562b5f/,,https://api.robinhood.com/instruments/940fc3f5-1db5-4fed-b452-f3a2e4562b5f/,940fc3f5-1db5-4fed-b452-f3a2e4562b5f,5.00000000,27.31200000,0.02,filled,filled,,market,sell,gfd,immediate,,,5.00000000,,2019-04-26T14:06:33.945926Z,2019-04-26T14:06:34.619694Z,2019-04-26T14:06:34.150000Z,"[{'price': '27.31180000', 'quantity': '5.00000000', 'rounded_notional': None, 'settlement_date': '2019-04-30', 'timestamp': '2019-04-26T14:06:34.150000Z', 'id': 'e15a85c6-2ba5-4bd6-b546-64496d13e716', 'ipo_access_execution_rank': None, 'trade_execution_date': None}]",False,regular_hours,False,False,,,,,,,,,"{'amount': '136.56', 'currency_code': 'USD', 'currency_id': '1072fc76-1862-41ab-82c2-485837590762'}",,False,,,,,,False,True,False,True,0,,,2.0,,False,,order_finalized,,
217faaa8-6804-4efe-b185-17c15b0ab614,02ab3ec2-99c2-4492-8388-9c6910dca82e,https://api.robinhood.com/orders/217faaa8-6804-4efe-b185-17c15b0ab614/,https://api.robinhood.com/accounts/5SE25445/,fa785cc9-e75d-40e1-ad49-9dad4a009457,https://api.robinhood.com/positions/5SE25445/ad059c69-0c1c-4c6b-8322-f53f1bbd69d4/,,https://api.robinhood.com/instruments/ad059c69-0c1c-4c6b-8322-f53f1bbd69d4/,ad059c69-0c1c-4c6b-8322-f53f1bbd69d4,2.00000000,52.45000000,0.00,filled,filled,,market,buy,gfd,immediate,55.05000000,,2.00000000,,2019-04-26T13:50:49.241921Z,2019-04-26T13:50:49.885686Z,2019-04-26T13:50:49.409000Z,"[{'price': '52.45000000', 'quantity': '2.00000000', 'rounded_notional': None, 'settlement_date': '2019-04-30', 'timestamp': '2019-04-26T13:50:49.409000Z', 'id': 'b9a41728-0e71-4a28-bf5b-c33c23785612', 'ipo_access_execution_rank': None, 'trade_execution_date': None}]",False,regular_hours,False,False,,,,,,,,"{'amount': '110.10', 'currency_code': 'USD', 'currency_id': '1072fc76-1862-41ab-82c2-485837590762'}","{'amount': '104.90', 'currency_code': 'USD', 'currency_id': '1072fc76-1862-41ab-82c2-485837590762'}",,False,,,,,,False,True,False,True,0,,,2.0,,False,,order_finalized,,
b36eb4df-9abf-44dc-8b48-039c8b9f9f64,79cab450-7f3a-4ca8-bd7d-de881251f50b,https://api.robinhood.com/orders/b36eb4df-9abf-44dc-8b48-039c8b9f9f64/,https://api.robinhood.com/accounts/5SE25445/,fa785cc9-e75d-40e1-ad49-9dad4a009457,https://api.robinhood.com/positions/5SE25445/ad059c69-0c1c-4c6b-8322-f53f1bbd69d4/,,https://api.robinhood.com/instruments/ad059c69-0c1c-4c6b-8322-f53f1bbd69d4/,ad059c69-0c1c-4c6b-8322-f53f1bbd69d4,2.00000000,52.27000000,0.00,filled,filled,,market,buy,gfd,immediate,54.85000000,,2.00000000,,2019-04-26T13:49:44.729115Z,2019-04-26T13:49:45.332807Z,2019-04-26T13:49:44.866000Z,"[{'price': '52.26900000', 'quantity': '2.00000000', 'rounded_notional': None, 'settlement_date': '2019-04-30', 'timestamp': '2019-04-26T13:49:44.866000Z', 'id': '32d75ccd-2b08-4034-9edf-1ff68bf1c9a2', 'ipo_access_execution_rank': None, 'trade_execution_date': None}]",False,regular_hours,False,False,,,,,,,,"{'amount': '109.70', 'currency_code': 'USD', 'currency_id': '1072fc76-1862-41ab-82c2-485837590762'}","{'amount': '104.54', 'currency_code': 'USD', 'currency_id': '1072fc76-1862-41ab-82c2-485837590762'}",,False,,,,,,False,True,False,True,0,,,2.0,,False,,order_finalized,,
5963f00c-c96c-43bc-8f90-3f011a6dedb2,4757e453-d1b4-46cd-88a4-b162e0de465b,https://api.robinhood.com/orders/5963f00c-c96c-43bc-8f90-3f011a6dedb2/,https://api.robinhood.com/accounts/5SE25445/,fa785cc9-e75d-40e1-ad49-9dad4a009457,https://api.robinhood.com/positions/5SE25445/2b456f6a-3287-4757-abf9-327383d2c708/,,https://api.robinhood.com/instruments/2b456f6a-3287-4757-abf9-327383d2c708/,2b456f6a-3287-4757-abf9-327383d2c708,2.00000000,30.43000000,0.00,filled,filled,,market,buy,gfd,immediate,31.94000000,,2.00000000,,2019-04-25T16:51:56.965813Z,2019-04-25T16:51:57.618426Z,2019-04-25T16:51:57.131000Z,"[{'price': '30.42980000', 'quantity': '2.00000000', 'rounded_notional': None, 'settlement_date': '2019-04-29', 'timestamp': '2019-04-25T16:51:57.131000Z', 'id': '68631044-7562-44f6-8ea4-f906a8b9bbe6', 'ipo_access_execution_rank': None, 'trade_execution_date': None}]",False,regular_hours,False,False,,,,,,,,"{'amount': '63.88', 'currency_code': 'USD', 'currency_id': '1072fc76-1862-41ab-82c2-485837590762'}","{'amount': '60.86', 'currency_code': 'USD', 'currency_id': '1072fc76-1862-41ab-82c2-485837590762'}",,False,,,,,,False,True,False,True,0,,,2.0,,False,,order_finalized,,
213fe782-e8cd-4da0-afcb-1bc95f537181,d9ec2bb4-910d-4659-8b1d-a8777932f797,https://api.robinhood.com/orders/213fe782-e8cd-4da0-afcb-1bc95f537181/,https://api.robinhood.com/accounts/5SE25445/,fa785cc9-e75d-40e1-ad49-9dad4a009457,https://api.robinhood.com/positions/5SE25445/48bbe4a0-d167-4bfe-8d3b-494f9bb56350/,,https://api.robinhood.com/instruments/48bbe4a0-d167-4bfe-8d3b-494f9bb56350/,48bbe4a0-d167-4bfe-8d3b-494f9bb56350,3.00000000,39.26000000,0.00,filled,filled,,market,buy,gfd,immediate,41.20000000,,3.00000000,,2019-04-25T16:46:17.011596Z,2019-04-25T16:46:17.618350Z,2019-04-25T16:46:17.182000Z,"[{'price': '39.26000000', 'quantity': '3.00000000', 'rounded_notional': None, 'settlement_date': '2019-04-29', 'timestamp': '2019-04-25T16:46:17.182000Z', 'id': 'a13605ea-4a80-4582-be2a-e54725671eb9', 'ipo_access_execution_rank': None, 'trade_execution_date': None}]",False,regular_hours,False,False,,,,,,,,"{'amount': '123.60', 'currency_code': 'USD', 'currency_id': '1072fc76-1862-41ab-82c2-485837590762'}","{'amount': '117.78', 'currency_code': 'USD', 'currency_id': '1072fc76-1862-41ab-82c2-485837590762'}",,False,,,,,,False,True,False,True,0,,,2.0,,False,,order_finalized,,
90607605-c286-45d7-ae77-07318eb0285b,4bcf028a-4d72-443f-82b6-01bcad866216,https://api.robinhood.com/orders/90607605-c286-45d7-ae77-07318eb0285b/,https://api.robinhood.com/accounts/5SE25445/,fa785cc9-e75d-40e1-ad49-9dad4a009457,https://api.robinhood.com/positions/5SE25445/aec9d597-9fdb-4393-af8b-da2019e2c179/,,https://api.robinhood.com/instruments/aec9d597-9fdb-4393-af8b-da2019e2c179/,aec9d597-9fdb-4393-af8b-da2019e2c179,1.00000000,88.15000000,0.00,filled,filled,,market,buy,gfd,immediate,92.56000000,,1.00000000,,2019-04-25T16:45:32.818477Z,2019-04-25T16:45:33.368425Z,2019-04-25T16:45:32.942000Z,"[{'price': '88.15000000', 'quantity': '1.00000000', 'rounded_notional': None, 'settlement_date': '2019-04-29', 'timestamp': '2019-04-25T16:45:32.942000Z', 'id': '1cd850a6-aead-4494-b3d7-83e0687a18f2', 'ipo_access_execution_rank': None, 'trade_execution_date': None}]",False,regular_hours,False,False,,,,,,,,"{'amount': '92.56', 'currency_code': 'USD', 'currency_id': '1072fc76-1862-41ab-82c2-485837590762'}","{'amount': '88.15', 'currency_code': 'USD', 'currency_id': '1072fc76-1862-41ab-82c2-485837590762'}",,False,,,,,,False,True,False,True,0,,,2.0,,False,,order_finalized,,
c1199f0f-a64b-49d9-9768-7e3d52dc09eb,e3153efd-cbf4-4d5d-a7c6-0ba66762879a,https://api.robinhood.com/orders/c1199f0f-a64b-49d9-9768-7e3d52dc09eb/,https://api.robinhood.com/accounts/5SE25445/,fa785cc9-e75d-40e1-ad49-9dad4a009457,https://api.robinhood.com/positions/5SE25445/39ff611b-84e7-425b-bfb8-6fe2a983fcf3/,,https://api.robinhood.com/instruments/39ff611b-84e7-425b-bfb8-6fe2a983fcf3/,39ff611b-84e7-425b-bfb8-6fe2a983fcf3,5.00000000,9.13000000,0.00,filled,filled,,market,buy,gfd,immediate,9.58000000,,5.00000000,,2019-04-25T16:44:39.111015Z,2019-04-25T16:44:39.664189Z,2019-04-25T16:44:39.192000Z,"[{'price': '9.13000000', 'quantity': '5.00000000', 'rounded_notional': None, 'settlement_date': '2019-04-29', 'timestamp': '2019-04-25T16:44:39.192000Z', 'id': 'cf4999fe-97c0-4bed-aca5-34368beb3cc6', 'ipo_access_execution_rank': None, 'trade_execution_date': None}]",False,regular_hours,False,False,,,,,,,,"{'amount': '47.90', 'currency_code': 'USD', 'currency_id': '1072fc76-1862-41ab-82c2-485837590762'}","{'amount': '45.65', 'currency_code': 'USD', 'currency_id': '1072fc76-1862-41ab-82c2-485837590762'}",,False,,,,,,False,True,False,True,0,,,2.0,,False,,order_finalized,,
8a52cb1f-34bd-4a04-8b89-acbc4fd15220,A39B0762-C8F4-4708-92E2-4C6E1AD83BC1,https://api.robinhood.com/orders/8a52cb1f-34bd-4a04-8b89-acbc4fd15220/,https://api.robinhood.com/accounts/5SE25445/,fa785cc9-e75d-40e1-ad49-9dad4a009457,https://api.robinhood.com/positions/5SE25445/2ed64ef4-2c1a-44d6-832d-1be84741dc41/,,https://api.robinhood.com/instruments/2ed64ef4-2c1a-44d6-832d-1be84741dc41/,2ed64ef4-2c1a-44d6-832d-1be84741dc41,0.00000000,,0.00,cancelled,cancelled,,limit,buy,gfd,immediate,134.90000000,,1.00000000,,2019-04-25T13:41:07.438203Z,2019-04-25T15:03:35.759478Z,2019-04-25T15:03:35.324000Z,[],False,regular_hours,False,False,,,,,,,,"{'amount': '134.90', 'currency_code': 'USD', 'currency_id': '1072fc76-1862-41ab-82c2-485837590762'}",,,False,,,,,,False,True,False,True,0,,,2.0,,False,,order_finalized,,
e3de3f21-54d4-4b12-b6a0-53ca5b277004,8a7661c5-2678-4240-9d86-da4f77124798,https://api.robinhood.com/orders/e3de3f21-54d4-4b12-b6a0-53ca5b277004/,https://api.robinhood.com/accounts/5SE25445/,fa785cc9-e75d-40e1-ad49-9dad4a009457,https://api.robinhood.com/positions/5SE25445/6df56bd0-0bf2-44ab-8875-f94fd8526942/,,https://api.robinhood.com/instruments/6df56bd0-0bf2-44ab-8875-f94fd8526942/,6df56bd0-0bf2-44ab-8875-f94fd8526942,62.00000000,9.59020000,0.03,filled,filled,,market,sell,gfd,immediate,,,62.00000000,,2019-04-24T19:55:26.530268Z,2019-04-24T19:55:27.316268Z,2019-04-24T19:55:26.862000Z,"[{'price': '9.59010000', 'quantity': '62.00000000', 'rounded_notional': None, 'settlement_date': '2019-04-26', 'timestamp': '2019-04-24T19:55:26.862000Z', 'id': '1fd72f6b-6f80-447d-91e2-fbdec2b21556', 'ipo_access_execution_rank': None, 'trade_execution_date': None}]",False,regular_hours,False,False,,,,,,,,,"{'amount': '594.59', 'currency_code': 'USD', 'currency_id': '1072fc76-1862-41ab-82c2-485837590762'}",,False,,,,,,False,True,False,True,0,,,2.0,,False,,order_finalized,,
538d6b84-f9c2-48eb-9a89-c2ce03b7bcae,db3f4123-ac1f-4c02-95cc-048389aaf178,https://api.robinhood.com/orders/538d6b84-f9c2-48eb-9a89-c2ce03b7bcae/,https://api.robinhood.com/accounts/5SE25445/,fa785cc9-e75d-40e1-ad49-9dad4a009457,https://api.robinhood.com/positions/5SE25445/2b456f6a-3287-4757-abf9-327383d2c708/,,https://api.robinhood.com/instruments/2b456f6a-3287-4757-abf9-327383d2c708/,2b456f6a-3287-4757-abf9-327383d2c708,1.00000000,31.12000000,0.02,filled,filled,,market,sell,gfd,immediate,,,1.00000000,,2019-04-24T13:30:13.694529Z,2019-04-24T13:30:15.942337Z,2019-04-24T13:30:14.808000Z,"[{'price': '31.12010000', 'quantity': '1.00000000', 'rounded_notional': None, 'settlement_date': '2019-04-26', 'timestamp': '2019-04-24T13:30:14.808000Z', 'id': '4c89134d-9488-4811-95c8-aef0c10a29d7', 'ipo_access_execution_rank': None, 'trade_execution_date': None}]",False,regular_hours,False,False,,,,,,,,,"{'amount': '31.12', 'currency_code': 'USD', 'currency_id': '1072fc76-1862-41ab-82c2-485837590762'}",,False,,,,,,False,True,False,True,0,,,2.0,,False,,order_finalized,,
a814e248-130e-4528-a852-896448ea8c8c,490e39cb-b334-4969-aa63-553888ecf6b0,https://api.robinhood.com/orders/a814e248-130e-4528-a852-896448ea8c8c/,https://api.robinhood.com/accounts/5SE25445/,fa785cc9-e75d-40e1-ad49-9dad4a009457,https://api.robinhood.com/positions/5SE25445/2b456f6a-3287-4757-abf9-327383d2c708/,,https://api.robinhood.com/instruments/2b456f6a-3287-4757-abf9-327383d2c708/,2b456f6a-3287-4757-abf9-327383d2c708,1.00000000,30.98000000,0.02,filled,filled,,market,sell,gfd,immediate,29.45000000,,1.00000000,,2019-04-24T13:26:22.502663Z,2019-04-24T13:26:23.313622Z,2019-04-24T13:26:22.872000Z,"[{'price': '30.98010000', 'quantity': '1.00000000', 'rounded_notional': None, 'settlement_date': '2019-04-26', 'timestamp': '2019-04-24T13:26:22.872000Z', 'id': '09003db1-94c6-4f2f-b6f6-d4c6712200dc', 'ipo_access_execution_rank': None, 'trade_execution_date': None}]",True,extended_hours,False,False,,,,,,,,"{'amount': '29.45', 'currency_code': 'USD', 'currency_id': '1072fc76-1862-41ab-82c2-485837590762'}","{'amount': '30.98', 'currency_code': 'USD', 'currency_id': '1072fc76-1862-41ab-82c2-485837590762'}",,False,,,,,,False,True,False,True,0,,,2.0,,False,,order_finalized,,
1d26af3b-9b23-4479-800e-9f5807a51c69,9b8453f7-b781-4b6f-b3fb-643d8d041b6b,https://api.robinhood.com/orders/1d26af3b-9b23-4479-800e-9f5807a51c69/,https://api.robinhood.com/accounts/5SE25445/,fa785cc9-e75d-40e1-ad49-9dad4a009457,https://api.robinhood.com/positions/5SE25445/940fc3f5-1db5-4fed-b452-f3a2e4562b5f/,,https://api.robinhood.com/instruments/940fc3f5-1db5-4fed-b452-f3a2e4562b5f/,940fc3f5-1db5-4fed-b452-f3a2e4562b5f,4.00000000,27.87000000,0.00,filled,filled,,market,buy,gfd,immediate,29.26000000,,4.00000000,,2019-04-23T14:50:55.608476Z,2019-04-23T14:50:56.282739Z,2019-04-23T14:50:55.759000Z,"[{'price': '27.86990000', 'quantity': '4.00000000', 'rounded_notional': None, 'settlement_date': '2019-04-25', 'timestamp': '2019-04-23T14:50:55.759000Z', 'id': '64a03891-15a1-4af1-89c9-6cc206d6f3ea', 'ipo_access_execution_rank': None, 'trade_execution_date': None}]",False,regular_hours,False,False,,,,,,,,"{'amount': '117.04', 'currency_code': 'USD', 'currency_id': '1072fc76-1862-41ab-82c2-485837590762'}","{'amount': '111.48', 'currency_code': 'USD', 'currency_id': '1072fc76-1862-41ab-82c2-485837590762'}",,False,,,,,,False,True,False,True,0,,,2.0,,False,,order_finalized,,
fffce41f-1636-40e6-b450-cce2ac88bc25,9776901c-2b12-4d36-821c-af6b98be5d46,https://api.robinhood.com/orders/fffce41f-1636-40e6-b450-cce2ac88bc25/,https://api.robinhood.com/accounts/5SE25445/,fa785cc9-e75d-40e1-ad49-9dad4a009457,https://api.robinhood.com/positions/5SE25445/6df56bd0-0bf2-44ab-8875-f94fd8526942/,,https://api.robinhood.com/instruments/6df56bd0-0bf2-44ab-8875-f94fd8526942/,6df56bd0-0bf2-44ab-8875-f94fd8526942,11.00000000,9.38000000,0.00,filled,filled,,market,buy,gfd,immediate,9.84000000,,11.00000000,,2019-04-23T14:38:55.344400Z,2019-04-23T14:38:55.957588Z,2019-04-23T14:38:55.493000Z,"[{'price': '9.38000000', 'quantity': '11.00000000', 'rounded_notional': None, 'settlement_date': '2019-04-25', 'timestamp': '2019-04-23T14:38:55.493000Z', 'id': 'ddd197c4-8f47-4582-b50f-dcef832c6f82', 'ipo_access_execution_rank': None, 'trade_execution_date': None}]",False,regular_hours,False,False,,,,,,,,"{'amount': '108.24', 'currency_code': 'USD', 'currency_id': '1072fc76-1862-41ab-82c2-485837590762'}","{'amount': '103.18', 'currency_code': 'USD', 'currency_id': '1072fc76-1862-41ab-82c2-485837590762'}",,False,,,,,,False,True,False,True,0,,,2.0,,False,,order_finalized,,
cd5c4189-d0a3-4456-a49f-1df876d7c3dc,35f215f1-b31e-423b-900f-0fd1c9fc826b,https://api.robinhood.com/orders/cd5c4189-d0a3-4456-a49f-1df876d7c3dc/,https://api.robinhood.com/accounts/5SE25445/,fa785cc9-e75d-40e1-ad49-9dad4a009457,https://api.robinhood.com/positions/5SE25445/44a11079-4699-4442-84f8-f8cdf2c1a3c8/,,https://api.robinhood.com/instruments/44a11079-4699-4442-84f8-f8cdf2c1a3c8/,44a11079-4699-4442-84f8-f8cdf2c1a3c8,2.00000000,73.16000000,0.00,filled,filled,,market,buy,gfd,immediate,76.81000000,,2.00000000,,2019-04-23T14:33:45.712928Z,2019-04-23T14:33:46.368450Z,2019-04-23T14:33:45.883000Z,"[{'price': '73.16000000', 'quantity': '2.00000000', 'rounded_notional': None, 'settlement_date': '2019-04-25', 'timestamp': '2019-04-23T14:33:45.883000Z', 'id': 'da8037f9-d398-459c-bb41-fe503580c1bf', 'ipo_access_execution_rank': None, 'trade_execution_date': None}]",False,regular_hours,False,False,,,,,,,,"{'amount': '153.62', 'currency_code': 'USD', 'currency_id': '1072fc76-1862-41ab-82c2-485837590762'}","{'amount': '146.32', 'currency_code': 'USD', 'currency_id': '1072fc76-1862-41ab-82c2-485837590762'}",,False,,,,,,False,True,False,True,0,,,2.0,,False,,order_finalized,,
1036f91d-6ff9-453c-9c17-a245570b4d06,2323b9ac-6a4c-4736-ad69-e9b40aabe1c3,https://api.robinhood.com/orders/1036f91d-6ff9-453c-9c17-a245570b4d06/,https://api.robinhood.com/accounts/5SE25445/,fa785cc9-e75d-40e1-ad49-9dad4a009457,https://api.robinhood.com/positions/5SE25445/2b456f6a-3287-4757-abf9-327383d2c708/,,https://api.robinhood.com/instruments/2b456f6a-3287-4757-abf9-327383d2c708/,2b456f6a-3287-4757-abf9-327383d2c708,2.00000000,31.98000000,0.00,filled,filled,,market,buy,gfd,immediate,33.56000000,,2.00000000,,2019-04-23T14:33:09.605575Z,2019-04-23T14:33:10.192060Z,2019-04-23T14:33:09.722000Z,"[{'price': '31.98000000', 'quantity': '2.00000000', 'rounded_notional': None, 'settlement_date': '2019-04-25', 'timestamp': '2019-04-23T14:33:09.722000Z', 'id': '6513a462-0d10-43ce-9c26-1559b52dd02e', 'ipo_access_execution_rank': None, 'trade_execution_date': None}]",False,regular_hours,False,False,,,,,,,,"{'amount': '67.12', 'currency_code': 'USD', 'currency_id': '1072fc76-1862-41ab-82c2-485837590762'}","{'amount': '63.96', 'currency_code': 'USD', 'currency_id': '1072fc76-1862-41ab-82c2-485837590762'}",,False,,,,,,False,True,False,True,0,,,2.0,,False,,order_finalized,,
6e0c434c-9360-4dda-931d-2b8d2ae93350,1f8e492c-73b6-49b0-9ffc-82cac29bf81f,https://api.robinhood.com/orders/6e0c434c-9360-4dda-931d-2b8d2ae93350/,https://api.robinhood.com/accounts/5SE25445/,fa785cc9-e75d-40e1-ad49-9dad4a009457,https://api.robinhood.com/positions/5SE25445/de0e6dc1-ca4d-4df7-a07e-baad8b1fcc11/,,https://api.robinhood.com/instruments/de0e6dc1-ca4d-4df7-a07e-baad8b1fcc11/,de0e6dc1-ca4d-4df7-a07e-baad8b1fcc11,1.00000000,170.81000000,0.02,filled,filled,,market,sell,gfd,immediate,,,1.00000000,,2019-04-23T14:31:22.630352Z,2019-04-23T14:31:23.815125Z,2019-04-23T14:31:23.250000Z,"[{'price': '170.81010000', 'quantity': '1.00000000', 'rounded_notional': None, 'settlement_date': '2019-04-25', 'timestamp': '2019-04-23T14:31:23.250000Z', 'id': 'd8571da0-1c56-4f87-a452-3bb9db95a31f', 'ipo_access_execution_rank': None, 'trade_execution_date': None}]",False,regular_hours,False,False,,,,,,,,,"{'amount': '170.81', 'currency_code': 'USD', 'currency_id': '1072fc76-1862-41ab-82c2-485837590762'}",,False,,,,,,False,True,False,True,0,,,2.0,,False,,order_finalized,,
0fc97dba-8b56-448c-8890-44d2206c954c,98a2fe7d-4bbd-4ac5-9eec-aafc08549d67,https://api.robinhood.com/orders/0fc97dba-8b56-448c-8890-44d2206c954c/,https://api.robinhood.com/accounts/5SE25445/,fa785cc9-e75d-40e1-ad49-9dad4a009457,https://api.robinhood.com/positions/5SE25445/f3703f80-d9f5-493c-a7ce-8f32fe25422e/,,https://api.robinhood.com/instruments/f3703f80-d9f5-493c-a7ce-8f32fe25422e/,f3703f80-d9f5-493c-a7ce-8f32fe25422e,2.00000000,9.49000000,0.00,filled,filled,,market,buy,gfd,immediate,9.95000000,,2.00000000,,2019-04-23T14:26:25.812386Z,2019-04-23T14:26:26.397515Z,2019-04-23T14:26:25.946000Z,"[{'price': '9.48970000', 'quantity': '2.00000000', 'rounded_notional': None, 'settlement_date': '2019-04-25', 'timestamp': '2019-04-23T14:26:25.946000Z', 'id': '99a32bca-91b5-4fbe-b5f3-e3353a9eac31', 'ipo_access_execution_rank': None, 'trade_execution_date': None}]",False,regular_hours,False,False,,,,,,,,"{'amount': '19.90', 'currency_code': 'USD', 'currency_id': '1072fc76-1862-41ab-82c2-485837590762'}","{'amount': '18.98', 'currency_code': 'USD', 'currency_id': '1072fc76-1862-41ab-82c2-485837590762'}",,False,,,,,,False,True,False,True,0,,,2.0,,False,,order_finalized,,
0c4302b3-1c71-4735-a6b8-5025429da8fa,165061c9-8775-4d50-88ea-811fd2f0fc67,https://api.robinhood.com/orders/0c4302b3-1c71-4735-a6b8-5025429da8fa/,https://api.robinhood.com/accounts/5SE25445/,fa785cc9-e75d-40e1-ad49-9dad4a009457,https://api.robinhood.com/positions/5SE25445/6df56bd0-0bf2-44ab-8875-f94fd8526942/,,https://api.robinhood.com/instruments/6df56bd0-0bf2-44ab-8875-f94fd8526942/,6df56bd0-0bf2-44ab-8875-f94fd8526942,10.00000000,9.35000000,0.00,filled,filled,,market,buy,gfd,immediate,9.81000000,,10.00000000,,2019-04-23T14:23:25.194918Z,2019-04-23T14:23:25.829551Z,2019-04-23T14:23:25.354000Z,"[{'price': '9.35000000', 'quantity': '10.00000000', 'rounded_notional': None, 'settlement_date': '2019-04-25', 'timestamp': '2019-04-23T14:23:25.354000Z', 'id': '2997b996-42e3-4570-8b5b-9d448218d97e', 'ipo_access_execution_rank': None, 'trade_execution_date': None}]",False,regular_hours,False,False,,,,,,,,"{'amount': '98.10', 'currency_code': 'USD', 'currency_id': '1072fc76-1862-41ab-82c2-485837590762'}","{'amount': '93.50', 'currency_code': 'USD', 'currency_id': '1072fc76-1862-41ab-82c2-485837590762'}",,False,,,,,,False,True,False,True,0,,,2.0,,False,,order_finalized,,
5ef35eda-16c7-4902-b1b1-9b0146f1650f,25a5a4fb-0272-43dc-882f-22b70096ef29,https://api.robinhood.com/orders/5ef35eda-16c7-4902-b1b1-9b0146f1650f/,https://api.robinhood.com/accounts/5SE25445/,fa785cc9-e75d-40e1-ad49-9dad4a009457,https://api.robinhood.com/positions/5SE25445/940fc3f5-1db5-4fed-b452-f3a2e4562b5f/,,https://api.robinhood.com/instruments/940fc3f5-1db5-4fed-b452-f3a2e4562b5f/,940fc3f5-1db5-4fed-b452-f3a2e4562b5f,1.00000000,27.99000000,0.00,filled,filled,,market,buy,gfd,immediate,29.38000000,,1.00000000,,2019-04-23T14:21:40.783017Z,2019-04-23T14:21:41.364129Z,2019-04-23T14:21:40.916000Z,"[{'price': '27.98970000', 'quantity': '1.00000000', 'rounded_notional': None, 'settlement_date': '2019-04-25', 'timestamp': '2019-04-23T14:21:40.916000Z', 'id': 'b5216cdb-40bb-45a3-97c1-88735dd206b6', 'ipo_access_execution_rank': None, 'trade_execution_date': None}]",False,regular_hours,False,False,,,,,,,,"{'amount': '29.38', 'currency_code': 'USD', 'currency_id': '1072fc76-1862-41ab-82c2-485837590762'}","{'amount': '27.99', 'currency_code': 'USD', 'currency_id': '1072fc76-1862-41ab-82c2-485837590762'}",,False,,,,,,False,True,False,True,0,,,2.0,,False,,order_finalized,,
0eb469b3-2c1c-4f20-b648-cac2299a8c56,d9766840-9f02-4c25-a1cd-7dc5582dcd82,https://api.robinhood.com/orders/0eb469b3-2c1c-4f20-b648-cac2299a8c56/,https://api.robinhood.com/accounts/5SE25445/,fa785cc9-e75d-40e1-ad49-9dad4a009457,https://api.robinhood.com/positions/5SE25445/48bbe4a0-d167-4bfe-8d3b-494f9bb56350/,,https://api.robinhood.com/instruments/48bbe4a0-d167-4bfe-8d3b-494f9bb56350/,48bbe4a0-d167-4bfe-8d3b-494f9bb56350,3.00000000,39.39000000,0.02,filled,filled,,market,sell,gfd,immediate,,,3.00000000,,2019-04-23T13:42:09.914724Z,2019-04-23T13:42:10.713142Z,2019-04-23T13:42:10.223000Z,"[{'price': '39.39010000', 'quantity': '3.00000000', 'rounded_notional': None, 'settlement_date': '2019-04-25', 'timestamp': '2019-04-23T13:42:10.223000Z', 'id': '3caf13ce-8d55-4396-81b0-249eb16c5455', 'ipo_access_execution_rank': None, 'trade_execution_date': None}]",False,regular_hours,False,False,,,,,,,,,"{'amount': '118.17', 'currency_code': 'USD', 'currency_id': '1072fc76-1862-41ab-82c2-485837590762'}",,False,,,,,,False,True,False,True,0,,,2.0,,False,,order_finalized,,
5673089d-e492-483b-971a-971cf0ca13d1,365a04ca-9e44-4b4f-a3d0-cecdc02dc98e,https://api.robinhood.com/orders/5673089d-e492-483b-971a-971cf0ca13d1/,https://api.robinhood.com/accounts/5SE25445/,fa785cc9-e75d-40e1-ad49-9dad4a009457,https://api.robinhood.com/positions/5SE25445/940fc3f5-1db5-4fed-b452-f3a2e4562b5f/,,https://api.robinhood.com/instruments/940fc3f5-1db5-4fed-b452-f3a2e4562b5f/,940fc3f5-1db5-4fed-b452-f3a2e4562b5f,1.00000000,28.14000000,0.02,filled,filled,,market,sell,gfd,immediate,26.74000000,,1.00000000,,2019-04-23T13:12:31.065511Z,2019-04-23T13:12:31.682658Z,2019-04-23T13:12:31.263000Z,"[{'price': '28.14000000', 'quantity': '1.00000000', 'rounded_notional': None, 'settlement_date': '2019-04-25', 'timestamp': '2019-04-23T13:12:31.263000Z', 'id': '882f04bc-dd66-439e-9c7c-12c44400f384', 'ipo_access_execution_rank': None, 'trade_execution_date': None}]",True,extended_hours,False,False,,,,,,,,"{'amount': '26.74', 'currency_code': 'USD', 'currency_id': '1072fc76-1862-41ab-82c2-485837590762'}","{'amount': '28.14', 'currency_code': 'USD', 'currency_id': '1072fc76-1862-41ab-82c2-485837590762'}",,False,,,,,,False,True,False,True,0,,,2.0,,False,,order_finalized,,
16a1c696-4613-4458-94b4-c57e97466752,0ae634a9-1843-4ea5-8851-a52dc295edfc,https://api.robinhood.com/orders/16a1c696-4613-4458-94b4-c57e97466752/,https://api.robinhood.com/accounts/5SE25445/,fa785cc9-e75d-40e1-ad49-9dad4a009457,https://api.robinhood.com/positions/5SE25445/f6fb4ac4-fd18-4d92-b8e9-475d6b3279ce/,,https://api.robinhood.com/instruments/f6fb4ac4-fd18-4d92-b8e9-475d6b3279ce/,f6fb4ac4-fd18-4d92-b8e9-475d6b3279ce,0.00000000,,0.00,cancelled,cancelled,,market,buy,gfd,immediate,2.60000000,,24.00000000,,2019-04-23T12:48:53.633147Z,2019-04-23T12:49:18.526734Z,2019-04-23T12:49:18.072000Z,[],False,regular_hours,False,False,,,,,,,,"{'amount': '62.40', 'currency_code': 'USD', 'currency_id': '1072fc76-1862-41ab-82c2-485837590762'}",,,False,,,,,,False,True,False,True,0,,,2.0,,False,,order_finalized,,
74254cec-9714-47d0-a7ab-6bfe99451cab,8b32f80f-43bf-48ad-8a90-4c617f0c5be1,https://api.robinhood.com/orders/74254cec-9714-47d0-a7ab-6bfe99451cab/,https://api.robinhood.com/accounts/5SE25445/,fa785cc9-e75d-40e1-ad49-9dad4a009457,https://api.robinhood.com/positions/5SE25445/72eaf09c-d48d-4252-9968-8f57eaa19d05/,,https://api.robinhood.com/instruments/72eaf09c-d48d-4252-9968-8f57eaa19d05/,72eaf09c-d48d-4252-9968-8f57eaa19d05,1.00000000,48.23000000,0.02,filled,filled,,limit,sell,gtc,immediate,48.23000000,,1.00000000,,2019-04-22T20:08:41.661410Z,2019-04-22T20:09:01.144969Z,2019-04-22T20:09:00.782000Z,"[{'price': '48.23000000', 'quantity': '1.00000000', 'rounded_notional': None, 'settlement_date': '2019-04-24', 'timestamp': '2019-04-22T20:09:00.782000Z', 'id': '3542f312-9450-424f-b319-b2eb857ede00', 'ipo_access_execution_rank': None, 'trade_execution_date': None}]",True,extended_hours,False,False,,,,,,,,"{'amount': '48.23', 'currency_code': 'USD', 'currency_id': '1072fc76-1862-41ab-82c2-485837590762'}","{'amount': '48.23', 'currency_code': 'USD', 'currency_id': '1072fc76-1862-41ab-82c2-485837590762'}",,False,,,,,,False,True,False,True,0,,,2.0,,False,,order_finalized,,
aa54f5c1-c2d3-44e2-85ad-61d9a643c43e,0d71366f-3e73-42f3-858e-977e517a7851,https://api.robinhood.com/orders/aa54f5c1-c2d3-44e2-85ad-61d9a643c43e/,https://api.robinhood.com/accounts/5SE25445/,fa785cc9-e75d-40e1-ad49-9dad4a009457,https://api.robinhood.com/positions/5SE25445/39ff611b-84e7-425b-bfb8-6fe2a983fcf3/,,https://api.robinhood.com/instruments/39ff611b-84e7-425b-bfb8-6fe2a983fcf3/,39ff611b-84e7-425b-bfb8-6fe2a983fcf3,6.00000000,9.25170000,0.02,filled,filled,,market,sell,gfd,immediate,,,6.00000000,,2019-04-22T18:18:57.434278Z,2019-04-22T18:18:58.131353Z,2019-04-22T18:18:57.758000Z,"[{'price': '9.25100000', 'quantity': '6.00000000', 'rounded_notional': None, 'settlement_date': '2019-04-24', 'timestamp': '2019-04-22T18:18:57.758000Z', 'id': 'c89015d4-15e2-415c-bbfa-578e736be473', 'ipo_access_execution_rank': None, 'trade_execution_date': None}]",False,regular_hours,False,False,,,,,,,,,"{'amount': '55.51', 'currency_code': 'USD', 'currency_id': '1072fc76-1862-41ab-82c2-485837590762'}",,False,,,,,,False,True,False,True,0,,,2.0,,False,,order_finalized,,
847f21d5-08c1-4461-975e-5b0689b266d8,6745d25d-9382-448e-88d0-2796fefe1925,https://api.robinhood.com/orders/847f21d5-08c1-4461-975e-5b0689b266d8/,https://api.robinhood.com/accounts/5SE25445/,fa785cc9-e75d-40e1-ad49-9dad4a009457,https://api.robinhood.com/positions/5SE25445/846ae64b-c4dd-432c-9f26-44afd60ed82b/,,https://api.robinhood.com/instruments/846ae64b-c4dd-432c-9f26-44afd60ed82b/,846ae64b-c4dd-432c-9f26-44afd60ed82b,1.00000000,81.29000000,0.02,filled,filled,,market,sell,gfd,immediate,,,1.00000000,,2019-04-22T16:34:41.122043Z,2019-04-22T16:34:41.672314Z,2019-04-22T16:34:41.337000Z,"[{'price': '81.29180000', 'quantity': '1.00000000', 'rounded_notional': None, 'settlement_date': '2019-04-24', 'timestamp': '2019-04-22T16:34:41.337000Z', 'id': '24943209-0140-4818-9407-47eed85119f3', 'ipo_access_execution_rank': None, 'trade_execution_date': None}]",False,regular_hours,False,False,,,,,,,,,"{'amount': '81.29', 'currency_code': 'USD', 'currency_id': '1072fc76-1862-41ab-82c2-485837590762'}",,False,,,,,,False,True,False,True,0,,,2.0,,False,,order_finalized,,
05b8bf2e-b5a1-4004-8edb-c8cc8f923fc8,2be598c1-1c27-4235-8777-c72f29ca72e4,https://api.robinhood.com/orders/05b8bf2e-b5a1-4004-8edb-c8cc8f923fc8/,https://api.robinhood.com/accounts/5SE25445/,fa785cc9-e75d-40e1-ad49-9dad4a009457,https://api.robinhood.com/positions/5SE25445/39ff611b-84e7-425b-bfb8-6fe2a983fcf3/,,https://api.robinhood.com/instruments/39ff611b-84e7-425b-bfb8-6fe2a983fcf3/,39ff611b-84e7-425b-bfb8-6fe2a983fcf3,5.00000000,9.21000000,0.02,filled,filled,,market,sell,gfd,immediate,,,5.00000000,,2019-04-22T15:11:41.501453Z,2019-04-22T15:11:42.218988Z,2019-04-22T15:11:41.823000Z,"[{'price': '9.21010000', 'quantity': '5.00000000', 'rounded_notional': None, 'settlement_date': '2019-04-24', 'timestamp': '2019-04-22T15:11:41.823000Z', 'id': 'e9525ff6-ba94-4911-a97c-fa47f0cddbc4', 'ipo_access_execution_rank': None, 'trade_execution_date': None}]",False,regular_hours,False,False,,,,,,,,,"{'amount': '46.05', 'currency_code': 'USD', 'currency_id': '1072fc76-1862-41ab-82c2-485837590762'}",,False,,,,,,False,True,False,True,0,,,2.0,,False,,order_finalized,,
d49f044e-b5bf-4958-830b-3d001ee86a9f,74b8a753-5e22-4688-ba34-26d0035b8cdb,https://api.robinhood.com/orders/d49f044e-b5bf-4958-830b-3d001ee86a9f/,https://api.robinhood.com/accounts/5SE25445/,fa785cc9-e75d-40e1-ad49-9dad4a009457,https://api.robinhood.com/positions/5SE25445/6df56bd0-0bf2-44ab-8875-f94fd8526942/,,https://api.robinhood.com/instruments/6df56bd0-0bf2-44ab-8875-f94fd8526942/,6df56bd0-0bf2-44ab-8875-f94fd8526942,5.00000000,9.53000000,0.00,filled,filled,,market,buy,gfd,immediate,9.99000000,,5.00000000,,2019-04-22T13:40:51.236025Z,2019-04-22T13:40:51.988961Z,2019-04-22T13:40:51.371000Z,"[{'price': '9.53000000', 'quantity': '5.00000000', 'rounded_notional': None, 'settlement_date': '2019-04-24', 'timestamp': '2019-04-22T13:40:51.371000Z', 'id': 'c73a5128-2a13-4f3f-8372-b5fe536b6f5c', 'ipo_access_execution_rank': None, 'trade_execution_date': None}]",False,regular_hours,False,False,,,,,,,,"{'amount': '49.95', 'currency_code': 'USD', 'currency_id': '1072fc76-1862-41ab-82c2-485837590762'}","{'amount': '47.65', 'currency_code': 'USD', 'currency_id': '1072fc76-1862-41ab-82c2-485837590762'}",,False,,,,,,False,True,False,True,0,,,2.0,,False,,order_finalized,,
62f413f2-71c8-47b1-9d99-d67f9724e9ec,d46d8f1b-5caa-4067-a841-4b7542a44ec3,https://api.robinhood.com/orders/62f413f2-71c8-47b1-9d99-d67f9724e9ec/,https://api.robinhood.com/accounts/5SE25445/,fa785cc9-e75d-40e1-ad49-9dad4a009457,https://api.robinhood.com/positions/5SE25445/68487b7f-91bb-41be-b1df-3af37e6ae38f/,,https://api.robinhood.com/instruments/68487b7f-91bb-41be-b1df-3af37e6ae38f/,68487b7f-91bb-41be-b1df-3af37e6ae38f,3.00000000,15.94000000,0.02,filled,filled,,market,sell,gfd,immediate,,,3.00000000,,2019-04-22T13:40:28.701405Z,2019-04-22T13:40:29.280435Z,2019-04-22T13:40:28.922000Z,"[{'price': '15.94010000', 'quantity': '3.00000000', 'rounded_notional': None, 'settlement_date': '2019-04-24', 'timestamp': '2019-04-22T13:40:28.922000Z', 'id': '09039b7f-4020-4941-a133-de80d2701953', 'ipo_access_execution_rank': None, 'trade_execution_date': None}]",False,regular_hours,False,False,,,,,,,,,"{'amount': '47.82', 'currency_code': 'USD', 'currency_id': '1072fc76-1862-41ab-82c2-485837590762'}",,False,,,,,,False,True,False,True,0,,,2.0,,False,,order_finalized,,
3de05207-8a46-4763-aa9e-484eac8bd36a,8c3f67fb-ff6d-4c32-b383-f49040cca9a1,https://api.robinhood.com/orders/3de05207-8a46-4763-aa9e-484eac8bd36a/,https://api.robinhood.com/accounts/5SE25445/,fa785cc9-e75d-40e1-ad49-9dad4a009457,https://api.robinhood.com/positions/5SE25445/f786c13a-e28f-42a2-8e0e-c7e479688136/,,https://api.robinhood.com/instruments/f786c13a-e28f-42a2-8e0e-c7e479688136/,f786c13a-e28f-42a2-8e0e-c7e479688136,20.00000000,6.79900000,0.00,filled,filled,,limit,buy,gfd,immediate,6.80000000,,20.00000000,,2019-04-22T13:38:20.547838Z,2019-04-22T13:38:21.026684Z,2019-04-22T13:38:20.669000Z,"[{'price': '6.79900000', 'quantity': '20.00000000', 'rounded_notional': None, 'settlement_date': '2019-04-24', 'timestamp': '2019-04-22T13:38:20.669000Z', 'id': 'a1014e1d-81b8-466a-8cdc-3a54f846e4e7', 'ipo_access_execution_rank': None, 'trade_execution_date': None}]",True,extended_hours,False,False,,,,,,,,"{'amount': '136.00', 'currency_code': 'USD', 'currency_id': '1072fc76-1862-41ab-82c2-485837590762'}","{'amount': '135.98', 'currency_code': 'USD', 'currency_id': '1072fc76-1862-41ab-82c2-485837590762'}",,False,,,,,,False,True,False,True,0,,,2.0,,False,,order_finalized,,
8c326f66-60d9-4b94-9515-a740342c4862,0a8751c6-5a1a-48b1-8293-4c27358d2c23,https://api.robinhood.com/orders/8c326f66-60d9-4b94-9515-a740342c4862/,https://api.robinhood.com/accounts/5SE25445/,fa785cc9-e75d-40e1-ad49-9dad4a009457,https://api.robinhood.com/positions/5SE25445/9c53326c-d07e-4b82-82d2-b108ec5d9530/,,https://api.robinhood.com/instruments/9c53326c-d07e-4b82-82d2-b108ec5d9530/,9c53326c-d07e-4b82-82d2-b108ec5d9530,1.00000000,135.74000000,0.02,filled,filled,,market,sell,gfd,immediate,,,1.00000000,,2019-04-22T13:37:54.839460Z,2019-04-22T13:37:55.520567Z,2019-04-22T13:37:55.011000Z,"[{'price': '135.74010000', 'quantity': '1.00000000', 'rounded_notional': None, 'settlement_date': '2019-04-24', 'timestamp': '2019-04-22T13:37:55.011000Z', 'id': '411a1389-3c7e-49b5-be13-41464ee35acb', 'ipo_access_execution_rank': None, 'trade_execution_date': None}]",False,regular_hours,False,False,,,,,,,,,"{'amount': '135.74', 'currency_code': 'USD', 'currency_id': '1072fc76-1862-41ab-82c2-485837590762'}",,False,,,,,,False,True,False,True,0,,,2.0,,False,,order_finalized,,
d5348e81-5c62-45ba-ba9b-f2d0e555baaa,2025ccb0-24cb-4d3d-a0a4-dd1c41905e18,https://api.robinhood.com/orders/d5348e81-5c62-45ba-ba9b-f2d0e555baaa/,https://api.robinhood.com/accounts/5SE25445/,fa785cc9-e75d-40e1-ad49-9dad4a009457,https://api.robinhood.com/positions/5SE25445/71d81e7d-783c-4b8c-b574-ee50fcc4ce3a/,,https://api.robinhood.com/instruments/71d81e7d-783c-4b8c-b574-ee50fcc4ce3a/,71d81e7d-783c-4b8c-b574-ee50fcc4ce3a,6.00000000,8.89000000,0.00,filled,filled,,limit,buy,gfd,immediate,8.89000000,,6.00000000,,2019-04-16T19:59:12.601615Z,2019-04-16T19:59:13.392514Z,2019-04-16T19:59:13.022000Z,"[{'price': '8.88920000', 'quantity': '6.00000000', 'rounded_notional': None, 'settlement_date': '2019-04-18', 'timestamp': '2019-04-16T19:59:13.022000Z', 'id': '765402b3-d037-4d43-af5c-be1decea76ad', 'ipo_access_execution_rank': None, 'trade_execution_date': None}]",True,extended_hours,False,False,,,,,,,,"{'amount': '53.34', 'currency_code': 'USD', 'currency_id': '1072fc76-1862-41ab-82c2-485837590762'}","{'amount': '53.34', 'currency_code': 'USD', 'currency_id': '1072fc76-1862-41ab-82c2-485837590762'}",,False,,,,,,False,True,False,True,0,,,2.0,,False,,order_finalized,,
2ad830bc-3a68-4e83-aead-ddd26a13da5c,f360ba3b-92a0-4efc-b045-3557c7581451,https://api.robinhood.com/orders/2ad830bc-3a68-4e83-aead-ddd26a13da5c/,https://api.robinhood.com/accounts/5SE25445/,fa785cc9-e75d-40e1-ad49-9dad4a009457,https://api.robinhood.com/positions/5SE25445/68487b7f-91bb-41be-b1df-3af37e6ae38f/,,https://api.robinhood.com/instruments/68487b7f-91bb-41be-b1df-3af37e6ae38f/,68487b7f-91bb-41be-b1df-3af37e6ae38f,3.00000000,15.81330000,0.02,filled,filled,,market,sell,gfd,immediate,,,3.00000000,,2019-04-16T19:58:49.654445Z,2019-04-16T19:58:50.345686Z,2019-04-16T19:58:49.976000Z,"[{'price': '15.81170000', 'quantity': '3.00000000', 'rounded_notional': None, 'settlement_date': '2019-04-18', 'timestamp': '2019-04-16T19:58:49.976000Z', 'id': 'a2d37ca7-0d07-480a-9241-03880a5e34e9', 'ipo_access_execution_rank': None, 'trade_execution_date': None}]",False,regular_hours,False,False,,,,,,,,,"{'amount': '47.44', 'currency_code': 'USD', 'currency_id': '1072fc76-1862-41ab-82c2-485837590762'}",,False,,,,,,False,True,False,True,0,,,2.0,,False,,order_finalized,,
41eec43e-a68f-424a-9627-5705492e7d8b,9aaddd5e-a60d-4f81-83b2-dc09ed721244,https://api.robinhood.com/orders/41eec43e-a68f-424a-9627-5705492e7d8b/,https://api.robinhood.com/accounts/5SE25445/,fa785cc9-e75d-40e1-ad49-9dad4a009457,https://api.robinhood.com/positions/5SE25445/846ae64b-c4dd-432c-9f26-44afd60ed82b/,,https://api.robinhood.com/instruments/846ae64b-c4dd-432c-9f26-44afd60ed82b/,846ae64b-c4dd-432c-9f26-44afd60ed82b,1.00000000,81.63000000,0.00,filled,filled,,market,buy,gfd,immediate,85.68000000,,1.00000000,,2019-04-16T19:36:39.007796Z,2019-04-16T19:36:39.539422Z,2019-04-16T19:36:39.154000Z,"[{'price': '81.63120000', 'quantity': '1.00000000', 'rounded_notional': None, 'settlement_date': '2019-04-18', 'timestamp': '2019-04-16T19:36:39.154000Z', 'id': '19f534c5-9210-4295-9447-7755c6d7c0d6', 'ipo_access_execution_rank': None, 'trade_execution_date': None}]",False,regular_hours,False,False,,,,,,,,"{'amount': '85.68', 'currency_code': 'USD', 'currency_id': '1072fc76-1862-41ab-82c2-485837590762'}","{'amount': '81.63', 'currency_code': 'USD', 'currency_id': '1072fc76-1862-41ab-82c2-485837590762'}",,False,,,,,,False,True,False,True,0,,,2.0,,False,,order_finalized,,
d43db5d4-b894-4aa6-a9b0-57d470ff11bc,a997d93a-feab-467e-8aa3-7539b6561adc,https://api.robinhood.com/orders/d43db5d4-b894-4aa6-a9b0-57d470ff11bc/,https://api.robinhood.com/accounts/5SE25445/,fa785cc9-e75d-40e1-ad49-9dad4a009457,https://api.robinhood.com/positions/5SE25445/2bbdb493-dbb1-4e9c-ac98-6e7c93b117c0/,,https://api.robinhood.com/instruments/2bbdb493-dbb1-4e9c-ac98-6e7c93b117c0/,2bbdb493-dbb1-4e9c-ac98-6e7c93b117c0,1.00000000,9.06000000,0.02,filled,filled,,market,sell,gfd,immediate,,,1.00000000,,2019-04-16T19:36:11.862858Z,2019-04-16T19:36:12.409119Z,2019-04-16T19:36:12.065000Z,"[{'price': '9.06030000', 'quantity': '1.00000000', 'rounded_notional': None, 'settlement_date': '2019-04-18', 'timestamp': '2019-04-16T19:36:12.065000Z', 'id': '4fc959e9-619b-4131-ad42-5e3855cec91e', 'ipo_access_execution_rank': None, 'trade_execution_date': None}]",False,regular_hours,False,False,,,,,,,,,"{'amount': '9.06', 'currency_code': 'USD', 'currency_id': '1072fc76-1862-41ab-82c2-485837590762'}",,False,,,,,,False,True,False,True,0,,,2.0,,False,,order_finalized,,
9148ff5d-ce6b-4a5b-a183-5c52c4873a7c,6d83e11d-ea78-46b2-839a-3b7535233bc1,https://api.robinhood.com/orders/9148ff5d-ce6b-4a5b-a183-5c52c4873a7c/,https://api.robinhood.com/accounts/5SE25445/,fa785cc9-e75d-40e1-ad49-9dad4a009457,https://api.robinhood.com/positions/5SE25445/68487b7f-91bb-41be-b1df-3af37e6ae38f/,,https://api.robinhood.com/instruments/68487b7f-91bb-41be-b1df-3af37e6ae38f/,68487b7f-91bb-41be-b1df-3af37e6ae38f,5.00000000,15.83200000,0.02,filled,filled,,market,sell,gfd,immediate,,,5.00000000,,2019-04-16T19:35:20.649323Z,2019-04-16T19:35:21.298187Z,2019-04-16T19:35:20.886000Z,"[{'price': '15.83170000', 'quantity': '5.00000000', 'rounded_notional': None, 'settlement_date': '2019-04-18', 'timestamp': '2019-04-16T19:35:20.886000Z', 'id': '167b8e06-f9af-4086-b7c4-3475c544a3d4', 'ipo_access_execution_rank': None, 'trade_execution_date': None}]",False,regular_hours,False,False,,,,,,,,,"{'amount': '79.16', 'currency_code': 'USD', 'currency_id': '1072fc76-1862-41ab-82c2-485837590762'}",,False,,,,,,False,True,False,True,0,,,2.0,,False,,order_finalized,,
195542eb-ab61-40d4-bb61-118ab2c413d6,efeb1741-6813-41db-82cc-fcc3addd64f9,https://api.robinhood.com/orders/195542eb-ab61-40d4-bb61-118ab2c413d6/,https://api.robinhood.com/accounts/5SE25445/,fa785cc9-e75d-40e1-ad49-9dad4a009457,https://api.robinhood.com/positions/5SE25445/f3703f80-d9f5-493c-a7ce-8f32fe25422e/,,https://api.robinhood.com/instruments/f3703f80-d9f5-493c-a7ce-8f32fe25422e/,f3703f80-d9f5-493c-a7ce-8f32fe25422e,2.00000000,8.87000000,0.00,filled,filled,,market,buy,gfd,immediate,9.30000000,,2.00000000,,2019-04-10T15:42:28.654984Z,2019-04-10T15:42:29.019645Z,2019-04-10T15:42:28.750000Z,"[{'price': '8.86970000', 'quantity': '2.00000000', 'rounded_notional': None, 'settlement_date': '2019-04-12', 'timestamp': '2019-04-10T15:42:28.750000Z', 'id': 'da8f776a-608a-4330-8826-98e092ee5d8c', 'ipo_access_execution_rank': None, 'trade_execution_date': None}]",False,regular_hours,False,False,,,,,,,,"{'amount': '18.60', 'currency_code': 'USD', 'currency_id': '1072fc76-1862-41ab-82c2-485837590762'}","{'amount': '17.74', 'currency_code': 'USD', 'currency_id': '1072fc76-1862-41ab-82c2-485837590762'}",,False,,,,,,False,True,False,True,0,,,2.0,,False,,order_finalized,,
9f55e9a3-c41e-44dc-96bb-945b8770d301,cd52df2e-69b6-44be-8706-0d23e104ddf1,https://api.robinhood.com/orders/9f55e9a3-c41e-44dc-96bb-945b8770d301/,https://api.robinhood.com/accounts/5SE25445/,fa785cc9-e75d-40e1-ad49-9dad4a009457,https://api.robinhood.com/positions/5SE25445/68487b7f-91bb-41be-b1df-3af37e6ae38f/,,https://api.robinhood.com/instruments/68487b7f-91bb-41be-b1df-3af37e6ae38f/,68487b7f-91bb-41be-b1df-3af37e6ae38f,8.00000000,17.73630000,0.00,filled,filled,,market,buy,gfd,immediate,18.61000000,,8.00000000,,2019-04-09T18:14:09.788727Z,2019-04-09T18:14:10.383056Z,2019-04-09T18:14:09.990000Z,"[{'price': '17.73650000', 'quantity': '8.00000000', 'rounded_notional': None, 'settlement_date': '2019-04-11', 'timestamp': '2019-04-09T18:14:09.990000Z', 'id': '6b5efd24-45b1-4107-b14a-05bad328178a', 'ipo_access_execution_rank': None, 'trade_execution_date': None}]",False,regular_hours,False,False,,,,,,,,"{'amount': '148.88', 'currency_code': 'USD', 'currency_id': '1072fc76-1862-41ab-82c2-485837590762'}","{'amount': '141.89', 'currency_code': 'USD', 'currency_id': '1072fc76-1862-41ab-82c2-485837590762'}",,False,,,,,,False,True,False,True,0,,,2.0,,False,,order_finalized,,
474113b6-b532-4359-8c21-9ecab7d23155,9d155738-ac92-4ee6-a4db-0847c0059c64,https://api.robinhood.com/orders/474113b6-b532-4359-8c21-9ecab7d23155/,https://api.robinhood.com/accounts/5SE25445/,fa785cc9-e75d-40e1-ad49-9dad4a009457,https://api.robinhood.com/positions/5SE25445/44a11079-4699-4442-84f8-f8cdf2c1a3c8/,,https://api.robinhood.com/instruments/44a11079-4699-4442-84f8-f8cdf2c1a3c8/,44a11079-4699-4442-84f8-f8cdf2c1a3c8,1.00000000,71.39000000,0.00,filled,filled,,market,buy,gfd,immediate,74.94000000,,1.00000000,,2019-04-09T18:13:31.819494Z,2019-04-09T18:13:32.285653Z,2019-04-09T18:13:31.918000Z,"[{'price': '71.38950000', 'quantity': '1.00000000', 'rounded_notional': None, 'settlement_date': '2019-04-11', 'timestamp': '2019-04-09T18:13:31.918000Z', 'id': '237774a7-7d72-4398-a2b8-e72f9bdb2a5b', 'ipo_access_execution_rank': None, 'trade_execution_date': None}]",False,regular_hours,False,False,,,,,,,,"{'amount': '74.94', 'currency_code': 'USD', 'currency_id': '1072fc76-1862-41ab-82c2-485837590762'}","{'amount': '71.39', 'currency_code': 'USD', 'currency_id': '1072fc76-1862-41ab-82c2-485837590762'}",,False,,,,,,False,True,False,True,0,,,2.0,,False,,order_finalized,,
813ee58e-fca5-4318-89b5-dac4381e0aad,729faf93-4e25-49a6-9254-946e23bf200a,https://api.robinhood.com/orders/813ee58e-fca5-4318-89b5-dac4381e0aad/,https://api.robinhood.com/accounts/5SE25445/,fa785cc9-e75d-40e1-ad49-9dad4a009457,https://api.robinhood.com/positions/5SE25445/de0e6dc1-ca4d-4df7-a07e-baad8b1fcc11/,,https://api.robinhood.com/instruments/de0e6dc1-ca4d-4df7-a07e-baad8b1fcc11/,de0e6dc1-ca4d-4df7-a07e-baad8b1fcc11,1.00000000,160.87000000,0.00,filled,filled,,market,buy,gfd,immediate,168.92000000,,1.00000000,,2019-04-09T18:10:04.054839Z,2019-04-09T18:10:04.552609Z,2019-04-09T18:10:04.169000Z,"[{'price': '160.87000000', 'quantity': '1.00000000', 'rounded_notional': None, 'settlement_date': '2019-04-11', 'timestamp': '2019-04-09T18:10:04.169000Z', 'id': 'd186ab98-1ff3-4e99-94c9-279a3f8eb520', 'ipo_access_execution_rank': None, 'trade_execution_date': None}]",False,regular_hours,False,False,,,,,,,,"{'amount': '168.92', 'currency_code': 'USD', 'currency_id': '1072fc76-1862-41ab-82c2-485837590762'}","{'amount': '160.87', 'currency_code': 'USD', 'currency_id': '1072fc76-1862-41ab-82c2-485837590762'}",,False,,,,,,False,True,False,True,0,,,2.0,,False,,order_finalized,,
58446e35-9c02-4d2e-8a5b-038aa0de59c3,8f872c41-61e8-468d-89f1-fa8a80179199,https://api.robinhood.com/orders/58446e35-9c02-4d2e-8a5b-038aa0de59c3/,https://api.robinhood.com/accounts/5SE25445/,fa785cc9-e75d-40e1-ad49-9dad4a009457,https://api.robinhood.com/positions/5SE25445/39ff611b-84e7-425b-bfb8-6fe2a983fcf3/,,https://api.robinhood.com/instruments/39ff611b-84e7-425b-bfb8-6fe2a983fcf3/,39ff611b-84e7-425b-bfb8-6fe2a983fcf3,11.00000000,9.28000000,0.00,filled,filled,,market,buy,gfd,immediate,9.73000000,,11.00000000,,2019-04-09T18:08:38.202259Z,2019-04-09T18:08:38.689847Z,2019-04-09T18:08:38.297000Z,"[{'price': '9.28000000', 'quantity': '11.00000000', 'rounded_notional': None, 'settlement_date': '2019-04-11', 'timestamp': '2019-04-09T18:08:38.297000Z', 'id': '81b7d152-fafc-40a3-a274-5dd19fc9e7c4', 'ipo_access_execution_rank': None, 'trade_execution_date': None}]",False,regular_hours,False,False,,,,,,,,"{'amount': '107.03', 'currency_code': 'USD', 'currency_id': '1072fc76-1862-41ab-82c2-485837590762'}","{'amount': '102.08', 'currency_code': 'USD', 'currency_id': '1072fc76-1862-41ab-82c2-485837590762'}",,False,,,,,,False,True,False,True,0,,,2.0,,False,,order_finalized,,
30862144-5405-418f-8506-03fe09e9737d,ee342de8-5d27-4a29-abaa-b902e67d92f5,https://api.robinhood.com/orders/30862144-5405-418f-8506-03fe09e9737d/,https://api.robinhood.com/accounts/5SE25445/,fa785cc9-e75d-40e1-ad49-9dad4a009457,https://api.robinhood.com/positions/5SE25445/48bbe4a0-d167-4bfe-8d3b-494f9bb56350/,,https://api.robinhood.com/instruments/48bbe4a0-d167-4bfe-8d3b-494f9bb56350/,48bbe4a0-d167-4bfe-8d3b-494f9bb56350,3.00000000,38.91000000,0.00,filled,filled,,market,buy,gfd,immediate,40.85000000,,3.00000000,,2019-04-09T18:07:39.086312Z,2019-04-09T18:07:39.641499Z,2019-04-09T18:07:39.258000Z,"[{'price': '38.91000000', 'quantity': '3.00000000', 'rounded_notional': None, 'settlement_date': '2019-04-11', 'timestamp': '2019-04-09T18:07:39.258000Z', 'id': '98b6e3d7-2e03-42ab-9040-0dfa146dafda', 'ipo_access_execution_rank': None, 'trade_execution_date': None}]",False,regular_hours,False,False,,,,,,,,"{'amount': '122.55', 'currency_code': 'USD', 'currency_id': '1072fc76-1862-41ab-82c2-485837590762'}","{'amount': '116.73', 'currency_code': 'USD', 'currency_id': '1072fc76-1862-41ab-82c2-485837590762'}",,False,,,,,,False,True,False,True,0,,,2.0,,False,,order_finalized,,
08986023-0a66-40e1-bfca-091681b3b5a1,de51a824-0802-4f8c-832f-aae65b22cf28,https://api.robinhood.com/orders/08986023-0a66-40e1-bfca-091681b3b5a1/,https://api.robinhood.com/accounts/5SE25445/,fa785cc9-e75d-40e1-ad49-9dad4a009457,https://api.robinhood.com/positions/5SE25445/846ae64b-c4dd-432c-9f26-44afd60ed82b/,,https://api.robinhood.com/instruments/846ae64b-c4dd-432c-9f26-44afd60ed82b/,846ae64b-c4dd-432c-9f26-44afd60ed82b,1.00000000,82.72000000,0.02,filled,filled,,market,sell,gtc,stop,,83.00000000,1.00000000,,2019-04-09T13:26:01.635648Z,2019-04-09T13:31:05.941939Z,2019-04-09T13:31:05.556000Z,"[{'price': '82.72000000', 'quantity': '1.00000000', 'rounded_notional': None, 'settlement_date': '2019-04-11', 'timestamp': '2019-04-09T13:31:05.556000Z', 'id': 'bde353ee-84c6-4e93-b78f-53930bacf3c0', 'ipo_access_execution_rank': None, 'trade_execution_date': None}]",False,regular_hours,False,False,,,,,,,,,"{'amount': '82.72', 'currency_code': 'USD', 'currency_id': '1072fc76-1862-41ab-82c2-485837590762'}",,False,,,,,,False,True,False,True,0,,,2.0,,False,,order_finalized,,
3d027569-b927-462e-a895-f6fc2f07b456,1f543e29-1b77-4387-a328-1aa4f512997f,https://api.robinhood.com/orders/3d027569-b927-462e-a895-f6fc2f07b456/,https://api.robinhood.com/accounts/5SE25445/,fa785cc9-e75d-40e1-ad49-9dad4a009457,https://api.robinhood.com/positions/5SE25445/72eaf09c-d48d-4252-9968-8f57eaa19d05/,,https://api.robinhood.com/instruments/72eaf09c-d48d-4252-9968-8f57eaa19d05/,72eaf09c-d48d-4252-9968-8f57eaa19d05,1.00000000,43.28000000,0.00,filled,filled,,market,buy,gfd,immediate,45.45000000,,1.00000000,,2019-03-29T16:58:52.038689Z,2019-03-29T16:58:52.487530Z,2019-03-29T16:58:52.126000Z,"[{'price': '43.27830000', 'quantity': '1.00000000', 'rounded_notional': None, 'settlement_date': '2019-04-02', 'timestamp': '2019-03-29T16:58:52.126000Z', 'id': 'abc54a68-764e-426f-b9b4-8ff49343e42b', 'ipo_access_execution_rank': None, 'trade_execution_date': None}]",False,regular_hours,False,False,,,,,,,,"{'amount': '45.45', 'currency_code': 'USD', 'currency_id': '1072fc76-1862-41ab-82c2-485837590762'}","{'amount': '43.28', 'currency_code': 'USD', 'currency_id': '1072fc76-1862-41ab-82c2-485837590762'}",,False,,,,,,False,True,False,True,0,,,2.0,,False,,order_finalized,,
4f5ce449-520d-441f-8a3d-112e67aaa9a5,b1681412-9cc1-40f8-bb02-d36e6a560f3f,https://api.robinhood.com/orders/4f5ce449-520d-441f-8a3d-112e67aaa9a5/,https://api.robinhood.com/accounts/5SE25445/,fa785cc9-e75d-40e1-ad49-9dad4a009457,https://api.robinhood.com/positions/5SE25445/68487b7f-91bb-41be-b1df-3af37e6ae38f/,,https://api.robinhood.com/instruments/68487b7f-91bb-41be-b1df-3af37e6ae38f/,68487b7f-91bb-41be-b1df-3af37e6ae38f,3.00000000,18.31330000,0.02,filled,filled,,market,sell,gfd,immediate,,,3.00000000,,2019-03-29T16:58:29.396496Z,2019-03-29T16:58:29.944332Z,2019-03-29T16:58:29.618000Z,"[{'price': '18.31170000', 'quantity': '3.00000000', 'rounded_notional': None, 'settlement_date': '2019-04-02', 'timestamp': '2019-03-29T16:58:29.618000Z', 'id': '4c2f4175-8ed1-4081-a328-4a364e9f4c81', 'ipo_access_execution_rank': None, 'trade_execution_date': None}]",False,regular_hours,False,False,,,,,,,,,"{'amount': '54.94', 'currency_code': 'USD', 'currency_id': '1072fc76-1862-41ab-82c2-485837590762'}",,False,,,,,,False,True,False,True,0,,,2.0,,False,,order_finalized,,
f1fe43a5-5a8e-4027-9181-06c7c9f63906,37d6f2a4-3353-4de1-86f2-36c52ea1bd98,https://api.robinhood.com/orders/f1fe43a5-5a8e-4027-9181-06c7c9f63906/,https://api.robinhood.com/accounts/5SE25445/,fa785cc9-e75d-40e1-ad49-9dad4a009457,https://api.robinhood.com/positions/5SE25445/9c53326c-d07e-4b82-82d2-b108ec5d9530/,,https://api.robinhood.com/instruments/9c53326c-d07e-4b82-82d2-b108ec5d9530/,9c53326c-d07e-4b82-82d2-b108ec5d9530,1.00000000,137.45000000,0.02,filled,filled,,market,sell,gfd,immediate,,,1.00000000,,2019-03-28T19:51:04.367008Z,2019-03-28T19:51:04.920526Z,2019-03-28T19:51:04.553000Z,"[{'price': '137.44940000', 'quantity': '1.00000000', 'rounded_notional': None, 'settlement_date': '2019-04-01', 'timestamp': '2019-03-28T19:51:04.553000Z', 'id': '45607ed1-98c9-49d5-b0a6-6c5ee1a9bf62', 'ipo_access_execution_rank': None, 'trade_execution_date': None}]",False,regular_hours,False,False,,,,,,,,,"{'amount': '137.45', 'currency_code': 'USD', 'currency_id': '1072fc76-1862-41ab-82c2-485837590762'}",,False,,,,,,False,True,False,True,0,,,2.0,,False,,order_finalized,,
381d852f-afb2-4afd-82c9-1902be6ac23b,dbaa2077-749c-4dbd-bb1c-89e361422d9f,https://api.robinhood.com/orders/381d852f-afb2-4afd-82c9-1902be6ac23b/,https://api.robinhood.com/accounts/5SE25445/,fa785cc9-e75d-40e1-ad49-9dad4a009457,https://api.robinhood.com/positions/5SE25445/71d81e7d-783c-4b8c-b574-ee50fcc4ce3a/,,https://api.robinhood.com/instruments/71d81e7d-783c-4b8c-b574-ee50fcc4ce3a/,71d81e7d-783c-4b8c-b574-ee50fcc4ce3a,4.00000000,8.79000000,0.02,filled,filled,,market,sell,gfd,immediate,,,4.00000000,,2019-03-28T19:48:58.571617Z,2019-03-28T19:48:59.158137Z,2019-03-28T19:48:58.801000Z,"[{'price': '8.79050000', 'quantity': '4.00000000', 'rounded_notional': None, 'settlement_date': '2019-04-01', 'timestamp': '2019-03-28T19:48:58.801000Z', 'id': '11c3e28a-54b7-44ba-bcd7-c59455d21e9a', 'ipo_access_execution_rank': None, 'trade_execution_date': None}]",False,regular_hours,False,False,,,,,,,,,"{'amount': '35.16', 'currency_code': 'USD', 'currency_id': '1072fc76-1862-41ab-82c2-485837590762'}",,False,,,,,,False,True,False,True,0,,,2.0,,False,,order_finalized,,
d51e1563-216c-4bde-a4f1-1f06c9fdde82,e3caec9c-db7a-4992-bd95-e37e2e3ce85e,https://api.robinhood.com/orders/d51e1563-216c-4bde-a4f1-1f06c9fdde82/,https://api.robinhood.com/accounts/5SE25445/,fa785cc9-e75d-40e1-ad49-9dad4a009457,https://api.robinhood.com/positions/5SE25445/68487b7f-91bb-41be-b1df-3af37e6ae38f/,,https://api.robinhood.com/instruments/68487b7f-91bb-41be-b1df-3af37e6ae38f/,68487b7f-91bb-41be-b1df-3af37e6ae38f,5.00000000,18.91200000,0.02,filled,filled,,market,sell,gfd,immediate,,,5.00000000,,2019-03-28T19:48:32.898251Z,2019-03-28T19:48:33.492498Z,2019-03-28T19:48:33.151000Z,"[{'price': '18.91180000', 'quantity': '5.00000000', 'rounded_notional': None, 'settlement_date': '2019-04-01', 'timestamp': '2019-03-28T19:48:33.151000Z', 'id': '9195f0b2-585d-40bb-b22e-d2100cb0f918', 'ipo_access_execution_rank': None, 'trade_execution_date': None}]",False,regular_hours,False,False,,,,,,,,,"{'amount': '94.56', 'currency_code': 'USD', 'currency_id': '1072fc76-1862-41ab-82c2-485837590762'}",,False,,,,,,False,True,False,True,0,,,2.0,,False,,order_finalized,,
e7c7971f-12cb-4c64-810b-caf9d4863d39,7df7a0d1-a190-42c1-ad7b-d8acd745565f,https://api.robinhood.com/orders/e7c7971f-12cb-4c64-810b-caf9d4863d39/,https://api.robinhood.com/accounts/5SE25445/,fa785cc9-e75d-40e1-ad49-9dad4a009457,https://api.robinhood.com/positions/5SE25445/940fc3f5-1db5-4fed-b452-f3a2e4562b5f/,,https://api.robinhood.com/instruments/940fc3f5-1db5-4fed-b452-f3a2e4562b5f/,940fc3f5-1db5-4fed-b452-f3a2e4562b5f,7.00000000,26.71000000,0.02,filled,filled,,market,sell,gfd,immediate,,,7.00000000,,2019-03-22T14:07:28.254096Z,2019-03-22T14:07:28.765275Z,2019-03-22T14:07:28.399000Z,"[{'price': '26.71010000', 'quantity': '7.00000000', 'rounded_notional': None, 'settlement_date': '2019-03-26', 'timestamp': '2019-03-22T14:07:28.399000Z', 'id': 'a9483d5a-9041-4347-a8ed-8f80326c6aac', 'ipo_access_execution_rank': None, 'trade_execution_date': None}]",False,regular_hours,False,False,,,,,,,,,"{'amount': '186.97', 'currency_code': 'USD', 'currency_id': '1072fc76-1862-41ab-82c2-485837590762'}",,False,,,,,,False,True,False,True,0,,,2.0,,False,,order_finalized,,
83d0f769-4059-44f2-a73e-ac3c0988fd79,4d5a11b7-2b4c-40a8-9480-02ed7b6d7383,https://api.robinhood.com/orders/83d0f769-4059-44f2-a73e-ac3c0988fd79/,https://api.robinhood.com/accounts/5SE25445/,fa785cc9-e75d-40e1-ad49-9dad4a009457,https://api.robinhood.com/positions/5SE25445/71d81e7d-783c-4b8c-b574-ee50fcc4ce3a/,,https://api.robinhood.com/instruments/71d81e7d-783c-4b8c-b574-ee50fcc4ce3a/,71d81e7d-783c-4b8c-b574-ee50fcc4ce3a,5.00000000,9.07200000,0.02,filled,filled,,market,sell,gfd,immediate,,,5.00000000,,2019-03-22T14:01:01.450117Z,2019-03-22T14:01:02.027329Z,2019-03-22T14:01:01.643000Z,"[{'price': '9.07200000', 'quantity': '5.00000000', 'rounded_notional': None, 'settlement_date': '2019-03-26', 'timestamp': '2019-03-22T14:01:01.643000Z', 'id': 'c216d625-2f2a-4354-9db4-5cbbad0d31e9', 'ipo_access_execution_rank': None, 'trade_execution_date': None}]",False,regular_hours,False,False,,,,,,,,,"{'amount': '45.36', 'currency_code': 'USD', 'currency_id': '1072fc76-1862-41ab-82c2-485837590762'}",,False,,,,,,False,True,False,True,0,,,2.0,,False,,order_finalized,,
44b921ab-ae0d-4b5a-999e-dc0d08fedd50,30b9a69c-f2f3-46b4-b534-f6eaecedc261,https://api.robinhood.com/orders/44b921ab-ae0d-4b5a-999e-dc0d08fedd50/,https://api.robinhood.com/accounts/5SE25445/,fa785cc9-e75d-40e1-ad49-9dad4a009457,https://api.robinhood.com/positions/5SE25445/68487b7f-91bb-41be-b1df-3af37e6ae38f/,,https://api.robinhood.com/instruments/68487b7f-91bb-41be-b1df-3af37e6ae38f/,68487b7f-91bb-41be-b1df-3af37e6ae38f,10.00000000,20.66000000,0.00,filled,filled,,market,buy,gfd,immediate,21.69000000,,10.00000000,,2019-03-21T18:42:56.162087Z,2019-03-21T18:42:56.618571Z,2019-03-21T18:42:56.264000Z,"[{'price': '20.65990000', 'quantity': '10.00000000', 'rounded_notional': None, 'settlement_date': '2019-03-25', 'timestamp': '2019-03-21T18:42:56.264000Z', 'id': 'b2d26231-59c3-4bd6-8942-f05f13c33279', 'ipo_access_execution_rank': None, 'trade_execution_date': None}]",False,regular_hours,False,False,,,,,,,,"{'amount': '216.90', 'currency_code': 'USD', 'currency_id': '1072fc76-1862-41ab-82c2-485837590762'}","{'amount': '206.60', 'currency_code': 'USD', 'currency_id': '1072fc76-1862-41ab-82c2-485837590762'}",,False,,,,,,False,True,False,True,0,,,2.0,,False,,order_finalized,,
35f3f89b-bdc9-4f6b-830f-bbf9f2c47042,703b875a-1c3f-49eb-93e3-653148b38747,https://api.robinhood.com/orders/35f3f89b-bdc9-4f6b-830f-bbf9f2c47042/,https://api.robinhood.com/accounts/5SE25445/,fa785cc9-e75d-40e1-ad49-9dad4a009457,https://api.robinhood.com/positions/5SE25445/71d81e7d-783c-4b8c-b574-ee50fcc4ce3a/,,https://api.robinhood.com/instruments/71d81e7d-783c-4b8c-b574-ee50fcc4ce3a/,71d81e7d-783c-4b8c-b574-ee50fcc4ce3a,10.00000000,9.56000000,0.00,filled,filled,,market,buy,gfd,immediate,10.02000000,,10.00000000,,2019-03-20T16:38:51.589105Z,2019-03-20T16:38:52.052864Z,2019-03-20T16:38:51.703000Z,"[{'price': '9.56000000', 'quantity': '10.00000000', 'rounded_notional': None, 'settlement_date': '2019-03-22', 'timestamp': '2019-03-20T16:38:51.703000Z', 'id': '7fc9dee8-b72c-4a86-8b6f-66311b63ae57', 'ipo_access_execution_rank': None, 'trade_execution_date': None}]",False,regular_hours,False,False,,,,,,,,"{'amount': '100.20', 'currency_code': 'USD', 'currency_id': '1072fc76-1862-41ab-82c2-485837590762'}","{'amount': '95.60', 'currency_code': 'USD', 'currency_id': '1072fc76-1862-41ab-82c2-485837590762'}",,False,,,,,,False,True,False,True,0,,,2.0,,False,,order_finalized,,
992fb53d-f0a2-4d8f-a9e5-babc562fee62,a690061b-da91-4a73-8855-12f65c047eb5,https://api.robinhood.com/orders/992fb53d-f0a2-4d8f-a9e5-babc562fee62/,https://api.robinhood.com/accounts/5SE25445/,fa785cc9-e75d-40e1-ad49-9dad4a009457,https://api.robinhood.com/positions/5SE25445/2b456f6a-3287-4757-abf9-327383d2c708/,,https://api.robinhood.com/instruments/2b456f6a-3287-4757-abf9-327383d2c708/,2b456f6a-3287-4757-abf9-327383d2c708,1.00000000,30.71000000,0.00,filled,filled,,market,buy,gfd,immediate,32.23000000,,1.00000000,,2019-03-19T15:17:04.468637Z,2019-03-19T15:17:04.886398Z,2019-03-19T15:17:04.554000Z,"[{'price': '30.71000000', 'quantity': '1.00000000', 'rounded_notional': None, 'settlement_date': '2019-03-21', 'timestamp': '2019-03-19T15:17:04.554000Z', 'id': 'fa6a711d-082d-4a83-83e4-acaf99235934', 'ipo_access_execution_rank': None, 'trade_execution_date': None}]",False,regular_hours,False,False,,,,,,,,"{'amount': '32.23', 'currency_code': 'USD', 'currency_id': '1072fc76-1862-41ab-82c2-485837590762'}","{'amount': '30.71', 'currency_code': 'USD', 'currency_id': '1072fc76-1862-41ab-82c2-485837590762'}",,False,,,,,,False,True,False,True,0,,,2.0,,False,,order_finalized,,
dd8f740b-d3bd-4460-8c4d-d0c2f2239271,07a8949c-06f3-4852-9017-72cc1617099f,https://api.robinhood.com/orders/dd8f740b-d3bd-4460-8c4d-d0c2f2239271/,https://api.robinhood.com/accounts/5SE25445/,fa785cc9-e75d-40e1-ad49-9dad4a009457,https://api.robinhood.com/positions/5SE25445/9c53326c-d07e-4b82-82d2-b108ec5d9530/,,https://api.robinhood.com/instruments/9c53326c-d07e-4b82-82d2-b108ec5d9530/,9c53326c-d07e-4b82-82d2-b108ec5d9530,2.00000000,141.26000000,0.00,filled,filled,,market,buy,gfd,immediate,148.29000000,,2.00000000,,2019-03-19T15:15:44.946268Z,2019-03-19T15:15:45.452664Z,2019-03-19T15:15:45.045000Z,"[{'price': '141.26000000', 'quantity': '2.00000000', 'rounded_notional': None, 'settlement_date': '2019-03-21', 'timestamp': '2019-03-19T15:15:45.045000Z', 'id': '46b5a493-d216-4a63-8e25-b845467c381f', 'ipo_access_execution_rank': None, 'trade_execution_date': None}]",False,regular_hours,False,False,,,,,,,,"{'amount': '296.58', 'currency_code': 'USD', 'currency_id': '1072fc76-1862-41ab-82c2-485837590762'}","{'amount': '282.52', 'currency_code': 'USD', 'currency_id': '1072fc76-1862-41ab-82c2-485837590762'}",,False,,,,,,False,True,False,True,0,,,2.0,,False,,order_finalized,,
7ae693aa-d0ad-4838-9052-a303e3a96c68,c960487d-5e03-4699-83d6-51bf82c95580,https://api.robinhood.com/orders/7ae693aa-d0ad-4838-9052-a303e3a96c68/,https://api.robinhood.com/accounts/5SE25445/,fa785cc9-e75d-40e1-ad49-9dad4a009457,https://api.robinhood.com/positions/5SE25445/2bbdb493-dbb1-4e9c-ac98-6e7c93b117c0/,,https://api.robinhood.com/instruments/2bbdb493-dbb1-4e9c-ac98-6e7c93b117c0/,2bbdb493-dbb1-4e9c-ac98-6e7c93b117c0,1.00000000,11.11000000,0.00,filled,filled,,market,buy,gfd,immediate,11.65000000,,1.00000000,,2019-03-19T15:15:16.246828Z,2019-03-19T15:15:16.739156Z,2019-03-19T15:15:16.384000Z,"[{'price': '11.10900000', 'quantity': '1.00000000', 'rounded_notional': None, 'settlement_date': '2019-03-21', 'timestamp': '2019-03-19T15:15:16.384000Z', 'id': '8b89f143-b605-4c5f-9d3e-e41619e7bbe0', 'ipo_access_execution_rank': None, 'trade_execution_date': None}]",False,regular_hours,False,False,,,,,,,,"{'amount': '11.65', 'currency_code': 'USD', 'currency_id': '1072fc76-1862-41ab-82c2-485837590762'}","{'amount': '11.11', 'currency_code': 'USD', 'currency_id': '1072fc76-1862-41ab-82c2-485837590762'}",,False,,,,,,False,True,False,True,0,,,2.0,,False,,order_finalized,,
ecedd720-bc9e-467a-b48f-1be45a06ce8f,118977df-a379-4469-b743-4918d7ee5dd1,https://api.robinhood.com/orders/ecedd720-bc9e-467a-b48f-1be45a06ce8f/,https://api.robinhood.com/accounts/5SE25445/,fa785cc9-e75d-40e1-ad49-9dad4a009457,https://api.robinhood.com/positions/5SE25445/846ae64b-c4dd-432c-9f26-44afd60ed82b/,,https://api.robinhood.com/instruments/846ae64b-c4dd-432c-9f26-44afd60ed82b/,846ae64b-c4dd-432c-9f26-44afd60ed82b,6.00000000,86.97170000,0.02,filled,filled,,market,sell,gfd,immediate,,,6.00000000,,2019-03-19T15:12:52.454069Z,2019-03-19T15:12:53.022562Z,2019-03-19T15:12:52.641000Z,"[{'price': '86.97130000', 'quantity': '6.00000000', 'rounded_notional': None, 'settlement_date': '2019-03-21', 'timestamp': '2019-03-19T15:12:52.641000Z', 'id': '2304dc56-1c5b-4912-b458-b08f9eb4ea87', 'ipo_access_execution_rank': None, 'trade_execution_date': None}]",False,regular_hours,False,False,,,,,,,,,"{'amount': '521.83', 'currency_code': 'USD', 'currency_id': '1072fc76-1862-41ab-82c2-485837590762'}",,False,,,,,,False,True,False,True,0,,,2.0,,False,,order_finalized,,
1dc348da-1085-42a8-b40c-1efe70db351b,c3f79ff4-5e90-447a-9aff-89fa8ffb5d96,https://api.robinhood.com/orders/1dc348da-1085-42a8-b40c-1efe70db351b/,https://api.robinhood.com/accounts/5SE25445/,fa785cc9-e75d-40e1-ad49-9dad4a009457,https://api.robinhood.com/positions/5SE25445/940fc3f5-1db5-4fed-b452-f3a2e4562b5f/,,https://api.robinhood.com/instruments/940fc3f5-1db5-4fed-b452-f3a2e4562b5f/,940fc3f5-1db5-4fed-b452-f3a2e4562b5f,3.00000000,23.16000000,0.02,filled,filled,,market,sell,gfd,immediate,,,3.00000000,,2019-03-18T16:59:43.638568Z,2019-03-18T16:59:44.200699Z,2019-03-18T16:59:43.801000Z,"[{'price': '23.16010000', 'quantity': '3.00000000', 'rounded_notional': None, 'settlement_date': '2019-03-20', 'timestamp': '2019-03-18T16:59:43.801000Z', 'id': '71f5c7df-59fe-447f-aa1e-fc2bbf55529d', 'ipo_access_execution_rank': None, 'trade_execution_date': None}]",False,regular_hours,False,False,,,,,,,,,"{'amount': '69.48', 'currency_code': 'USD', 'currency_id': '1072fc76-1862-41ab-82c2-485837590762'}",,False,,,,,,False,True,False,True,0,,,2.0,,False,,order_finalized,,
f2c470e8-ddb5-42d1-913b-60d649bd592f,948a4d02-21f2-4826-a2ba-4682aa72a694,https://api.robinhood.com/orders/f2c470e8-ddb5-42d1-913b-60d649bd592f/,https://api.robinhood.com/accounts/5SE25445/,fa785cc9-e75d-40e1-ad49-9dad4a009457,https://api.robinhood.com/positions/5SE25445/6df56bd0-0bf2-44ab-8875-f94fd8526942/,,https://api.robinhood.com/instruments/6df56bd0-0bf2-44ab-8875-f94fd8526942/,6df56bd0-0bf2-44ab-8875-f94fd8526942,5.00000000,8.48000000,0.00,filled,filled,,market,buy,gfd,immediate,8.89000000,,5.00000000,,2019-03-18T16:52:46.663763Z,2019-03-18T16:52:47.169486Z,2019-03-18T16:52:46.789000Z,"[{'price': '8.48000000', 'quantity': '5.00000000', 'rounded_notional': None, 'settlement_date': '2019-03-20', 'timestamp': '2019-03-18T16:52:46.789000Z', 'id': 'f7d0f1b1-324a-4990-8082-b1c33f476abb', 'ipo_access_execution_rank': None, 'trade_execution_date': None}]",False,regular_hours,False,False,,,,,,,,"{'amount': '44.45', 'currency_code': 'USD', 'currency_id': '1072fc76-1862-41ab-82c2-485837590762'}","{'amount': '42.40', 'currency_code': 'USD', 'currency_id': '1072fc76-1862-41ab-82c2-485837590762'}",,False,,,,,,False,True,False,True,0,,,2.0,,False,,order_finalized,,
58780c42-411f-46a6-87b9-49b452b9ab17,1b9bdf33-6f41-461b-ba86-6f7fe09c91e7,https://api.robinhood.com/orders/58780c42-411f-46a6-87b9-49b452b9ab17/,https://api.robinhood.com/accounts/5SE25445/,fa785cc9-e75d-40e1-ad49-9dad4a009457,https://api.robinhood.com/positions/5SE25445/f71123c6-d1de-4e1f-8045-55c474bd54e1/,,https://api.robinhood.com/instruments/f71123c6-d1de-4e1f-8045-55c474bd54e1/,f71123c6-d1de-4e1f-8045-55c474bd54e1,10.00000000,3.98400000,0.02,filled,filled,,market,sell,gfd,immediate,,,10.00000000,,2019-03-18T16:52:15.318349Z,2019-03-18T16:52:15.823276Z,2019-03-18T16:52:15.502000Z,"[{'price': '3.98440000', 'quantity': '10.00000000', 'rounded_notional': None, 'settlement_date': '2019-03-20', 'timestamp': '2019-03-18T16:52:15.502000Z', 'id': '965a2fbc-28e1-4343-8ebf-224918bc5f0a', 'ipo_access_execution_rank': None, 'trade_execution_date': None}]",False,regular_hours,False,False,,,,,,,,,"{'amount': '39.84', 'currency_code': 'USD', 'currency_id': '1072fc76-1862-41ab-82c2-485837590762'}",,False,,,,,,False,True,False,True,0,,,2.0,,False,,order_finalized,,
3f9279fe-9b66-4f8a-9e6f-e0d363f30c1c,1be6f16b-e2f2-4de6-bf79-451fa9b88d70,https://api.robinhood.com/orders/3f9279fe-9b66-4f8a-9e6f-e0d363f30c1c/,https://api.robinhood.com/accounts/5SE25445/,fa785cc9-e75d-40e1-ad49-9dad4a009457,https://api.robinhood.com/positions/5SE25445/68487b7f-91bb-41be-b1df-3af37e6ae38f/,,https://api.robinhood.com/instruments/68487b7f-91bb-41be-b1df-3af37e6ae38f/,68487b7f-91bb-41be-b1df-3af37e6ae38f,1.00000000,21.63000000,0.00,filled,filled,,market,buy,gfd,immediate,22.72000000,,1.00000000,,2019-03-12T15:31:47.462647Z,2019-03-12T15:31:47.904569Z,2019-03-12T15:31:47.561000Z,"[{'price': '21.63480000', 'quantity': '1.00000000', 'rounded_notional': None, 'settlement_date': '2019-03-14', 'timestamp': '2019-03-12T15:31:47.561000Z', 'id': 'd1c6165f-6204-472f-ba18-4662cb3e0a1c', 'ipo_access_execution_rank': None, 'trade_execution_date': None}]",False,regular_hours,False,False,,,,,,,,"{'amount': '22.72', 'currency_code': 'USD', 'currency_id': '1072fc76-1862-41ab-82c2-485837590762'}","{'amount': '21.63', 'currency_code': 'USD', 'currency_id': '1072fc76-1862-41ab-82c2-485837590762'}",,False,,,,,,False,True,False,True,0,,,2.0,,False,,order_finalized,,
54c8db1f-461d-4495-9487-34ba12766708,ee62b9ed-7dd0-4816-9149-8fe48af75f45,https://api.robinhood.com/orders/54c8db1f-461d-4495-9487-34ba12766708/,https://api.robinhood.com/accounts/5SE25445/,fa785cc9-e75d-40e1-ad49-9dad4a009457,https://api.robinhood.com/positions/5SE25445/f71123c6-d1de-4e1f-8045-55c474bd54e1/,,https://api.robinhood.com/instruments/f71123c6-d1de-4e1f-8045-55c474bd54e1/,f71123c6-d1de-4e1f-8045-55c474bd54e1,10.00000000,3.28300000,0.00,filled,filled,,market,buy,gfd,immediate,3.43000000,,10.00000000,,2019-03-12T15:30:48.785326Z,2019-03-12T15:30:49.393627Z,2019-03-12T15:30:49.021000Z,"[{'price': '3.28340000', 'quantity': '10.00000000', 'rounded_notional': None, 'settlement_date': '2019-03-14', 'timestamp': '2019-03-12T15:30:49.021000Z', 'id': '8c0478a6-4bdc-40ef-83ba-9b6d9efc01a8', 'ipo_access_execution_rank': None, 'trade_execution_date': None}]",False,regular_hours,False,False,,,,,,,,"{'amount': '34.30', 'currency_code': 'USD', 'currency_id': '1072fc76-1862-41ab-82c2-485837590762'}","{'amount': '32.83', 'currency_code': 'USD', 'currency_id': '1072fc76-1862-41ab-82c2-485837590762'}",,False,,,,,,False,True,False,True,0,,,2.0,,False,,order_finalized,,
ef2b9b6f-b2a6-4c35-9107-386a58620492,fc4db0fd-5587-4241-907b-8c91502f84a3,https://api.robinhood.com/orders/ef2b9b6f-b2a6-4c35-9107-386a58620492/,https://api.robinhood.com/accounts/5SE25445/,fa785cc9-e75d-40e1-ad49-9dad4a009457,https://api.robinhood.com/positions/5SE25445/6df56bd0-0bf2-44ab-8875-f94fd8526942/,,https://api.robinhood.com/instruments/6df56bd0-0bf2-44ab-8875-f94fd8526942/,6df56bd0-0bf2-44ab-8875-f94fd8526942,30.00000000,8.59000000,0.00,filled,filled,,market,buy,gfd,immediate,9.01000000,,30.00000000,,2019-03-12T15:29:24.948040Z,2019-03-12T15:29:25.588769Z,2019-03-12T15:29:25.215000Z,"[{'price': '8.59000000', 'quantity': '30.00000000', 'rounded_notional': None, 'settlement_date': '2019-03-14', 'timestamp': '2019-03-12T15:29:25.215000Z', 'id': 'b721cedd-101e-4b86-8dd6-b77a780a23bc', 'ipo_access_execution_rank': None, 'trade_execution_date': None}]",False,regular_hours,False,False,,,,,,,,"{'amount': '270.30', 'currency_code': 'USD', 'currency_id': '1072fc76-1862-41ab-82c2-485837590762'}","{'amount': '257.70', 'currency_code': 'USD', 'currency_id': '1072fc76-1862-41ab-82c2-485837590762'}",,False,,,,,,False,True,False,True,0,,,2.0,,False,,order_finalized,,
3ffa389e-a82d-4c5b-978c-50b0b0d2b605,c21e6cab-92d0-46ff-b48d-a8585670031b,https://api.robinhood.com/orders/3ffa389e-a82d-4c5b-978c-50b0b0d2b605/,https://api.robinhood.com/accounts/5SE25445/,fa785cc9-e75d-40e1-ad49-9dad4a009457,https://api.robinhood.com/positions/5SE25445/846ae64b-c4dd-432c-9f26-44afd60ed82b/,,https://api.robinhood.com/instruments/846ae64b-c4dd-432c-9f26-44afd60ed82b/,846ae64b-c4dd-432c-9f26-44afd60ed82b,4.00000000,76.86000000,0.02,filled,filled,,market,sell,gfd,immediate,,,4.00000000,,2019-03-12T15:28:57.686168Z,2019-03-12T15:28:58.259079Z,2019-03-12T15:28:57.873000Z,"[{'price': '76.86010000', 'quantity': '4.00000000', 'rounded_notional': None, 'settlement_date': '2019-03-14', 'timestamp': '2019-03-12T15:28:57.873000Z', 'id': '6c924a79-20af-459f-8689-1f29cdddee3a', 'ipo_access_execution_rank': None, 'trade_execution_date': None}]",False,regular_hours,False,False,,,,,,,,,"{'amount': '307.44', 'currency_code': 'USD', 'currency_id': '1072fc76-1862-41ab-82c2-485837590762'}",,False,,,,,,False,True,False,True,0,,,2.0,,False,,order_finalized,,
ccf88317-4eaf-4efd-be6d-1ae92aafe38c,e501d924-56ed-4fba-95bf-0c50e6df049e,https://api.robinhood.com/orders/ccf88317-4eaf-4efd-be6d-1ae92aafe38c/,https://api.robinhood.com/accounts/5SE25445/,fa785cc9-e75d-40e1-ad49-9dad4a009457,https://api.robinhood.com/positions/5SE25445/12e429a8-f78d-4b0c-9f46-bf12fa6a32fb/,,https://api.robinhood.com/instruments/12e429a8-f78d-4b0c-9f46-bf12fa6a32fb/,12e429a8-f78d-4b0c-9f46-bf12fa6a32fb,1.00000000,0.60000000,0.02,filled,filled,,market,sell,gfd,immediate,,,1.00000000,,2019-03-05T14:48:36.177520Z,2019-03-05T14:48:36.729016Z,2019-03-05T14:48:36.379000Z,"[{'price': '0.60120000', 'quantity': '1.00000000', 'rounded_notional': None, 'settlement_date': '2019-03-07', 'timestamp': '2019-03-05T14:48:36.379000Z', 'id': '00c6a113-d5be-46a7-b6dd-dc2d0bf012d3', 'ipo_access_execution_rank': None, 'trade_execution_date': None}]",False,regular_hours,False,False,,,,,,,,,"{'amount': '0.60', 'currency_code': 'USD', 'currency_id': '1072fc76-1862-41ab-82c2-485837590762'}",,False,,,,,,False,True,False,True,0,,,2.0,,False,,order_finalized,,
b5562f6d-7e60-4dc1-add4-9d5632c38313,495f6f54-da98-4aea-aa66-ba7b92430cfb,https://api.robinhood.com/orders/b5562f6d-7e60-4dc1-add4-9d5632c38313/,https://api.robinhood.com/accounts/5SE25445/,fa785cc9-e75d-40e1-ad49-9dad4a009457,https://api.robinhood.com/positions/5SE25445/846ae64b-c4dd-432c-9f26-44afd60ed82b/,,https://api.robinhood.com/instruments/846ae64b-c4dd-432c-9f26-44afd60ed82b/,846ae64b-c4dd-432c-9f26-44afd60ed82b,10.00000000,76.00000000,0.00,filled,filled,,limit,buy,gfd,immediate,76.00000000,,10.00000000,,2019-03-04T20:33:06.825739Z,2019-03-04T20:34:40.619368Z,2019-03-04T20:34:40.365000Z,"[{'price': '76.00000000', 'quantity': '10.00000000', 'rounded_notional': None, 'settlement_date': '2019-03-06', 'timestamp': '2019-03-04T20:34:40.365000Z', 'id': '5bbe533a-3d21-471f-8cb7-298bb85f7e39', 'ipo_access_execution_rank': None, 'trade_execution_date': None}]",True,extended_hours,False,False,,,,,,,,"{'amount': '760.00', 'currency_code': 'USD', 'currency_id': '1072fc76-1862-41ab-82c2-485837590762'}","{'amount': '760.00', 'currency_code': 'USD', 'currency_id': '1072fc76-1862-41ab-82c2-485837590762'}",,False,,,,,,False,True,False,True,0,,,2.0,,False,,order_finalized,,
54efb40d-d353-424e-8c4d-33520b5a3e97,5e8af019-0b84-45c9-9c5c-03493d9bde89,https://api.robinhood.com/orders/54efb40d-d353-424e-8c4d-33520b5a3e97/,https://api.robinhood.com/accounts/5SE25445/,fa785cc9-e75d-40e1-ad49-9dad4a009457,https://api.robinhood.com/positions/5SE25445/b003dff4-7071-46ae-9a8d-6e4b4222edf0/,,https://api.robinhood.com/instruments/b003dff4-7071-46ae-9a8d-6e4b4222edf0/,b003dff4-7071-46ae-9a8d-6e4b4222edf0,111.00000000,6.68010000,0.02,filled,filled,,market,sell,gfd,immediate,,,111.00000000,,2019-03-04T20:32:18.357621Z,2019-03-04T20:32:18.879960Z,2019-03-04T20:32:18.524000Z,"[{'price': '6.68010000', 'quantity': '111.00000000', 'rounded_notional': None, 'settlement_date': '2019-03-06', 'timestamp': '2019-03-04T20:32:18.524000Z', 'id': '20ff32e4-eecc-4d55-895f-ca838a24d47d', 'ipo_access_execution_rank': None, 'trade_execution_date': None}]",False,regular_hours,False,False,,,,,,,,,"{'amount': '741.49', 'currency_code': 'USD', 'currency_id': '1072fc76-1862-41ab-82c2-485837590762'}",,False,,,,,,False,True,False,True,0,,,2.0,,False,,order_finalized,,
03c0c704-fd55-48de-a694-9cea355c5c5b,d1eaaca1-a7ae-40a6-a04d-e7a68adaa212,https://api.robinhood.com/orders/03c0c704-fd55-48de-a694-9cea355c5c5b/,https://api.robinhood.com/accounts/5SE25445/,fa785cc9-e75d-40e1-ad49-9dad4a009457,https://api.robinhood.com/positions/5SE25445/940fc3f5-1db5-4fed-b452-f3a2e4562b5f/,,https://api.robinhood.com/instruments/940fc3f5-1db5-4fed-b452-f3a2e4562b5f/,940fc3f5-1db5-4fed-b452-f3a2e4562b5f,10.00000000,23.34000000,0.00,filled,filled,,market,buy,gfd,immediate,24.50000000,,10.00000000,,2019-02-27T15:57:06.392564Z,2019-02-27T15:57:06.838440Z,2019-02-27T15:57:06.522000Z,"[{'price': '23.34000000', 'quantity': '10.00000000', 'rounded_notional': None, 'settlement_date': '2019-03-01', 'timestamp': '2019-02-27T15:57:06.522000Z', 'id': '6247bf7a-ff5b-4604-9d85-55697868603f', 'ipo_access_execution_rank': None, 'trade_execution_date': None}]",False,regular_hours,False,False,,,,,,,,"{'amount': '245.00', 'currency_code': 'USD', 'currency_id': '1072fc76-1862-41ab-82c2-485837590762'}","{'amount': '233.40', 'currency_code': 'USD', 'currency_id': '1072fc76-1862-41ab-82c2-485837590762'}",,False,,,,,,False,True,False,True,0,,,2.0,,False,,order_finalized,,
9a13f0f7-1915-4c6c-bc54-48142ad5b617,77b18f05-348b-41b4-8b2d-8215fe041077,https://api.robinhood.com/orders/9a13f0f7-1915-4c6c-bc54-48142ad5b617/,https://api.robinhood.com/accounts/5SE25445/,fa785cc9-e75d-40e1-ad49-9dad4a009457,https://api.robinhood.com/positions/5SE25445/b003dff4-7071-46ae-9a8d-6e4b4222edf0/,,https://api.robinhood.com/instruments/b003dff4-7071-46ae-9a8d-6e4b4222edf0/,b003dff4-7071-46ae-9a8d-6e4b4222edf0,100.00000000,6.75990000,0.00,filled,filled,,market,buy,gfd,immediate,7.09000000,,100.00000000,,2019-02-27T15:55:16.656395Z,2019-02-27T15:55:17.092599Z,2019-02-27T15:55:16.752000Z,"[{'price': '6.75990000', 'quantity': '100.00000000', 'rounded_notional': None, 'settlement_date': '2019-03-01', 'timestamp': '2019-02-27T15:55:16.752000Z', 'id': '5b071bae-64e7-4e15-b9f2-898dbc86a742', 'ipo_access_execution_rank': None, 'trade_execution_date': None}]",False,regular_hours,False,False,,,,,,,,"{'amount': '709.00', 'currency_code': 'USD', 'currency_id': '1072fc76-1862-41ab-82c2-485837590762'}","{'amount': '675.99', 'currency_code': 'USD', 'currency_id': '1072fc76-1862-41ab-82c2-485837590762'}",,False,,,,,,False,True,False,True,0,,,2.0,,False,,order_finalized,,
4905da1d-1b59-4d1b-b8d0-6ae352141aea,9dec6ca1-1cbe-4b27-bfd0-c37de870b6b2,https://api.robinhood.com/orders/4905da1d-1b59-4d1b-b8d0-6ae352141aea/,https://api.robinhood.com/accounts/5SE25445/,fa785cc9-e75d-40e1-ad49-9dad4a009457,https://api.robinhood.com/positions/5SE25445/68487b7f-91bb-41be-b1df-3af37e6ae38f/,,https://api.robinhood.com/instruments/68487b7f-91bb-41be-b1df-3af37e6ae38f/,68487b7f-91bb-41be-b1df-3af37e6ae38f,46.00000000,20.29000000,0.03,filled,filled,,market,sell,gtc,stop,,20.29000000,46.00000000,,2019-02-22T17:45:54.545323Z,2019-02-25T14:59:48.292525Z,2019-02-25T14:59:47.942000Z,"[{'price': '20.29000000', 'quantity': '46.00000000', 'rounded_notional': None, 'settlement_date': '2019-02-27', 'timestamp': '2019-02-25T14:59:47.942000Z', 'id': '06e55385-cf9b-4658-afca-67fa845e8c84', 'ipo_access_execution_rank': None, 'trade_execution_date': None}]",False,regular_hours,False,False,,,,,,,,,"{'amount': '933.34', 'currency_code': 'USD', 'currency_id': '1072fc76-1862-41ab-82c2-485837590762'}",,False,,,,,,False,True,False,True,0,,,4.0,,False,,order_finalized,,
4c753bea-05d2-47ad-8824-2cee57d2277b,b3059272-28f0-4b51-b44a-6f65b1b62fbb,https://api.robinhood.com/orders/4c753bea-05d2-47ad-8824-2cee57d2277b/,https://api.robinhood.com/accounts/5SE25445/,fa785cc9-e75d-40e1-ad49-9dad4a009457,https://api.robinhood.com/positions/5SE25445/68487b7f-91bb-41be-b1df-3af37e6ae38f/,,https://api.robinhood.com/instruments/68487b7f-91bb-41be-b1df-3af37e6ae38f/,68487b7f-91bb-41be-b1df-3af37e6ae38f,1.00000000,21.37000000,0.00,filled,filled,,market,buy,gfd,immediate,22.42000000,,1.00000000,,2019-02-22T17:33:58.103226Z,2019-02-22T17:33:58.476958Z,2019-02-22T17:33:58.214000Z,"[{'price': '21.36650000', 'quantity': '1.00000000', 'rounded_notional': None, 'settlement_date': '2019-02-26', 'timestamp': '2019-02-22T17:33:58.214000Z', 'id': 'c5478c19-1e9a-4b5e-9aa1-52bbec1ab193', 'ipo_access_execution_rank': None, 'trade_execution_date': None}]",False,regular_hours,False,False,,,,,,,,"{'amount': '22.42', 'currency_code': 'USD', 'currency_id': '1072fc76-1862-41ab-82c2-485837590762'}","{'amount': '21.37', 'currency_code': 'USD', 'currency_id': '1072fc76-1862-41ab-82c2-485837590762'}",,False,,,,,,False,True,False,True,0,,,2.0,,False,,order_finalized,,
049b84a4-cfe9-491f-a229-306a2b32b0a1,84ae36ec-c9c9-424d-9a62-e401415b3670,https://api.robinhood.com/orders/049b84a4-cfe9-491f-a229-306a2b32b0a1/,https://api.robinhood.com/accounts/5SE25445/,fa785cc9-e75d-40e1-ad49-9dad4a009457,https://api.robinhood.com/positions/5SE25445/68487b7f-91bb-41be-b1df-3af37e6ae38f/,,https://api.robinhood.com/instruments/68487b7f-91bb-41be-b1df-3af37e6ae38f/,68487b7f-91bb-41be-b1df-3af37e6ae38f,17.00000000,21.38650000,0.00,filled,filled,,market,buy,gfd,immediate,22.44000000,,17.00000000,,2019-02-22T17:11:35.261675Z,2019-02-22T17:11:35.745820Z,2019-02-22T17:11:35.415000Z,"[{'price': '21.38650000', 'quantity': '17.00000000', 'rounded_notional': None, 'settlement_date': '2019-02-26', 'timestamp': '2019-02-22T17:11:35.415000Z', 'id': '550460fd-9dce-4769-9759-11e2355468ff', 'ipo_access_execution_rank': None, 'trade_execution_date': None}]",False,regular_hours,False,False,,,,,,,,"{'amount': '381.48', 'currency_code': 'USD', 'currency_id': '1072fc76-1862-41ab-82c2-485837590762'}","{'amount': '363.57', 'currency_code': 'USD', 'currency_id': '1072fc76-1862-41ab-82c2-485837590762'}",,False,,,,,,False,True,False,True,0,,,2.0,,False,,order_finalized,,
984cb64b-6763-48ae-9962-fe00f6a87690,fe5db420-b415-41a2-b638-94f98f56b571,https://api.robinhood.com/orders/984cb64b-6763-48ae-9962-fe00f6a87690/,https://api.robinhood.com/accounts/5SE25445/,fa785cc9-e75d-40e1-ad49-9dad4a009457,https://api.robinhood.com/positions/5SE25445/6df56bd0-0bf2-44ab-8875-f94fd8526942/,,https://api.robinhood.com/instruments/6df56bd0-0bf2-44ab-8875-f94fd8526942/,6df56bd0-0bf2-44ab-8875-f94fd8526942,41.00000000,8.65020000,0.02,filled,filled,,market,sell,gfd,immediate,,,41.00000000,,2019-02-22T17:09:49.073477Z,2019-02-22T17:09:49.760545Z,2019-02-22T17:09:49.385000Z,"[{'price': '8.65020000', 'quantity': '41.00000000', 'rounded_notional': None, 'settlement_date': '2019-02-26', 'timestamp': '2019-02-22T17:09:49.385000Z', 'id': '9d9a3195-d3df-4f0c-884d-3cbb5e16aa22', 'ipo_access_execution_rank': None, 'trade_execution_date': None}]",False,regular_hours,False,False,,,,,,,,,"{'amount': '354.66', 'currency_code': 'USD', 'currency_id': '1072fc76-1862-41ab-82c2-485837590762'}",,False,,,,,,False,True,False,True,0,,,2.0,,False,,order_finalized,,
62b6973c-f6df-4f02-b7fc-71a916c48245,81153b65-826b-425f-a916-5019f64a3699,https://api.robinhood.com/orders/62b6973c-f6df-4f02-b7fc-71a916c48245/,https://api.robinhood.com/accounts/5SE25445/,fa785cc9-e75d-40e1-ad49-9dad4a009457,https://api.robinhood.com/positions/5SE25445/68487b7f-91bb-41be-b1df-3af37e6ae38f/,,https://api.robinhood.com/instruments/68487b7f-91bb-41be-b1df-3af37e6ae38f/,68487b7f-91bb-41be-b1df-3af37e6ae38f,15.00000000,21.39800000,0.00,filled,filled,,market,buy,gfd,immediate,22.45000000,,15.00000000,,2019-02-22T17:07:07.808369Z,2019-02-22T17:07:08.324792Z,2019-02-22T17:07:07.969000Z,"[{'price': '21.39830000', 'quantity': '15.00000000', 'rounded_notional': None, 'settlement_date': '2019-02-26', 'timestamp': '2019-02-22T17:07:07.969000Z', 'id': '701e3129-3f3d-438d-b4c0-ad5c881a9c4f', 'ipo_access_execution_rank': None, 'trade_execution_date': None}]",False,regular_hours,False,False,,,,,,,,"{'amount': '336.75', 'currency_code': 'USD', 'currency_id': '1072fc76-1862-41ab-82c2-485837590762'}","{'amount': '320.97', 'currency_code': 'USD', 'currency_id': '1072fc76-1862-41ab-82c2-485837590762'}",,False,,,,,,False,True,False,True,0,,,2.0,,False,,order_finalized,,
483c6f85-ced9-42ef-973b-4a5fd2c15301,87847bb5-97c9-47b1-80d1-b85e76248415,https://api.robinhood.com/orders/483c6f85-ced9-42ef-973b-4a5fd2c15301/,https://api.robinhood.com/accounts/5SE25445/,fa785cc9-e75d-40e1-ad49-9dad4a009457,https://api.robinhood.com/positions/5SE25445/846ae64b-c4dd-432c-9f26-44afd60ed82b/,,https://api.robinhood.com/instruments/846ae64b-c4dd-432c-9f26-44afd60ed82b/,846ae64b-c4dd-432c-9f26-44afd60ed82b,5.00000000,71.27600000,0.02,filled,filled,,market,sell,gfd,immediate,,,5.00000000,,2019-02-22T17:06:12.662035Z,2019-02-22T17:06:13.785697Z,2019-02-22T17:06:12.879000Z,"[{'price': '71.27500000', 'quantity': '5.00000000', 'rounded_notional': None, 'settlement_date': '2019-02-26', 'timestamp': '2019-02-22T17:06:12.879000Z', 'id': '328361d4-b032-48d8-bb0a-234e4fc8f52d', 'ipo_access_execution_rank': None, 'trade_execution_date': None}]",False,regular_hours,False,False,,,,,,,,,"{'amount': '356.38', 'currency_code': 'USD', 'currency_id': '1072fc76-1862-41ab-82c2-485837590762'}",,False,,,,,,False,True,False,True,0,,,2.0,,False,,order_finalized,,
fc489c7e-a751-40dd-8eba-51253c97c1b7,2fc8aa10-ae54-4640-bbb0-3c1753864932,https://api.robinhood.com/orders/fc489c7e-a751-40dd-8eba-51253c97c1b7/,https://api.robinhood.com/accounts/5SE25445/,fa785cc9-e75d-40e1-ad49-9dad4a009457,https://api.robinhood.com/positions/5SE25445/68487b7f-91bb-41be-b1df-3af37e6ae38f/,,https://api.robinhood.com/instruments/68487b7f-91bb-41be-b1df-3af37e6ae38f/,68487b7f-91bb-41be-b1df-3af37e6ae38f,8.00000000,21.41000000,0.00,filled,filled,,limit,buy,gfd,immediate,21.41000000,,8.00000000,,2019-02-22T17:04:28.867802Z,2019-02-22T17:04:34.431998Z,2019-02-22T17:04:34.125000Z,"[{'price': '21.41000000', 'quantity': '8.00000000', 'rounded_notional': None, 'settlement_date': '2019-02-26', 'timestamp': '2019-02-22T17:04:34.125000Z', 'id': 'b418620c-2a8f-47ca-97b1-8ea778766a61', 'ipo_access_execution_rank': None, 'trade_execution_date': None}]",True,extended_hours,False,False,,,,,,,,"{'amount': '171.28', 'currency_code': 'USD', 'currency_id': '1072fc76-1862-41ab-82c2-485837590762'}","{'amount': '171.28', 'currency_code': 'USD', 'currency_id': '1072fc76-1862-41ab-82c2-485837590762'}",,False,,,,,,False,True,False,True,0,,,2.0,,False,,order_finalized,,
666a3a5b-bbb4-474d-8e51-8e3e353f807d,4827026a-adae-4e6d-804e-36e556fb9aa6,https://api.robinhood.com/orders/666a3a5b-bbb4-474d-8e51-8e3e353f807d/,https://api.robinhood.com/accounts/5SE25445/,fa785cc9-e75d-40e1-ad49-9dad4a009457,https://api.robinhood.com/positions/5SE25445/940fc3f5-1db5-4fed-b452-f3a2e4562b5f/,,https://api.robinhood.com/instruments/940fc3f5-1db5-4fed-b452-f3a2e4562b5f/,940fc3f5-1db5-4fed-b452-f3a2e4562b5f,7.00000000,24.07000000,0.02,filled,filled,,market,sell,gfd,immediate,,,7.00000000,,2019-02-22T17:04:06.576143Z,2019-02-22T17:04:07.562676Z,2019-02-22T17:04:06.759000Z,"[{'price': '24.07010000', 'quantity': '7.00000000', 'rounded_notional': None, 'settlement_date': '2019-02-26', 'timestamp': '2019-02-22T17:04:06.759000Z', 'id': '757dc400-697f-446b-b477-77f915ac50ec', 'ipo_access_execution_rank': None, 'trade_execution_date': None}]",False,regular_hours,False,False,,,,,,,,,"{'amount': '168.49', 'currency_code': 'USD', 'currency_id': '1072fc76-1862-41ab-82c2-485837590762'}",,False,,,,,,False,True,False,True,0,,,2.0,,False,,order_finalized,,
21165528-573d-4356-aacc-c9007af2fe47,3ecf3342-7e35-48ed-8c44-11bd85b426de,https://api.robinhood.com/orders/21165528-573d-4356-aacc-c9007af2fe47/,https://api.robinhood.com/accounts/5SE25445/,fa785cc9-e75d-40e1-ad49-9dad4a009457,https://api.robinhood.com/positions/5SE25445/12e429a8-f78d-4b0c-9f46-bf12fa6a32fb/,,https://api.robinhood.com/instruments/12e429a8-f78d-4b0c-9f46-bf12fa6a32fb/,12e429a8-f78d-4b0c-9f46-bf12fa6a32fb,1.00000000,1.91000000,0.00,filled,filled,,market,buy,gfd,immediate,2.00000000,,1.00000000,,2019-02-22T16:19:41.711205Z,2019-02-22T16:19:42.211360Z,2019-02-22T16:19:41.842000Z,"[{'price': '1.90770000', 'quantity': '1.00000000', 'rounded_notional': None, 'settlement_date': '2019-02-26', 'timestamp': '2019-02-22T16:19:41.842000Z', 'id': 'fe45329f-d1e4-4a48-886d-438a979d9bf2', 'ipo_access_execution_rank': None, 'trade_execution_date': None}]",False,regular_hours,False,False,,,,,,,,"{'amount': '2.00', 'currency_code': 'USD', 'currency_id': '1072fc76-1862-41ab-82c2-485837590762'}","{'amount': '1.91', 'currency_code': 'USD', 'currency_id': '1072fc76-1862-41ab-82c2-485837590762'}",,False,,,,,,False,True,False,True,0,,,2.0,,False,,order_finalized,,
54863430-63be-45e2-afd5-339aa4227e17,d1162f4d-ab2f-4b42-83f6-3e38ffe3da3e,https://api.robinhood.com/orders/54863430-63be-45e2-afd5-339aa4227e17/,https://api.robinhood.com/accounts/5SE25445/,fa785cc9-e75d-40e1-ad49-9dad4a009457,https://api.robinhood.com/positions/5SE25445/b003dff4-7071-46ae-9a8d-6e4b4222edf0/,,https://api.robinhood.com/instruments/b003dff4-7071-46ae-9a8d-6e4b4222edf0/,b003dff4-7071-46ae-9a8d-6e4b4222edf0,2.00000000,7.06000000,0.00,filled,filled,,market,buy,gfd,immediate,7.41000000,,2.00000000,,2019-02-21T16:12:42.367328Z,2019-02-21T16:12:42.877175Z,2019-02-21T16:12:42.532000Z,"[{'price': '7.05970000', 'quantity': '2.00000000', 'rounded_notional': None, 'settlement_date': '2019-02-25', 'timestamp': '2019-02-21T16:12:42.532000Z', 'id': 'fbb8b142-4870-4522-a8b6-dac7bdffd833', 'ipo_access_execution_rank': None, 'trade_execution_date': None}]",False,regular_hours,False,False,,,,,,,,"{'amount': '14.82', 'currency_code': 'USD', 'currency_id': '1072fc76-1862-41ab-82c2-485837590762'}","{'amount': '14.12', 'currency_code': 'USD', 'currency_id': '1072fc76-1862-41ab-82c2-485837590762'}",,False,,,,,,False,True,False,True,0,,,2.0,,False,,order_finalized,,
3ebbcafa-1d81-4d88-a045-5b3cc5655a78,8ea2fcf2-e2f0-410a-b5df-bbe7c1158f46,https://api.robinhood.com/orders/3ebbcafa-1d81-4d88-a045-5b3cc5655a78/,https://api.robinhood.com/accounts/5SE25445/,fa785cc9-e75d-40e1-ad49-9dad4a009457,https://api.robinhood.com/positions/5SE25445/68487b7f-91bb-41be-b1df-3af37e6ae38f/,,https://api.robinhood.com/instruments/68487b7f-91bb-41be-b1df-3af37e6ae38f/,68487b7f-91bb-41be-b1df-3af37e6ae38f,2.00000000,22.62500000,0.00,filled,filled,,market,buy,gfd,immediate,23.74000000,,2.00000000,,2019-02-21T16:10:59.914200Z,2019-02-21T16:11:00.364098Z,2019-02-21T16:11:00.065000Z,"[{'price': '22.62650000', 'quantity': '2.00000000', 'rounded_notional': None, 'settlement_date': '2019-02-25', 'timestamp': '2019-02-21T16:11:00.065000Z', 'id': '1002022a-f0d9-47a8-8839-5bc0fd20d854', 'ipo_access_execution_rank': None, 'trade_execution_date': None}]",False,regular_hours,False,False,,,,,,,,"{'amount': '47.48', 'currency_code': 'USD', 'currency_id': '1072fc76-1862-41ab-82c2-485837590762'}","{'amount': '45.25', 'currency_code': 'USD', 'currency_id': '1072fc76-1862-41ab-82c2-485837590762'}",,False,,,,,,False,True,False,True,0,,,2.0,,False,,order_finalized,,
f1666b76-2429-4644-820f-447279e94133,1f7d64ab-02c9-491c-a9ed-515bd6d12b41,https://api.robinhood.com/orders/f1666b76-2429-4644-820f-447279e94133/,https://api.robinhood.com/accounts/5SE25445/,fa785cc9-e75d-40e1-ad49-9dad4a009457,https://api.robinhood.com/positions/5SE25445/68487b7f-91bb-41be-b1df-3af37e6ae38f/,,https://api.robinhood.com/instruments/68487b7f-91bb-41be-b1df-3af37e6ae38f/,68487b7f-91bb-41be-b1df-3af37e6ae38f,1.00000000,22.63000000,0.00,filled,filled,,market,buy,gfd,immediate,23.78000000,,1.00000000,,2019-02-21T16:10:42.656262Z,2019-02-21T16:10:43.103757Z,2019-02-21T16:10:42.763000Z,"[{'price': '22.62910000', 'quantity': '1.00000000', 'rounded_notional': None, 'settlement_date': '2019-02-25', 'timestamp': '2019-02-21T16:10:42.763000Z', 'id': '5c7613d8-6d10-4ff0-974a-3612cf9c3a16', 'ipo_access_execution_rank': None, 'trade_execution_date': None}]",False,regular_hours,False,False,,,,,,,,"{'amount': '23.78', 'currency_code': 'USD', 'currency_id': '1072fc76-1862-41ab-82c2-485837590762'}","{'amount': '22.63', 'currency_code': 'USD', 'currency_id': '1072fc76-1862-41ab-82c2-485837590762'}",,False,,,,,,False,True,False,True,0,,,2.0,,False,,order_finalized,,
1007534f-e87d-45cf-bde8-c9f6b6bbfab3,eefbb34c-fd44-4fbc-b434-a1aa3850846e,https://api.robinhood.com/orders/1007534f-e87d-45cf-bde8-c9f6b6bbfab3/,https://api.robinhood.com/accounts/5SE25445/,fa785cc9-e75d-40e1-ad49-9dad4a009457,https://api.robinhood.com/positions/5SE25445/68487b7f-91bb-41be-b1df-3af37e6ae38f/,,https://api.robinhood.com/instruments/68487b7f-91bb-41be-b1df-3af37e6ae38f/,68487b7f-91bb-41be-b1df-3af37e6ae38f,1.00000000,22.66000000,0.00,filled,filled,,market,buy,gfd,immediate,23.78000000,,1.00000000,,2019-02-21T16:10:21.261838Z,2019-02-21T16:10:21.722092Z,2019-02-21T16:10:21.386000Z,"[{'price': '22.65650000', 'quantity': '1.00000000', 'rounded_notional': None, 'settlement_date': '2019-02-25', 'timestamp': '2019-02-21T16:10:21.386000Z', 'id': '71042c59-025d-437e-b42c-ab7dd6a9b7a0', 'ipo_access_execution_rank': None, 'trade_execution_date': None}]",False,regular_hours,False,False,,,,,,,,"{'amount': '23.78', 'currency_code': 'USD', 'currency_id': '1072fc76-1862-41ab-82c2-485837590762'}","{'amount': '22.66', 'currency_code': 'USD', 'currency_id': '1072fc76-1862-41ab-82c2-485837590762'}",,False,,,,,,False,True,False,True,0,,,2.0,,False,,order_finalized,,
4f768b86-9bfe-40a0-8abd-93d7eca18d63,b87c0d51-f45f-4066-afae-0b0c46671d98,https://api.robinhood.com/orders/4f768b86-9bfe-40a0-8abd-93d7eca18d63/,https://api.robinhood.com/accounts/5SE25445/,fa785cc9-e75d-40e1-ad49-9dad4a009457,https://api.robinhood.com/positions/5SE25445/940fc3f5-1db5-4fed-b452-f3a2e4562b5f/,,https://api.robinhood.com/instruments/940fc3f5-1db5-4fed-b452-f3a2e4562b5f/,940fc3f5-1db5-4fed-b452-f3a2e4562b5f,5.00000000,24.05000000,0.00,filled,filled,,market,buy,gfd,immediate,25.25000000,,5.00000000,,2019-02-21T16:09:06.383846Z,2019-02-21T16:09:06.837558Z,2019-02-21T16:09:06.495000Z,"[{'price': '24.05000000', 'quantity': '5.00000000', 'rounded_notional': None, 'settlement_date': '2019-02-25', 'timestamp': '2019-02-21T16:09:06.495000Z', 'id': '7a5d19e2-dbbd-469d-9ed2-2df33bd729f1', 'ipo_access_execution_rank': None, 'trade_execution_date': None}]",False,regular_hours,False,False,,,,,,,,"{'amount': '126.25', 'currency_code': 'USD', 'currency_id': '1072fc76-1862-41ab-82c2-485837590762'}","{'amount': '120.25', 'currency_code': 'USD', 'currency_id': '1072fc76-1862-41ab-82c2-485837590762'}",,False,,,,,,False,True,False,True,0,,,2.0,,False,,order_finalized,,
91c9dcbd-bfb4-4450-8118-3dd06dc14073,3f4f6a29-fecf-4758-83af-f2d5e6657637,https://api.robinhood.com/orders/91c9dcbd-bfb4-4450-8118-3dd06dc14073/,https://api.robinhood.com/accounts/5SE25445/,fa785cc9-e75d-40e1-ad49-9dad4a009457,https://api.robinhood.com/positions/5SE25445/f3703f80-d9f5-493c-a7ce-8f32fe25422e/,,https://api.robinhood.com/instruments/f3703f80-d9f5-493c-a7ce-8f32fe25422e/,f3703f80-d9f5-493c-a7ce-8f32fe25422e,1.00000000,9.51000000,0.02,filled,filled,,market,sell,gfd,immediate,,,1.00000000,,2019-02-21T16:04:58.403610Z,2019-02-21T16:04:58.996775Z,2019-02-21T16:04:58.680000Z,"[{'price': '9.51010000', 'quantity': '1.00000000', 'rounded_notional': None, 'settlement_date': '2019-02-25', 'timestamp': '2019-02-21T16:04:58.680000Z', 'id': 'be0b4399-081e-4967-958e-741fb7e86a1d', 'ipo_access_execution_rank': None, 'trade_execution_date': None}]",False,regular_hours,False,False,,,,,,,,,"{'amount': '9.51', 'currency_code': 'USD', 'currency_id': '1072fc76-1862-41ab-82c2-485837590762'}",,False,,,,,,False,True,False,True,0,,,2.0,,False,,order_finalized,,
9453c2d4-c989-44eb-bfca-38b0043a28c1,5cc2167e-1fb3-4a54-b132-e3d6a97ae06d,https://api.robinhood.com/orders/9453c2d4-c989-44eb-bfca-38b0043a28c1/,https://api.robinhood.com/accounts/5SE25445/,fa785cc9-e75d-40e1-ad49-9dad4a009457,https://api.robinhood.com/positions/5SE25445/9c53326c-d07e-4b82-82d2-b108ec5d9530/,,https://api.robinhood.com/instruments/9c53326c-d07e-4b82-82d2-b108ec5d9530/,9c53326c-d07e-4b82-82d2-b108ec5d9530,1.00000000,147.72000000,0.02,filled,filled,,market,sell,gfd,immediate,,,1.00000000,,2019-02-21T16:04:06.218690Z,2019-02-21T16:04:06.809526Z,2019-02-21T16:04:06.422000Z,"[{'price': '147.71570000', 'quantity': '1.00000000', 'rounded_notional': None, 'settlement_date': '2019-02-25', 'timestamp': '2019-02-21T16:04:06.422000Z', 'id': '8f2dd342-c2b9-4ff6-8822-745fef2e0057', 'ipo_access_execution_rank': None, 'trade_execution_date': None}]",False,regular_hours,False,False,,,,,,,,,"{'amount': '147.72', 'currency_code': 'USD', 'currency_id': '1072fc76-1862-41ab-82c2-485837590762'}",,False,,,,,,False,True,False,True,0,,,2.0,,False,,order_finalized,,
0d654013-2791-4ed9-a27b-e226cbbc5a7e,f0b8e166-a9a2-4d7e-bc18-2a2ef8349f4c,https://api.robinhood.com/orders/0d654013-2791-4ed9-a27b-e226cbbc5a7e/,https://api.robinhood.com/accounts/5SE25445/,fa785cc9-e75d-40e1-ad49-9dad4a009457,https://api.robinhood.com/positions/5SE25445/b003dff4-7071-46ae-9a8d-6e4b4222edf0/,,https://api.robinhood.com/instruments/b003dff4-7071-46ae-9a8d-6e4b4222edf0/,b003dff4-7071-46ae-9a8d-6e4b4222edf0,6.00000000,7.10000000,0.00,filled,filled,,market,buy,gfd,immediate,7.44000000,,6.00000000,,2019-02-14T20:29:43.553507Z,2019-02-14T20:29:44.055948Z,2019-02-14T20:29:43.696000Z,"[{'price': '7.10000000', 'quantity': '6.00000000', 'rounded_notional': None, 'settlement_date': '2019-02-19', 'timestamp': '2019-02-14T20:29:43.696000Z', 'id': '1fe4b56a-68fd-4070-a4eb-47e0760cb274', 'ipo_access_execution_rank': None, 'trade_execution_date': None}]",False,regular_hours,False,False,,,,,,,,"{'amount': '44.64', 'currency_code': 'USD', 'currency_id': '1072fc76-1862-41ab-82c2-485837590762'}","{'amount': '42.60', 'currency_code': 'USD', 'currency_id': '1072fc76-1862-41ab-82c2-485837590762'}",,False,,,,,,False,True,False,True,0,,,2.0,,False,,order_finalized,,
8006c896-3772-4380-9e4d-165517e948d2,e31ae27c-50f6-4f04-8d1e-b5ec5da13e28,https://api.robinhood.com/orders/8006c896-3772-4380-9e4d-165517e948d2/,https://api.robinhood.com/accounts/5SE25445/,fa785cc9-e75d-40e1-ad49-9dad4a009457,https://api.robinhood.com/positions/5SE25445/6df56bd0-0bf2-44ab-8875-f94fd8526942/,,https://api.robinhood.com/instruments/6df56bd0-0bf2-44ab-8875-f94fd8526942/,6df56bd0-0bf2-44ab-8875-f94fd8526942,21.00000000,8.45000000,0.00,filled,filled,,market,buy,gfd,immediate,8.86000000,,21.00000000,,2019-02-14T20:28:55.690606Z,2019-02-14T20:28:56.145449Z,2019-02-14T20:28:55.811000Z,"[{'price': '8.45000000', 'quantity': '21.00000000', 'rounded_notional': None, 'settlement_date': '2019-02-19', 'timestamp': '2019-02-14T20:28:55.811000Z', 'id': '4be76f10-6224-4ad5-9085-8d63568e8013', 'ipo_access_execution_rank': None, 'trade_execution_date': None}]",False,regular_hours,False,False,,,,,,,,"{'amount': '186.06', 'currency_code': 'USD', 'currency_id': '1072fc76-1862-41ab-82c2-485837590762'}","{'amount': '177.45', 'currency_code': 'USD', 'currency_id': '1072fc76-1862-41ab-82c2-485837590762'}",,False,,,,,,False,True,False,True,0,,,2.0,,False,,order_finalized,,
0cf0a4b7-8450-47df-abf5-abfe0fd16504,bca2fde5-3e9d-4486-8142-8be1e1f5454b,https://api.robinhood.com/orders/0cf0a4b7-8450-47df-abf5-abfe0fd16504/,https://api.robinhood.com/accounts/5SE25445/,fa785cc9-e75d-40e1-ad49-9dad4a009457,https://api.robinhood.com/positions/5SE25445/846ae64b-c4dd-432c-9f26-44afd60ed82b/,,https://api.robinhood.com/instruments/846ae64b-c4dd-432c-9f26-44afd60ed82b/,846ae64b-c4dd-432c-9f26-44afd60ed82b,3.00000000,62.63000000,0.00,filled,filled,,market,buy,gfd,immediate,65.64000000,,3.00000000,,2019-02-14T20:26:49.875846Z,2019-02-14T20:26:50.375500Z,2019-02-14T20:26:49.971000Z,"[{'price': '62.63000000', 'quantity': '3.00000000', 'rounded_notional': None, 'settlement_date': '2019-02-19', 'timestamp': '2019-02-14T20:26:49.971000Z', 'id': '5cc3cd84-cd59-45b1-8edb-3589e7e6f6ab', 'ipo_access_execution_rank': None, 'trade_execution_date': None}]",False,regular_hours,False,False,,,,,,,,"{'amount': '196.92', 'currency_code': 'USD', 'currency_id': '1072fc76-1862-41ab-82c2-485837590762'}","{'amount': '187.89', 'currency_code': 'USD', 'currency_id': '1072fc76-1862-41ab-82c2-485837590762'}",,False,,,,,,False,True,False,True,0,,,2.0,,False,,order_finalized,,
c13a25d5-dd73-4263-9031-6db68c40b78a,c8d7845a-32e3-4419-b53a-bc6db7f66633,https://api.robinhood.com/orders/c13a25d5-dd73-4263-9031-6db68c40b78a/,https://api.robinhood.com/accounts/5SE25445/,fa785cc9-e75d-40e1-ad49-9dad4a009457,https://api.robinhood.com/positions/5SE25445/68487b7f-91bb-41be-b1df-3af37e6ae38f/,,https://api.robinhood.com/instruments/68487b7f-91bb-41be-b1df-3af37e6ae38f/,68487b7f-91bb-41be-b1df-3af37e6ae38f,23.00000000,20.77090000,0.02,filled,filled,,market,sell,gfd,immediate,,,23.00000000,,2019-02-14T20:26:18.796331Z,2019-02-14T20:26:19.337014Z,2019-02-14T20:26:19.003000Z,"[{'price': '20.77070000', 'quantity': '23.00000000', 'rounded_notional': None, 'settlement_date': '2019-02-19', 'timestamp': '2019-02-14T20:26:19.003000Z', 'id': '32240e51-7b26-4612-b3cf-f32b002a3048', 'ipo_access_execution_rank': None, 'trade_execution_date': None}]",False,regular_hours,False,False,,,,,,,,,"{'amount': '477.73', 'currency_code': 'USD', 'currency_id': '1072fc76-1862-41ab-82c2-485837590762'}",,False,,,,,,False,True,False,True,0,,,2.0,,False,,order_finalized,,
15a85663-eba3-4656-ac64-457f3c567b0f,83889089-a407-4afb-95a3-48e522c6ca4c,https://api.robinhood.com/orders/15a85663-eba3-4656-ac64-457f3c567b0f/,https://api.robinhood.com/accounts/5SE25445/,fa785cc9-e75d-40e1-ad49-9dad4a009457,https://api.robinhood.com/positions/5SE25445/6df56bd0-0bf2-44ab-8875-f94fd8526942/,,https://api.robinhood.com/instruments/6df56bd0-0bf2-44ab-8875-f94fd8526942/,6df56bd0-0bf2-44ab-8875-f94fd8526942,1.00000000,8.46000000,0.00,filled,filled,,market,buy,gfd,immediate,8.87000000,,1.00000000,,2019-02-12T16:15:07.726102Z,2019-02-12T16:15:08.133886Z,2019-02-12T16:15:07.852000Z,"[{'price': '8.46000000', 'quantity': '1.00000000', 'rounded_notional': None, 'settlement_date': '2019-02-14', 'timestamp': '2019-02-12T16:15:07.852000Z', 'id': 'c376fa35-f9f7-4d50-80d4-4dc61d37eed9', 'ipo_access_execution_rank': None, 'trade_execution_date': None}]",False,regular_hours,False,False,,,,,,,,"{'amount': '8.87', 'currency_code': 'USD', 'currency_id': '1072fc76-1862-41ab-82c2-485837590762'}","{'amount': '8.46', 'currency_code': 'USD', 'currency_id': '1072fc76-1862-41ab-82c2-485837590762'}",,False,,,,,,False,True,False,True,0,,,2.0,,False,,order_finalized,,
4abc23b2-b679-446d-9087-5c0ff3e5486e,ece3b2ab-3e5b-42c4-9c85-049f34bb13b4,https://api.robinhood.com/orders/4abc23b2-b679-446d-9087-5c0ff3e5486e/,https://api.robinhood.com/accounts/5SE25445/,fa785cc9-e75d-40e1-ad49-9dad4a009457,https://api.robinhood.com/positions/5SE25445/68487b7f-91bb-41be-b1df-3af37e6ae38f/,,https://api.robinhood.com/instruments/68487b7f-91bb-41be-b1df-3af37e6ae38f/,68487b7f-91bb-41be-b1df-3af37e6ae38f,5.00000000,19.45000000,0.00,filled,filled,,market,buy,gfd,immediate,20.47000000,,5.00000000,,2019-02-11T14:46:36.231081Z,2019-02-11T14:46:36.626018Z,2019-02-11T14:46:36.353000Z,"[{'price': '19.44990000', 'quantity': '5.00000000', 'rounded_notional': None, 'settlement_date': '2019-02-13', 'timestamp': '2019-02-11T14:46:36.353000Z', 'id': '642ed725-5f05-4240-8cb9-c1c723b6376a', 'ipo_access_execution_rank': None, 'trade_execution_date': None}]",False,regular_hours,False,False,,,,,,,,"{'amount': '102.35', 'currency_code': 'USD', 'currency_id': '1072fc76-1862-41ab-82c2-485837590762'}","{'amount': '97.25', 'currency_code': 'USD', 'currency_id': '1072fc76-1862-41ab-82c2-485837590762'}",,False,,,,,,False,True,False,True,0,,,2.0,,False,,order_finalized,,
7634428f-476e-4475-8e59-569c6d89142f,a4488183-6106-4be1-bc20-00de3dd7d148,https://api.robinhood.com/orders/7634428f-476e-4475-8e59-569c6d89142f/,https://api.robinhood.com/accounts/5SE25445/,fa785cc9-e75d-40e1-ad49-9dad4a009457,https://api.robinhood.com/positions/5SE25445/6df56bd0-0bf2-44ab-8875-f94fd8526942/,,https://api.robinhood.com/instruments/6df56bd0-0bf2-44ab-8875-f94fd8526942/,6df56bd0-0bf2-44ab-8875-f94fd8526942,10.00000000,8.37000000,0.00,filled,filled,,market,buy,gfd,immediate,8.77000000,,10.00000000,,2019-02-11T14:46:11.318451Z,2019-02-11T14:46:11.701099Z,2019-02-11T14:46:11.403000Z,"[{'price': '8.37000000', 'quantity': '10.00000000', 'rounded_notional': None, 'settlement_date': '2019-02-13', 'timestamp': '2019-02-11T14:46:11.403000Z', 'id': '5a317383-44a3-478c-a725-4b624fba5c56', 'ipo_access_execution_rank': None, 'trade_execution_date': None}]",False,regular_hours,False,False,,,,,,,,"{'amount': '87.70', 'currency_code': 'USD', 'currency_id': '1072fc76-1862-41ab-82c2-485837590762'}","{'amount': '83.70', 'currency_code': 'USD', 'currency_id': '1072fc76-1862-41ab-82c2-485837590762'}",,False,,,,,,False,True,False,True,0,,,2.0,,False,,order_finalized,,
f9431198-6fd3-4cca-90f0-46dc2a9a24e7,6bd08b73-790f-4508-90d2-e9e3da6f490c,https://api.robinhood.com/orders/f9431198-6fd3-4cca-90f0-46dc2a9a24e7/,https://api.robinhood.com/accounts/5SE25445/,fa785cc9-e75d-40e1-ad49-9dad4a009457,https://api.robinhood.com/positions/5SE25445/68487b7f-91bb-41be-b1df-3af37e6ae38f/,,https://api.robinhood.com/instruments/68487b7f-91bb-41be-b1df-3af37e6ae38f/,68487b7f-91bb-41be-b1df-3af37e6ae38f,10.00000000,19.80000000,0.00,filled,filled,,market,buy,gfd,immediate,20.75000000,,10.00000000,,2019-02-11T14:36:38.234432Z,2019-02-11T14:36:38.697660Z,2019-02-11T14:36:38.405000Z,"[{'price': '19.79950000', 'quantity': '10.00000000', 'rounded_notional': None, 'settlement_date': '2019-02-13', 'timestamp': '2019-02-11T14:36:38.405000Z', 'id': '2dd3df14-bc70-477e-87e3-033779de083c', 'ipo_access_execution_rank': None, 'trade_execution_date': None}]",False,regular_hours,False,False,,,,,,,,"{'amount': '207.50', 'currency_code': 'USD', 'currency_id': '1072fc76-1862-41ab-82c2-485837590762'}","{'amount': '198.00', 'currency_code': 'USD', 'currency_id': '1072fc76-1862-41ab-82c2-485837590762'}",,False,,,,,,False,True,False,True,0,,,2.0,,False,,order_finalized,,
38917984-bcc5-41fc-9cb3-a73b524de1ec,2962a799-aa18-459e-a530-4626e91200e1,https://api.robinhood.com/orders/38917984-bcc5-41fc-9cb3-a73b524de1ec/,https://api.robinhood.com/accounts/5SE25445/,fa785cc9-e75d-40e1-ad49-9dad4a009457,https://api.robinhood.com/positions/5SE25445/6df56bd0-0bf2-44ab-8875-f94fd8526942/,,https://api.robinhood.com/instruments/6df56bd0-0bf2-44ab-8875-f94fd8526942/,6df56bd0-0bf2-44ab-8875-f94fd8526942,10.00000000,8.39000000,0.00,filled,filled,,market,buy,gfd,immediate,8.80000000,,10.00000000,,2019-02-11T14:36:10.599698Z,2019-02-11T14:36:11.099237Z,2019-02-11T14:36:10.749000Z,"[{'price': '8.38970000', 'quantity': '10.00000000', 'rounded_notional': None, 'settlement_date': '2019-02-13', 'timestamp': '2019-02-11T14:36:10.749000Z', 'id': 'a2a9aa12-d3e2-4afe-a655-c38e4490fcf5', 'ipo_access_execution_rank': None, 'trade_execution_date': None}]",False,regular_hours,False,False,,,,,,,,"{'amount': '88.00', 'currency_code': 'USD', 'currency_id': '1072fc76-1862-41ab-82c2-485837590762'}","{'amount': '83.90', 'currency_code': 'USD', 'currency_id': '1072fc76-1862-41ab-82c2-485837590762'}",,False,,,,,,False,True,False,True,0,,,2.0,,False,,order_finalized,,
b0808ebb-d063-453f-b14c-d03a293f08ef,0360d155-e48c-426b-ae2f-e9f26e2ee47f,https://api.robinhood.com/orders/b0808ebb-d063-453f-b14c-d03a293f08ef/,https://api.robinhood.com/accounts/5SE25445/,fa785cc9-e75d-40e1-ad49-9dad4a009457,https://api.robinhood.com/positions/5SE25445/68487b7f-91bb-41be-b1df-3af37e6ae38f/,,https://api.robinhood.com/instruments/68487b7f-91bb-41be-b1df-3af37e6ae38f/,68487b7f-91bb-41be-b1df-3af37e6ae38f,9.00000000,20.88000000,0.02,filled,filled,,market,sell,gfd,immediate,,,9.00000000,,2019-02-08T14:49:55.238594Z,2019-02-08T14:49:55.821021Z,2019-02-08T14:49:55.513000Z,"[{'price': '20.88000000', 'quantity': '9.00000000', 'rounded_notional': None, 'settlement_date': '2019-02-12', 'timestamp': '2019-02-08T14:49:55.513000Z', 'id': 'e70095ef-5df6-4352-b6dd-09ac0d52afb1', 'ipo_access_execution_rank': None, 'trade_execution_date': None}]",False,regular_hours,False,False,,,,,,,,,"{'amount': '187.92', 'currency_code': 'USD', 'currency_id': '1072fc76-1862-41ab-82c2-485837590762'}",,False,,,,,,False,True,False,True,0,,,2.0,,False,,order_finalized,,
b721534d-76c4-412a-b316-5f9bb1122766,9e93f317-b9d3-457e-a285-24ce82dc084c,https://api.robinhood.com/orders/b721534d-76c4-412a-b316-5f9bb1122766/,https://api.robinhood.com/accounts/5SE25445/,fa785cc9-e75d-40e1-ad49-9dad4a009457,https://api.robinhood.com/positions/5SE25445/a40baf0f-4ae1-4145-aa14-e062d09785c5/,,https://api.robinhood.com/instruments/a40baf0f-4ae1-4145-aa14-e062d09785c5/,a40baf0f-4ae1-4145-aa14-e062d09785c5,1.00000000,1.00000000,0.02,filled,filled,,market,sell,gfd,immediate,,,1.00000000,,2019-02-08T14:48:31.078995Z,2019-02-08T14:48:31.508823Z,2019-02-08T14:48:31.183000Z,"[{'price': '0.99969500', 'quantity': '1.00000000', 'rounded_notional': None, 'settlement_date': '2019-02-12', 'timestamp': '2019-02-08T14:48:31.183000Z', 'id': 'e2dfe1ec-3c9d-4a2e-b2d2-3716c339dae2', 'ipo_access_execution_rank': None, 'trade_execution_date': None}]",False,regular_hours,False,False,,,,,,,,,"{'amount': '1.00', 'currency_code': 'USD', 'currency_id': '1072fc76-1862-41ab-82c2-485837590762'}",,False,,,,,,False,True,False,True,0,,,2.0,,False,,order_finalized,,
70e69193-31db-4389-a8d0-594404953c52,4482d31b-4f4c-4850-9966-3003bd8ed057,https://api.robinhood.com/orders/70e69193-31db-4389-a8d0-594404953c52/,https://api.robinhood.com/accounts/5SE25445/,fa785cc9-e75d-40e1-ad49-9dad4a009457,https://api.robinhood.com/positions/5SE25445/68487b7f-91bb-41be-b1df-3af37e6ae38f/,,https://api.robinhood.com/instruments/68487b7f-91bb-41be-b1df-3af37e6ae38f/,68487b7f-91bb-41be-b1df-3af37e6ae38f,18.00000000,20.30720000,0.00,filled,filled,,market,buy,gfd,immediate,21.31000000,,18.00000000,,2019-02-07T17:10:05.883066Z,2019-02-07T17:10:06.573346Z,2019-02-07T17:10:06.055000Z,"[{'price': '20.30730000', 'quantity': '18.00000000', 'rounded_notional': None, 'settlement_date': '2019-02-11', 'timestamp': '2019-02-07T17:10:06.055000Z', 'id': '48d4af8f-36d8-49a6-80e1-df2a3222debb', 'ipo_access_execution_rank': None, 'trade_execution_date': None}]",False,regular_hours,False,False,,,,,,,,"{'amount': '383.58', 'currency_code': 'USD', 'currency_id': '1072fc76-1862-41ab-82c2-485837590762'}","{'amount': '365.53', 'currency_code': 'USD', 'currency_id': '1072fc76-1862-41ab-82c2-485837590762'}",,False,,,,,,False,True,False,True,0,,,2.0,,False,,order_finalized,,
a0b398f8-da47-4952-bb1e-46ebf7c858bd,f0226475-20d7-44ac-8c91-7c411ddf1227,https://api.robinhood.com/orders/a0b398f8-da47-4952-bb1e-46ebf7c858bd/,https://api.robinhood.com/accounts/5SE25445/,fa785cc9-e75d-40e1-ad49-9dad4a009457,https://api.robinhood.com/positions/5SE25445/68487b7f-91bb-41be-b1df-3af37e6ae38f/,,https://api.robinhood.com/instruments/68487b7f-91bb-41be-b1df-3af37e6ae38f/,68487b7f-91bb-41be-b1df-3af37e6ae38f,5.00000000,21.07200000,0.02,filled,filled,,market,sell,gfd,immediate,,,5.00000000,,2019-02-07T15:08:58.277589Z,2019-02-07T15:08:58.762788Z,2019-02-07T15:08:58.526000Z,"[{'price': '21.07120000', 'quantity': '5.00000000', 'rounded_notional': None, 'settlement_date': '2019-02-11', 'timestamp': '2019-02-07T15:08:58.526000Z', 'id': 'cc877cd4-8273-4e8d-a1bd-78d018428fe3', 'ipo_access_execution_rank': None, 'trade_execution_date': None}]",False,regular_hours,False,False,,,,,,,,,"{'amount': '105.36', 'currency_code': 'USD', 'currency_id': '1072fc76-1862-41ab-82c2-485837590762'}",,False,,,,,,False,True,False,True,0,,,2.0,,False,,order_finalized,,
0d4cbf51-3eb1-442e-988d-0de49dad3d75,92e68d3b-8ddc-4fc4-b8e1-d1322cb17721,https://api.robinhood.com/orders/0d4cbf51-3eb1-442e-988d-0de49dad3d75/,https://api.robinhood.com/accounts/5SE25445/,fa785cc9-e75d-40e1-ad49-9dad4a009457,https://api.robinhood.com/positions/5SE25445/de0e6dc1-ca4d-4df7-a07e-baad8b1fcc11/,,https://api.robinhood.com/instruments/de0e6dc1-ca4d-4df7-a07e-baad8b1fcc11/,de0e6dc1-ca4d-4df7-a07e-baad8b1fcc11,1.00000000,148.22000000,0.02,filled,filled,,market,sell,gfd,immediate,,,1.00000000,,2019-02-07T15:02:46.427830Z,2019-02-07T15:02:47.592641Z,2019-02-07T15:02:47.321000Z,"[{'price': '148.21500000', 'quantity': '1.00000000', 'rounded_notional': None, 'settlement_date': '2019-02-11', 'timestamp': '2019-02-07T15:02:47.321000Z', 'id': '9b9780e7-5be4-4a77-b22a-a298d96159f0', 'ipo_access_execution_rank': None, 'trade_execution_date': None}]",False,regular_hours,False,False,,,,,,,,,"{'amount': '148.22', 'currency_code': 'USD', 'currency_id': '1072fc76-1862-41ab-82c2-485837590762'}",,False,,,,,,False,True,False,True,0,,,2.0,,False,,order_finalized,,
fdf35c33-4365-4808-990d-097bcae5dd9b,70cc01c5-b875-4549-8d39-29ed51bf0ced,https://api.robinhood.com/orders/fdf35c33-4365-4808-990d-097bcae5dd9b/,https://api.robinhood.com/accounts/5SE25445/,fa785cc9-e75d-40e1-ad49-9dad4a009457,https://api.robinhood.com/positions/5SE25445/80e57408-d0ad-40da-9b82-f8a20854c93e/,,https://api.robinhood.com/instruments/80e57408-d0ad-40da-9b82-f8a20854c93e/,80e57408-d0ad-40da-9b82-f8a20854c93e,1.00000000,3.67000000,0.02,filled,filled,,market,sell,gfd,immediate,,,1.00000000,,2019-02-07T14:59:59.270258Z,2019-02-07T14:59:59.865044Z,2019-02-07T14:59:59.494000Z,"[{'price': '3.67030000', 'quantity': '1.00000000', 'rounded_notional': None, 'settlement_date': '2019-02-11', 'timestamp': '2019-02-07T14:59:59.494000Z', 'id': '9940ed78-1a28-4666-8c9f-91ee898f7512', 'ipo_access_execution_rank': None, 'trade_execution_date': None}]",False,regular_hours,False,False,,,,,,,,,"{'amount': '3.67', 'currency_code': 'USD', 'currency_id': '1072fc76-1862-41ab-82c2-485837590762'}",,False,,,,,,False,True,False,True,0,,,2.0,,False,,order_finalized,,
cd2e0813-7b11-4eb6-8de1-96aeb57d02c4,0327a388-9516-4f48-99db-d6e2e635320e,https://api.robinhood.com/orders/cd2e0813-7b11-4eb6-8de1-96aeb57d02c4/,https://api.robinhood.com/accounts/5SE25445/,fa785cc9-e75d-40e1-ad49-9dad4a009457,https://api.robinhood.com/positions/5SE25445/a40baf0f-4ae1-4145-aa14-e062d09785c5/,,https://api.robinhood.com/instruments/a40baf0f-4ae1-4145-aa14-e062d09785c5/,a40baf0f-4ae1-4145-aa14-e062d09785c5,1.00000000,2.26000000,0.00,filled,filled,,market,buy,gfd,immediate,2.37000000,,1.00000000,,2019-02-07T14:59:00.759251Z,2019-02-07T14:59:01.205338Z,2019-02-07T14:59:00.875000Z,"[{'price': '2.25510000', 'quantity': '1.00000000', 'rounded_notional': None, 'settlement_date': '2019-02-11', 'timestamp': '2019-02-07T14:59:00.875000Z', 'id': '2a359e90-d802-41fc-8f85-9ca798aaf8ec', 'ipo_access_execution_rank': None, 'trade_execution_date': None}]",False,regular_hours,False,False,,,,,,,,"{'amount': '2.37', 'currency_code': 'USD', 'currency_id': '1072fc76-1862-41ab-82c2-485837590762'}","{'amount': '2.26', 'currency_code': 'USD', 'currency_id': '1072fc76-1862-41ab-82c2-485837590762'}",,False,,,,,,False,True,False,True,0,,,2.0,,False,,order_finalized,,
b4a885a3-ac5c-4a80-87de-a3c611edaa1a,a4e9caab-7512-4261-a248-1433a07b8049,https://api.robinhood.com/orders/b4a885a3-ac5c-4a80-87de-a3c611edaa1a/,https://api.robinhood.com/accounts/5SE25445/,fa785cc9-e75d-40e1-ad49-9dad4a009457,https://api.robinhood.com/positions/5SE25445/68487b7f-91bb-41be-b1df-3af37e6ae38f/,,https://api.robinhood.com/instruments/68487b7f-91bb-41be-b1df-3af37e6ae38f/,68487b7f-91bb-41be-b1df-3af37e6ae38f,2.00000000,19.50000000,0.00,filled,filled,,limit,buy,gfd,immediate,19.50000000,,2.00000000,,2019-02-06T15:05:58.362034Z,2019-02-06T15:15:59.219003Z,2019-02-06T15:15:58.901000Z,"[{'price': '19.50000000', 'quantity': '2.00000000', 'rounded_notional': None, 'settlement_date': '2019-02-08', 'timestamp': '2019-02-06T15:15:58.901000Z', 'id': '08eac588-1160-4ab2-b4f7-5ea17c191779', 'ipo_access_execution_rank': None, 'trade_execution_date': None}]",False,regular_hours,False,False,,,,,,,,"{'amount': '39.00', 'currency_code': 'USD', 'currency_id': '1072fc76-1862-41ab-82c2-485837590762'}","{'amount': '39.00', 'currency_code': 'USD', 'currency_id': '1072fc76-1862-41ab-82c2-485837590762'}",,False,,,,,,False,True,False,True,0,,,2.0,,False,,order_finalized,,
fe6245a1-7433-4144-84e7-e45c7f0d6f86,29f5f226-3689-4ab5-84a7-0728b5cfef92,https://api.robinhood.com/orders/fe6245a1-7433-4144-84e7-e45c7f0d6f86/,https://api.robinhood.com/accounts/5SE25445/,fa785cc9-e75d-40e1-ad49-9dad4a009457,https://api.robinhood.com/positions/5SE25445/72eaf09c-d48d-4252-9968-8f57eaa19d05/,,https://api.robinhood.com/instruments/72eaf09c-d48d-4252-9968-8f57eaa19d05/,72eaf09c-d48d-4252-9968-8f57eaa19d05,1.00000000,45.89000000,0.02,filled,filled,,market,sell,gfd,immediate,,,1.00000000,,2019-02-06T15:05:05.981797Z,2019-02-06T15:05:06.496206Z,2019-02-06T15:05:06.208000Z,"[{'price': '45.89360000', 'quantity': '1.00000000', 'rounded_notional': None, 'settlement_date': '2019-02-08', 'timestamp': '2019-02-06T15:05:06.208000Z', 'id': '2d427edc-b692-4c96-8a1f-7b972d5b4a36', 'ipo_access_execution_rank': None, 'trade_execution_date': None}]",False,regular_hours,False,False,,,,,,,,,"{'amount': '45.89', 'currency_code': 'USD', 'currency_id': '1072fc76-1862-41ab-82c2-485837590762'}",,False,,,,,,False,True,False,True,0,,,2.0,,False,,order_finalized,,
729444c0-467f-47d3-b732-8483acce4e00,61df99ad-e7cf-4577-bc0e-90ecabcfabc9,https://api.robinhood.com/orders/729444c0-467f-47d3-b732-8483acce4e00/,https://api.robinhood.com/accounts/5SE25445/,fa785cc9-e75d-40e1-ad49-9dad4a009457,https://api.robinhood.com/positions/5SE25445/68487b7f-91bb-41be-b1df-3af37e6ae38f/,,https://api.robinhood.com/instruments/68487b7f-91bb-41be-b1df-3af37e6ae38f/,68487b7f-91bb-41be-b1df-3af37e6ae38f,1.00000000,19.54000000,0.00,filled,filled,,market,buy,gfd,immediate,20.50000000,,1.00000000,,2019-02-06T15:04:18.743431Z,2019-02-06T15:04:19.131535Z,2019-02-06T15:04:18.872000Z,"[{'price': '19.54400000', 'quantity': '1.00000000', 'rounded_notional': None, 'settlement_date': '2019-02-08', 'timestamp': '2019-02-06T15:04:18.872000Z', 'id': '6cb57c09-3e2c-4684-bcdd-dd496c014f3a', 'ipo_access_execution_rank': None, 'trade_execution_date': None}]",False,regular_hours,False,False,,,,,,,,"{'amount': '20.50', 'currency_code': 'USD', 'currency_id': '1072fc76-1862-41ab-82c2-485837590762'}","{'amount': '19.54', 'currency_code': 'USD', 'currency_id': '1072fc76-1862-41ab-82c2-485837590762'}",,False,,,,,,False,True,False,True,0,,,2.0,,False,,order_finalized,,
000ac505-9d2a-42af-9ef6-cc3553f630f4,fe288d41-7c38-4e8c-81f6-7521c8ce841c,https://api.robinhood.com/orders/000ac505-9d2a-42af-9ef6-cc3553f630f4/,https://api.robinhood.com/accounts/5SE25445/,fa785cc9-e75d-40e1-ad49-9dad4a009457,https://api.robinhood.com/positions/5SE25445/68487b7f-91bb-41be-b1df-3af37e6ae38f/,,https://api.robinhood.com/instruments/68487b7f-91bb-41be-b1df-3af37e6ae38f/,68487b7f-91bb-41be-b1df-3af37e6ae38f,1.00000000,19.45000000,0.00,filled,filled,,market,buy,gfd,immediate,20.37000000,,1.00000000,,2019-02-06T15:04:02.553224Z,2019-02-06T15:04:03.105476Z,2019-02-06T15:04:02.775000Z,"[{'price': '19.44800000', 'quantity': '1.00000000', 'rounded_notional': None, 'settlement_date': '2019-02-08', 'timestamp': '2019-02-06T15:04:02.775000Z', 'id': '878bc302-f7ca-4795-be6a-06e0261d5a29', 'ipo_access_execution_rank': None, 'trade_execution_date': None}]",False,regular_hours,False,False,,,,,,,,"{'amount': '20.37', 'currency_code': 'USD', 'currency_id': '1072fc76-1862-41ab-82c2-485837590762'}","{'amount': '19.45', 'currency_code': 'USD', 'currency_id': '1072fc76-1862-41ab-82c2-485837590762'}",,False,,,,,,False,True,False,True,0,,,2.0,,False,,order_finalized,,
d0338041-4a42-4102-9c02-12296080363e,61c3f204-f6fe-4012-9889-89f025bb7446,https://api.robinhood.com/orders/d0338041-4a42-4102-9c02-12296080363e/,https://api.robinhood.com/accounts/5SE25445/,fa785cc9-e75d-40e1-ad49-9dad4a009457,https://api.robinhood.com/positions/5SE25445/68487b7f-91bb-41be-b1df-3af37e6ae38f/,,https://api.robinhood.com/instruments/68487b7f-91bb-41be-b1df-3af37e6ae38f/,68487b7f-91bb-41be-b1df-3af37e6ae38f,1.00000000,19.50000000,0.00,filled,filled,,market,buy,gfd,immediate,20.47000000,,1.00000000,,2019-02-06T15:03:38.311754Z,2019-02-06T15:03:38.750812Z,2019-02-06T15:03:38.483000Z,"[{'price': '19.50000000', 'quantity': '1.00000000', 'rounded_notional': None, 'settlement_date': '2019-02-08', 'timestamp': '2019-02-06T15:03:38.483000Z', 'id': '44f697ce-a117-49e8-9134-a2b2f91e7d4a', 'ipo_access_execution_rank': None, 'trade_execution_date': None}]",False,regular_hours,False,False,,,,,,,,"{'amount': '20.47', 'currency_code': 'USD', 'currency_id': '1072fc76-1862-41ab-82c2-485837590762'}","{'amount': '19.50', 'currency_code': 'USD', 'currency_id': '1072fc76-1862-41ab-82c2-485837590762'}",,False,,,,,,False,True,False,True,0,,,2.0,,False,,order_finalized,,
7fe5dd95-dc74-4bd8-b839-0780094710a3,776b550e-948b-451e-a7c9-87706d607bbf,https://api.robinhood.com/orders/7fe5dd95-dc74-4bd8-b839-0780094710a3/,https://api.robinhood.com/accounts/5SE25445/,fa785cc9-e75d-40e1-ad49-9dad4a009457,https://api.robinhood.com/positions/5SE25445/846ae64b-c4dd-432c-9f26-44afd60ed82b/,,https://api.robinhood.com/instruments/846ae64b-c4dd-432c-9f26-44afd60ed82b/,846ae64b-c4dd-432c-9f26-44afd60ed82b,1.00000000,63.66000000,0.00,filled,filled,,market,buy,gfd,immediate,66.31000000,,1.00000000,,2019-02-06T15:03:12.261375Z,2019-02-06T15:03:12.779779Z,2019-02-06T15:03:12.402000Z,"[{'price': '63.66080000', 'quantity': '1.00000000', 'rounded_notional': None, 'settlement_date': '2019-02-08', 'timestamp': '2019-02-06T15:03:12.402000Z', 'id': 'b9bbb969-4d6b-495c-82b4-8d3580a73ed6', 'ipo_access_execution_rank': None, 'trade_execution_date': None}]",False,regular_hours,False,False,,,,,,,,"{'amount': '66.31', 'currency_code': 'USD', 'currency_id': '1072fc76-1862-41ab-82c2-485837590762'}","{'amount': '63.66', 'currency_code': 'USD', 'currency_id': '1072fc76-1862-41ab-82c2-485837590762'}",,False,,,,,,False,True,False,True,0,,,2.0,,False,,order_finalized,,
12f14bfb-26e7-4a54-b236-583e0f3ed402,fb04734a-f26a-4c0f-bbf3-f59d066e254e,https://api.robinhood.com/orders/12f14bfb-26e7-4a54-b236-583e0f3ed402/,https://api.robinhood.com/accounts/5SE25445/,fa785cc9-e75d-40e1-ad49-9dad4a009457,https://api.robinhood.com/positions/5SE25445/940fc3f5-1db5-4fed-b452-f3a2e4562b5f/,,https://api.robinhood.com/instruments/940fc3f5-1db5-4fed-b452-f3a2e4562b5f/,940fc3f5-1db5-4fed-b452-f3a2e4562b5f,1.00000000,24.43000000,0.00,filled,filled,,market,buy,gfd,immediate,25.67000000,,1.00000000,,2019-01-31T21:09:40.161583Z,2019-01-31T21:09:40.713407Z,2019-01-31T21:09:40.364000Z,"[{'price': '24.43000000', 'quantity': '1.00000000', 'rounded_notional': None, 'settlement_date': '2019-02-04', 'timestamp': '2019-01-31T21:09:40.364000Z', 'id': '9297cd9f-4ab1-4a24-bdc1-061be9a7da57', 'ipo_access_execution_rank': None, 'trade_execution_date': None}]",True,extended_hours,False,False,,,,,,,,"{'amount': '25.67', 'currency_code': 'USD', 'currency_id': '1072fc76-1862-41ab-82c2-485837590762'}","{'amount': '24.43', 'currency_code': 'USD', 'currency_id': '1072fc76-1862-41ab-82c2-485837590762'}",,False,,,,,,False,True,False,True,0,,,2.0,,False,,order_finalized,,
1baaf2d2-9d52-4ac3-a3c4-acf1071a8b0b,20331a38-a90e-43a9-9ce2-344f80af2dd3,https://api.robinhood.com/orders/1baaf2d2-9d52-4ac3-a3c4-acf1071a8b0b/,https://api.robinhood.com/accounts/5SE25445/,fa785cc9-e75d-40e1-ad49-9dad4a009457,https://api.robinhood.com/positions/5SE25445/9f371d3f-bccd-45fa-83fc-59c28229c494/,,https://api.robinhood.com/instruments/9f371d3f-bccd-45fa-83fc-59c28229c494/,9f371d3f-bccd-45fa-83fc-59c28229c494,2.00000000,23.65000000,0.02,filled,filled,,market,sell,gfd,immediate,22.42000000,,2.00000000,,2019-01-31T21:08:06.379633Z,2019-01-31T21:08:07.200158Z,2019-01-31T21:08:06.866000Z,"[{'price': '23.65010000', 'quantity': '2.00000000', 'rounded_notional': None, 'settlement_date': '2019-02-04', 'timestamp': '2019-01-31T21:08:06.866000Z', 'id': 'c6eaa431-81e5-4913-97f4-9898ac61e344', 'ipo_access_execution_rank': None, 'trade_execution_date': None}]",True,extended_hours,False,False,,,,,,,,"{'amount': '44.84', 'currency_code': 'USD', 'currency_id': '1072fc76-1862-41ab-82c2-485837590762'}","{'amount': '47.30', 'currency_code': 'USD', 'currency_id': '1072fc76-1862-41ab-82c2-485837590762'}",,False,,,,,,False,True,False,True,0,,,2.0,,False,,order_finalized,,
97661044-59ba-4a5e-b9a0-216fa0e197ef,6898bee5-674a-43f6-9168-2597a4bceb92,https://api.robinhood.com/orders/97661044-59ba-4a5e-b9a0-216fa0e197ef/,https://api.robinhood.com/accounts/5SE25445/,fa785cc9-e75d-40e1-ad49-9dad4a009457,https://api.robinhood.com/positions/5SE25445/68487b7f-91bb-41be-b1df-3af37e6ae38f/,,https://api.robinhood.com/instruments/68487b7f-91bb-41be-b1df-3af37e6ae38f/,68487b7f-91bb-41be-b1df-3af37e6ae38f,3.00000000,19.65000000,0.02,filled,filled,,market,sell,gfd,immediate,18.67000000,,3.00000000,,2019-01-31T21:04:19.560636Z,2019-01-31T21:04:20.163286Z,2019-01-31T21:04:19.797000Z,"[{'price': '19.65000000', 'quantity': '3.00000000', 'rounded_notional': None, 'settlement_date': '2019-02-04', 'timestamp': '2019-01-31T21:04:19.797000Z', 'id': 'b7fd5ef0-6ed9-40fb-881b-be6147cacf91', 'ipo_access_execution_rank': None, 'trade_execution_date': None}]",True,extended_hours,False,False,,,,,,,,"{'amount': '56.01', 'currency_code': 'USD', 'currency_id': '1072fc76-1862-41ab-82c2-485837590762'}","{'amount': '58.95', 'currency_code': 'USD', 'currency_id': '1072fc76-1862-41ab-82c2-485837590762'}",,False,,,,,,False,True,False,True,0,,,2.0,,False,,order_finalized,,
91dd97cf-2551-4919-8030-8a77d9b144bf,0e902e4b-d4f3-4ca9-8386-fb2b9fc260e4,https://api.robinhood.com/orders/91dd97cf-2551-4919-8030-8a77d9b144bf/,https://api.robinhood.com/accounts/5SE25445/,fa785cc9-e75d-40e1-ad49-9dad4a009457,https://api.robinhood.com/positions/5SE25445/7a1674ac-e43f-411c-ab00-eaa4acc32205/,,https://api.robinhood.com/instruments/7a1674ac-e43f-411c-ab00-eaa4acc32205/,7a1674ac-e43f-411c-ab00-eaa4acc32205,1.00000000,2.82000000,0.02,filled,filled,,market,sell,gfd,immediate,,,1.00000000,,2019-01-25T19:16:23.167057Z,2019-01-25T19:16:23.509462Z,2019-01-25T19:16:23.267000Z,"[{'price': '2.81990000', 'quantity': '1.00000000', 'rounded_notional': None, 'settlement_date': '2019-01-29', 'timestamp': '2019-01-25T19:16:23.267000Z', 'id': '41e1150d-96ee-4e75-94bf-4ea4e3c2febf', 'ipo_access_execution_rank': None, 'trade_execution_date': None}]",False,regular_hours,False,False,,,,,,,,,"{'amount': '2.82', 'currency_code': 'USD', 'currency_id': '1072fc76-1862-41ab-82c2-485837590762'}",,False,,,,,,False,True,False,True,0,,,2.0,,False,,order_finalized,,
051038d0-f20e-4365-af53-0e085a9c6d55,af0d0382-3b07-4432-86d5-d99f4737a76f,https://api.robinhood.com/orders/051038d0-f20e-4365-af53-0e085a9c6d55/,https://api.robinhood.com/accounts/5SE25445/,fa785cc9-e75d-40e1-ad49-9dad4a009457,https://api.robinhood.com/positions/5SE25445/9f371d3f-bccd-45fa-83fc-59c28229c494/,,https://api.robinhood.com/instruments/9f371d3f-bccd-45fa-83fc-59c28229c494/,9f371d3f-bccd-45fa-83fc-59c28229c494,1.00000000,25.91000000,0.00,filled,filled,,market,buy,gfd,immediate,27.20000000,,1.00000000,,2019-01-25T19:14:59.132242Z,2019-01-25T19:14:59.509627Z,2019-01-25T19:14:59.247000Z,"[{'price': '25.91000000', 'quantity': '1.00000000', 'rounded_notional': None, 'settlement_date': '2019-01-29', 'timestamp': '2019-01-25T19:14:59.247000Z', 'id': '3a95bad4-e5db-48fe-8172-011a6907daf9', 'ipo_access_execution_rank': None, 'trade_execution_date': None}]",False,regular_hours,False,False,,,,,,,,"{'amount': '27.20', 'currency_code': 'USD', 'currency_id': '1072fc76-1862-41ab-82c2-485837590762'}","{'amount': '25.91', 'currency_code': 'USD', 'currency_id': '1072fc76-1862-41ab-82c2-485837590762'}",,False,,,,,,False,True,False,True,0,,,2.0,,False,,order_finalized,,
63819f52-2076-4ec2-95c6-a4a3af480982,6e63cd04-505b-40d9-9f6c-d1671026ec9e,https://api.robinhood.com/orders/63819f52-2076-4ec2-95c6-a4a3af480982/,https://api.robinhood.com/accounts/5SE25445/,fa785cc9-e75d-40e1-ad49-9dad4a009457,https://api.robinhood.com/positions/5SE25445/b003dff4-7071-46ae-9a8d-6e4b4222edf0/,,https://api.robinhood.com/instruments/b003dff4-7071-46ae-9a8d-6e4b4222edf0/,b003dff4-7071-46ae-9a8d-6e4b4222edf0,2.00000000,7.00000000,0.00,filled,filled,,market,buy,gfd,immediate,7.35000000,,2.00000000,,2019-01-25T19:14:19.621236Z,2019-01-25T19:14:19.943964Z,2019-01-25T19:14:19.704000Z,"[{'price': '7.00000000', 'quantity': '2.00000000', 'rounded_notional': None, 'settlement_date': '2019-01-29', 'timestamp': '2019-01-25T19:14:19.704000Z', 'id': 'cebfb93b-3ba2-405f-a05f-523d4ac80976', 'ipo_access_execution_rank': None, 'trade_execution_date': None}]",False,regular_hours,False,False,,,,,,,,"{'amount': '14.70', 'currency_code': 'USD', 'currency_id': '1072fc76-1862-41ab-82c2-485837590762'}","{'amount': '14.00', 'currency_code': 'USD', 'currency_id': '1072fc76-1862-41ab-82c2-485837590762'}",,False,,,,,,False,True,False,True,0,,,2.0,,False,,order_finalized,,
9c0876e0-82f6-43d6-b07e-8debc85754e2,c285c998-3aa7-4dc1-9459-d3b6a8d3d65e,https://api.robinhood.com/orders/9c0876e0-82f6-43d6-b07e-8debc85754e2/,https://api.robinhood.com/accounts/5SE25445/,fa785cc9-e75d-40e1-ad49-9dad4a009457,https://api.robinhood.com/positions/5SE25445/940fc3f5-1db5-4fed-b452-f3a2e4562b5f/,,https://api.robinhood.com/instruments/940fc3f5-1db5-4fed-b452-f3a2e4562b5f/,940fc3f5-1db5-4fed-b452-f3a2e4562b5f,1.00000000,21.90000000,0.00,filled,filled,,market,buy,gfd,immediate,22.97000000,,1.00000000,,2019-01-25T19:09:16.990477Z,2019-01-25T19:09:17.415182Z,2019-01-25T19:09:17.152000Z,"[{'price': '21.90000000', 'quantity': '1.00000000', 'rounded_notional': None, 'settlement_date': '2019-01-29', 'timestamp': '2019-01-25T19:09:17.152000Z', 'id': 'b553a809-9766-4d66-b134-701ce64d6a2d', 'ipo_access_execution_rank': None, 'trade_execution_date': None}]",False,regular_hours,False,False,,,,,,,,"{'amount': '22.97', 'currency_code': 'USD', 'currency_id': '1072fc76-1862-41ab-82c2-485837590762'}","{'amount': '21.90', 'currency_code': 'USD', 'currency_id': '1072fc76-1862-41ab-82c2-485837590762'}",,False,,,,,,False,True,False,True,0,,,2.0,,False,,order_finalized,,
ab99dbb5-6500-4c31-9fc9-5497436aa873,7572b198-45c7-4394-8e33-5c56a5e5d9ce,https://api.robinhood.com/orders/ab99dbb5-6500-4c31-9fc9-5497436aa873/,https://api.robinhood.com/accounts/5SE25445/,fa785cc9-e75d-40e1-ad49-9dad4a009457,https://api.robinhood.com/positions/5SE25445/68487b7f-91bb-41be-b1df-3af37e6ae38f/,,https://api.robinhood.com/instruments/68487b7f-91bb-41be-b1df-3af37e6ae38f/,68487b7f-91bb-41be-b1df-3af37e6ae38f,1.00000000,16.13000000,0.00,filled,filled,,market,buy,gfd,immediate,16.91000000,,1.00000000,,2019-01-25T19:04:32.137491Z,2019-01-25T19:04:32.535883Z,2019-01-25T19:04:32.317000Z,"[{'price': '16.12650000', 'quantity': '1.00000000', 'rounded_notional': None, 'settlement_date': '2019-01-29', 'timestamp': '2019-01-25T19:04:32.317000Z', 'id': '9f2e98df-b80f-44f9-bc38-8fa7027af89f', 'ipo_access_execution_rank': None, 'trade_execution_date': None}]",False,regular_hours,False,False,,,,,,,,"{'amount': '16.91', 'currency_code': 'USD', 'currency_id': '1072fc76-1862-41ab-82c2-485837590762'}","{'amount': '16.13', 'currency_code': 'USD', 'currency_id': '1072fc76-1862-41ab-82c2-485837590762'}",,False,,,,,,False,True,False,True,0,,,2.0,,False,,order_finalized,,
daef3481-3168-4146-abdb-78cf48abd10a,dff87a62-203b-4562-a112-9223209984b3,https://api.robinhood.com/orders/daef3481-3168-4146-abdb-78cf48abd10a/,https://api.robinhood.com/accounts/5SE25445/,fa785cc9-e75d-40e1-ad49-9dad4a009457,https://api.robinhood.com/positions/5SE25445/846ae64b-c4dd-432c-9f26-44afd60ed82b/,,https://api.robinhood.com/instruments/846ae64b-c4dd-432c-9f26-44afd60ed82b/,846ae64b-c4dd-432c-9f26-44afd60ed82b,1.00000000,59.15000000,0.00,filled,filled,,market,buy,gfd,immediate,61.94000000,,1.00000000,,2019-01-25T19:00:49.022159Z,2019-01-25T19:00:49.387420Z,2019-01-25T19:00:49.173000Z,"[{'price': '59.14560000', 'quantity': '1.00000000', 'rounded_notional': None, 'settlement_date': '2019-01-29', 'timestamp': '2019-01-25T19:00:49.173000Z', 'id': 'c9ac50f9-1edf-4e07-b22c-de3593e72745', 'ipo_access_execution_rank': None, 'trade_execution_date': None}]",False,regular_hours,False,False,,,,,,,,"{'amount': '61.94', 'currency_code': 'USD', 'currency_id': '1072fc76-1862-41ab-82c2-485837590762'}","{'amount': '59.15', 'currency_code': 'USD', 'currency_id': '1072fc76-1862-41ab-82c2-485837590762'}",,False,,,,,,False,True,False,True,0,,,2.0,,False,,order_finalized,,
e715520c-187d-4357-afdd-59347b147418,9589771a-307e-4d6d-ab88-b8689ccfc445,https://api.robinhood.com/orders/e715520c-187d-4357-afdd-59347b147418/,https://api.robinhood.com/accounts/5SE25445/,fa785cc9-e75d-40e1-ad49-9dad4a009457,https://api.robinhood.com/positions/5SE25445/68487b7f-91bb-41be-b1df-3af37e6ae38f/,,https://api.robinhood.com/instruments/68487b7f-91bb-41be-b1df-3af37e6ae38f/,68487b7f-91bb-41be-b1df-3af37e6ae38f,1.00000000,16.09000000,0.00,filled,filled,,market,buy,gfd,immediate,16.89000000,,1.00000000,,2019-01-25T18:59:51.292436Z,2019-01-25T18:59:51.707930Z,2019-01-25T18:59:51.480000Z,"[{'price': '16.08650000', 'quantity': '1.00000000', 'rounded_notional': None, 'settlement_date': '2019-01-29', 'timestamp': '2019-01-25T18:59:51.480000Z', 'id': '8a2d06da-6e62-42d6-a90d-acff992ea65a', 'ipo_access_execution_rank': None, 'trade_execution_date': None}]",False,regular_hours,False,False,,,,,,,,"{'amount': '16.89', 'currency_code': 'USD', 'currency_id': '1072fc76-1862-41ab-82c2-485837590762'}","{'amount': '16.09', 'currency_code': 'USD', 'currency_id': '1072fc76-1862-41ab-82c2-485837590762'}",,False,,,,,,False,True,False,True,0,,,2.0,,False,,order_finalized,,
ff25db43-7f0e-4889-a926-168d140ff0f1,30096f61-ae13-4054-9ece-0cbcb03a11ed,https://api.robinhood.com/orders/ff25db43-7f0e-4889-a926-168d140ff0f1/,https://api.robinhood.com/accounts/5SE25445/,fa785cc9-e75d-40e1-ad49-9dad4a009457,https://api.robinhood.com/positions/5SE25445/72eaf09c-d48d-4252-9968-8f57eaa19d05/,,https://api.robinhood.com/instruments/72eaf09c-d48d-4252-9968-8f57eaa19d05/,72eaf09c-d48d-4252-9968-8f57eaa19d05,1.00000000,48.93000000,0.00,filled,filled,,market,buy,gfd,immediate,51.35000000,,1.00000000,,2019-01-25T18:57:15.405107Z,2019-01-25T18:57:15.852969Z,2019-01-25T18:57:15.554000Z,"[{'price': '48.92640000', 'quantity': '1.00000000', 'rounded_notional': None, 'settlement_date': '2019-01-29', 'timestamp': '2019-01-25T18:57:15.554000Z', 'id': '4f2fc899-2459-4397-a4a6-8947ced27ad6', 'ipo_access_execution_rank': None, 'trade_execution_date': None}]",False,regular_hours,False,False,,,,,,,,"{'amount': '51.35', 'currency_code': 'USD', 'currency_id': '1072fc76-1862-41ab-82c2-485837590762'}","{'amount': '48.93', 'currency_code': 'USD', 'currency_id': '1072fc76-1862-41ab-82c2-485837590762'}",,False,,,,,,False,True,False,True,0,,,2.0,,False,,order_finalized,,
36a0c9d9-866f-4c12-b618-4256051b96c8,c0976b8f-2f1d-4577-81b9-50c58f132e5e,https://api.robinhood.com/orders/36a0c9d9-866f-4c12-b618-4256051b96c8/,https://api.robinhood.com/accounts/5SE25445/,fa785cc9-e75d-40e1-ad49-9dad4a009457,https://api.robinhood.com/positions/5SE25445/e988f084-7653-4e65-8768-b3b7d24d6290/,,https://api.robinhood.com/instruments/e988f084-7653-4e65-8768-b3b7d24d6290/,e988f084-7653-4e65-8768-b3b7d24d6290,1.00000000,175.37000000,0.02,filled,filled,,market,sell,gfd,immediate,,,1.00000000,,2019-01-25T18:45:57.984706Z,2019-01-25T18:45:58.499200Z,2019-01-25T18:45:58.255000Z,"[{'price': '175.37010000', 'quantity': '1.00000000', 'rounded_notional': None, 'settlement_date': '2019-01-29', 'timestamp': '2019-01-25T18:45:58.255000Z', 'id': 'b88d8cc7-71b8-4062-acd0-5d037f68e316', 'ipo_access_execution_rank': None, 'trade_execution_date': None}]",False,regular_hours,False,False,,,,,,,,,"{'amount': '175.37', 'currency_code': 'USD', 'currency_id': '1072fc76-1862-41ab-82c2-485837590762'}",,False,,,,,,False,True,False,True,0,,,2.0,,False,,order_finalized,,
563ec85c-e492-4792-b7bf-63cd4cb3bacc,52308624-a2cd-4495-ae9e-d502fe65d5ec,https://api.robinhood.com/orders/563ec85c-e492-4792-b7bf-63cd4cb3bacc/,https://api.robinhood.com/accounts/5SE25445/,fa785cc9-e75d-40e1-ad49-9dad4a009457,https://api.robinhood.com/positions/5SE25445/f71123c6-d1de-4e1f-8045-55c474bd54e1/,,https://api.robinhood.com/instruments/f71123c6-d1de-4e1f-8045-55c474bd54e1/,f71123c6-d1de-4e1f-8045-55c474bd54e1,1.00000000,1.73000000,0.02,filled,filled,,market,sell,gfd,immediate,,,1.00000000,,2019-01-25T18:45:13.459779Z,2019-01-25T18:45:13.979728Z,2019-01-25T18:45:13.706000Z,"[{'price': '1.73010000', 'quantity': '1.00000000', 'rounded_notional': None, 'settlement_date': '2019-01-29', 'timestamp': '2019-01-25T18:45:13.706000Z', 'id': '71b4ed10-ced5-46fa-96b5-9bd94cf006b0', 'ipo_access_execution_rank': None, 'trade_execution_date': None}]",False,regular_hours,False,False,,,,,,,,,"{'amount': '1.73', 'currency_code': 'USD', 'currency_id': '1072fc76-1862-41ab-82c2-485837590762'}",,False,,,,,,False,True,False,True,0,,,2.0,,False,,order_finalized,,
c491fcc0-83a0-4670-99b0-f9c85e105a2f,8f60c5b4-dfef-4ad0-9464-4ede7d712988,https://api.robinhood.com/orders/c491fcc0-83a0-4670-99b0-f9c85e105a2f/,https://api.robinhood.com/accounts/5SE25445/,fa785cc9-e75d-40e1-ad49-9dad4a009457,https://api.robinhood.com/positions/5SE25445/e5016f28-0d89-45a2-a791-4ad20b692b8d/,,https://api.robinhood.com/instruments/e5016f28-0d89-45a2-a791-4ad20b692b8d/,e5016f28-0d89-45a2-a791-4ad20b692b8d,2.00000000,19.88000000,0.02,filled,filled,,market,sell,gfd,immediate,,,2.00000000,,2019-01-25T18:44:30.767808Z,2019-01-25T18:44:31.223061Z,2019-01-25T18:44:30.978000Z,"[{'price': '19.88000000', 'quantity': '2.00000000', 'rounded_notional': None, 'settlement_date': '2019-01-29', 'timestamp': '2019-01-25T18:44:30.978000Z', 'id': '1057be05-9a98-48b1-a88c-7e1d6dde0da6', 'ipo_access_execution_rank': None, 'trade_execution_date': None}]",False,regular_hours,False,False,,,,,,,,,"{'amount': '39.76', 'currency_code': 'USD', 'currency_id': '1072fc76-1862-41ab-82c2-485837590762'}",,False,,,,,,False,True,False,True,0,,,2.0,,False,,order_finalized,,
31d4fc6a-2339-47c9-b32e-0f7a938eaf4e,80a02b8a-b0f3-459e-805a-e0dc4b08aacf,https://api.robinhood.com/orders/31d4fc6a-2339-47c9-b32e-0f7a938eaf4e/,https://api.robinhood.com/accounts/5SE25445/,fa785cc9-e75d-40e1-ad49-9dad4a009457,https://api.robinhood.com/positions/5SE25445/1e513292-5926-4dc4-8c3d-4af6b5836704/,,https://api.robinhood.com/instruments/1e513292-5926-4dc4-8c3d-4af6b5836704/,1e513292-5926-4dc4-8c3d-4af6b5836704,1.00000000,6.36000000,0.02,filled,filled,,market,sell,gfd,immediate,,,1.00000000,,2019-01-25T18:43:53.470581Z,2019-01-25T18:43:53.991636Z,2019-01-25T18:43:53.737000Z,"[{'price': '6.36020000', 'quantity': '1.00000000', 'rounded_notional': None, 'settlement_date': '2019-01-29', 'timestamp': '2019-01-25T18:43:53.737000Z', 'id': '307428c4-e7bd-4cfe-9892-729b03ca214f', 'ipo_access_execution_rank': None, 'trade_execution_date': None}]",False,regular_hours,False,False,,,,,,,,,"{'amount': '6.36', 'currency_code': 'USD', 'currency_id': '1072fc76-1862-41ab-82c2-485837590762'}",,False,,,,,,False,True,False,True,0,,,2.0,,False,,order_finalized,,
8bd86ee3-07c3-4236-95d3-8f8b316fb35e,9a9acef7-c585-4804-8324-913763ef55d5,https://api.robinhood.com/orders/8bd86ee3-07c3-4236-95d3-8f8b316fb35e/,https://api.robinhood.com/accounts/5SE25445/,fa785cc9-e75d-40e1-ad49-9dad4a009457,https://api.robinhood.com/positions/5SE25445/ad059c69-0c1c-4c6b-8322-f53f1bbd69d4/,,https://api.robinhood.com/instruments/ad059c69-0c1c-4c6b-8322-f53f1bbd69d4/,ad059c69-0c1c-4c6b-8322-f53f1bbd69d4,1.00000000,47.14000000,0.02,filled,filled,,market,sell,gfd,immediate,,,1.00000000,,2019-01-25T18:42:48.819846Z,2019-01-25T18:42:49.369165Z,2019-01-25T18:42:49.094000Z,"[{'price': '47.14000000', 'quantity': '1.00000000', 'rounded_notional': None, 'settlement_date': '2019-01-29', 'timestamp': '2019-01-25T18:42:49.094000Z', 'id': 'cc563a6a-dac6-4380-bc9d-ef517c49511b', 'ipo_access_execution_rank': None, 'trade_execution_date': None}]",False,regular_hours,False,False,,,,,,,,,"{'amount': '47.14', 'currency_code': 'USD', 'currency_id': '1072fc76-1862-41ab-82c2-485837590762'}",,False,,,,,,False,True,False,True,0,,,2.0,,False,,order_finalized,,
83bdadf0-e48a-4a7a-b62e-302af39520a2,814d1e66-b413-4b01-bd7e-66e971ac1b39,https://api.robinhood.com/orders/83bdadf0-e48a-4a7a-b62e-302af39520a2/,https://api.robinhood.com/accounts/5SE25445/,fa785cc9-e75d-40e1-ad49-9dad4a009457,https://api.robinhood.com/positions/5SE25445/b4bec397-894b-4c7a-8f6d-ea07ccc5c844/,,https://api.robinhood.com/instruments/b4bec397-894b-4c7a-8f6d-ea07ccc5c844/,b4bec397-894b-4c7a-8f6d-ea07ccc5c844,2.00000000,0.67500000,0.02,filled,filled,,market,sell,gfd,immediate,,,2.00000000,,2019-01-25T18:37:55.817928Z,2019-01-25T18:37:56.268130Z,2019-01-25T18:37:55.977000Z,"[{'price': '0.67730300', 'quantity': '2.00000000', 'rounded_notional': None, 'settlement_date': '2019-01-29', 'timestamp': '2019-01-25T18:37:55.977000Z', 'id': 'f4f4a738-cae1-4abd-9b8b-dd8307f01d6c', 'ipo_access_execution_rank': None, 'trade_execution_date': None}]",False,regular_hours,False,False,,,,,,,,,"{'amount': '1.35', 'currency_code': 'USD', 'currency_id': '1072fc76-1862-41ab-82c2-485837590762'}",,False,,,,,,False,True,False,True,0,,,2.0,,False,,order_finalized,,
4bec49e4-50bd-46c1-a8ce-e79a2743b584,ccc7baad-804f-40cd-872b-44ad401179b7,https://api.robinhood.com/orders/4bec49e4-50bd-46c1-a8ce-e79a2743b584/,https://api.robinhood.com/accounts/5SE25445/,fa785cc9-e75d-40e1-ad49-9dad4a009457,https://api.robinhood.com/positions/5SE25445/b4dc4541-4915-4fa5-9d63-ba15c48da412/,,https://api.robinhood.com/instruments/b4dc4541-4915-4fa5-9d63-ba15c48da412/,b4dc4541-4915-4fa5-9d63-ba15c48da412,1.00000000,3.48000000,0.02,filled,filled,,market,sell,gfd,immediate,,,1.00000000,,2019-01-25T18:37:36.596723Z,2019-01-25T18:37:36.955457Z,2019-01-25T18:37:36.724000Z,"[{'price': '3.48150000', 'quantity': '1.00000000', 'rounded_notional': None, 'settlement_date': '2019-01-29', 'timestamp': '2019-01-25T18:37:36.724000Z', 'id': '490e126f-56b7-4de2-bdea-8e9042809d1a', 'ipo_access_execution_rank': None, 'trade_execution_date': None}]",False,regular_hours,False,False,,,,,,,,,"{'amount': '3.48', 'currency_code': 'USD', 'currency_id': '1072fc76-1862-41ab-82c2-485837590762'}",,False,,,,,,False,True,False,True,0,,,2.0,,False,,order_finalized,,
0de29307-9aae-488a-ad62-ae7f347a54f8,f143b09f-afdf-4eac-bbbe-07c46df52f74,https://api.robinhood.com/orders/0de29307-9aae-488a-ad62-ae7f347a54f8/,https://api.robinhood.com/accounts/5SE25445/,fa785cc9-e75d-40e1-ad49-9dad4a009457,https://api.robinhood.com/positions/5SE25445/de0e6dc1-ca4d-4df7-a07e-baad8b1fcc11/,,https://api.robinhood.com/instruments/de0e6dc1-ca4d-4df7-a07e-baad8b1fcc11/,de0e6dc1-ca4d-4df7-a07e-baad8b1fcc11,1.00000000,141.19000000,0.00,filled,filled,,market,buy,gfd,immediate,148.20000000,,1.00000000,,2019-01-24T20:05:48.065732Z,2019-01-24T20:05:48.438713Z,2019-01-24T20:05:48.187000Z,"[{'price': '141.19000000', 'quantity': '1.00000000', 'rounded_notional': None, 'settlement_date': '2019-01-28', 'timestamp': '2019-01-24T20:05:48.187000Z', 'id': 'fea46bf0-6ddd-407f-92b8-8814a81b3496', 'ipo_access_execution_rank': None, 'trade_execution_date': None}]",False,regular_hours,False,False,,,,,,,,"{'amount': '148.20', 'currency_code': 'USD', 'currency_id': '1072fc76-1862-41ab-82c2-485837590762'}","{'amount': '141.19', 'currency_code': 'USD', 'currency_id': '1072fc76-1862-41ab-82c2-485837590762'}",,False,,,,,,False,True,False,True,0,,,2.0,,False,,order_finalized,,
f6d2c283-1566-4690-a17c-945b59d6ff87,737e2690-1f4e-4d9b-bc60-fabce2e0b825,https://api.robinhood.com/orders/f6d2c283-1566-4690-a17c-945b59d6ff87/,https://api.robinhood.com/accounts/5SE25445/,fa785cc9-e75d-40e1-ad49-9dad4a009457,https://api.robinhood.com/positions/5SE25445/9f371d3f-bccd-45fa-83fc-59c28229c494/,,https://api.robinhood.com/instruments/9f371d3f-bccd-45fa-83fc-59c28229c494/,9f371d3f-bccd-45fa-83fc-59c28229c494,1.00000000,25.02000000,0.00,filled,filled,,market,buy,gfd,immediate,26.26000000,,1.00000000,,2019-01-22T19:10:12.478839Z,2019-01-22T19:10:12.818072Z,2019-01-22T19:10:12.574000Z,"[{'price': '25.02000000', 'quantity': '1.00000000', 'rounded_notional': None, 'settlement_date': '2019-01-24', 'timestamp': '2019-01-22T19:10:12.574000Z', 'id': 'af508fd9-bbf3-4cf9-a0f2-3a666b216d2e', 'ipo_access_execution_rank': None, 'trade_execution_date': None}]",False,regular_hours,False,False,,,,,,,,"{'amount': '26.26', 'currency_code': 'USD', 'currency_id': '1072fc76-1862-41ab-82c2-485837590762'}","{'amount': '25.02', 'currency_code': 'USD', 'currency_id': '1072fc76-1862-41ab-82c2-485837590762'}",,False,,,,,,False,True,False,True,0,,,2.0,,False,,order_finalized,,
a2514e4f-f3f9-483d-978e-e230a824bb76,76110ebc-cd67-452d-b5eb-3dbb72ddf080,https://api.robinhood.com/orders/a2514e4f-f3f9-483d-978e-e230a824bb76/,https://api.robinhood.com/accounts/5SE25445/,fa785cc9-e75d-40e1-ad49-9dad4a009457,https://api.robinhood.com/positions/5SE25445/0dd811b3-7047-448d-96e0-7bf6ee4cfe45/,,https://api.robinhood.com/instruments/0dd811b3-7047-448d-96e0-7bf6ee4cfe45/,0dd811b3-7047-448d-96e0-7bf6ee4cfe45,1.00000000,29.37000000,0.02,filled,filled,,market,sell,gfd,immediate,,,1.00000000,,2019-01-18T17:48:16.415085Z,2019-01-18T17:48:17.012378Z,2019-01-18T17:48:16.735000Z,"[{'price': '29.37010000', 'quantity': '1.00000000', 'rounded_notional': None, 'settlement_date': '2019-01-23', 'timestamp': '2019-01-18T17:48:16.735000Z', 'id': '44c6ea89-dae9-459d-a8e7-7c4b448df2dd', 'ipo_access_execution_rank': None, 'trade_execution_date': None}]",False,regular_hours,False,False,,,,,,,,,"{'amount': '29.37', 'currency_code': 'USD', 'currency_id': '1072fc76-1862-41ab-82c2-485837590762'}",,False,,,,,,False,True,False,True,0,,,2.0,,False,,order_finalized,,
984d35e8-7ab0-4058-886d-7757df46ac1a,8d7219af-9859-4bca-b2d5-9abf7e8eb7f7,https://api.robinhood.com/orders/984d35e8-7ab0-4058-886d-7757df46ac1a/,https://api.robinhood.com/accounts/5SE25445/,fa785cc9-e75d-40e1-ad49-9dad4a009457,https://api.robinhood.com/positions/5SE25445/509c52c6-84b3-4dbf-910f-060aba7f8125/,,https://api.robinhood.com/instruments/509c52c6-84b3-4dbf-910f-060aba7f8125/,509c52c6-84b3-4dbf-910f-060aba7f8125,1.00000000,5.93000000,0.02,filled,filled,,market,sell,gfd,immediate,,,1.00000000,,2019-01-18T17:22:54.946465Z,2019-01-18T17:22:55.471794Z,2019-01-18T17:22:55.183000Z,"[{'price': '5.93090000', 'quantity': '1.00000000', 'rounded_notional': None, 'settlement_date': '2019-01-23', 'timestamp': '2019-01-18T17:22:55.183000Z', 'id': 'f60b42ce-0a27-4490-a685-bd9f665c952f', 'ipo_access_execution_rank': None, 'trade_execution_date': None}]",False,regular_hours,False,False,,,,,,,,,"{'amount': '5.93', 'currency_code': 'USD', 'currency_id': '1072fc76-1862-41ab-82c2-485837590762'}",,False,,,,,,False,True,False,True,0,,,2.0,,False,,order_finalized,,
9c422ac9-f9f9-4e73-a79a-8054a8255948,7a5e144d-761e-41ec-aa01-c0229edf5a6a,https://api.robinhood.com/orders/9c422ac9-f9f9-4e73-a79a-8054a8255948/,https://api.robinhood.com/accounts/5SE25445/,fa785cc9-e75d-40e1-ad49-9dad4a009457,https://api.robinhood.com/positions/5SE25445/71d81e7d-783c-4b8c-b574-ee50fcc4ce3a/,,https://api.robinhood.com/instruments/71d81e7d-783c-4b8c-b574-ee50fcc4ce3a/,71d81e7d-783c-4b8c-b574-ee50fcc4ce3a,1.00000000,6.26000000,0.02,filled,filled,,market,sell,gfd,immediate,,,1.00000000,,2019-01-18T17:22:15.989147Z,2019-01-18T17:22:16.514694Z,2019-01-18T17:22:16.284000Z,"[{'price': '6.26240000', 'quantity': '1.00000000', 'rounded_notional': None, 'settlement_date': '2019-01-23', 'timestamp': '2019-01-18T17:22:16.284000Z', 'id': '00cb9c41-93df-4037-bcf3-9f0f2418e848', 'ipo_access_execution_rank': None, 'trade_execution_date': None}]",False,regular_hours,False,False,,,,,,,,,"{'amount': '6.26', 'currency_code': 'USD', 'currency_id': '1072fc76-1862-41ab-82c2-485837590762'}",,False,,,,,,False,True,False,True,0,,,2.0,,False,,order_finalized,,
3efb6c77-1614-408a-b128-698af335406a,1cec0b4e-06cd-441a-9ceb-95ffe79b0448,https://api.robinhood.com/orders/3efb6c77-1614-408a-b128-698af335406a/,https://api.robinhood.com/accounts/5SE25445/,fa785cc9-e75d-40e1-ad49-9dad4a009457,https://api.robinhood.com/positions/5SE25445/af631bf4-c00e-4dcd-847a-70f18ac48a8c/,,https://api.robinhood.com/instruments/af631bf4-c00e-4dcd-847a-70f18ac48a8c/,af631bf4-c00e-4dcd-847a-70f18ac48a8c,1.00000000,7.30000000,0.02,filled,filled,,market,sell,gfd,immediate,,,1.00000000,,2019-01-18T17:21:17.221502Z,2019-01-18T17:21:18.067423Z,2019-01-18T17:21:17.824000Z,"[{'price': '7.30440000', 'quantity': '1.00000000', 'rounded_notional': None, 'settlement_date': '2019-01-23', 'timestamp': '2019-01-18T17:21:17.824000Z', 'id': 'db109345-3dea-4481-8887-2a1034cec7a3', 'ipo_access_execution_rank': None, 'trade_execution_date': None}]",False,regular_hours,False,False,,,,,,,,,"{'amount': '7.30', 'currency_code': 'USD', 'currency_id': '1072fc76-1862-41ab-82c2-485837590762'}",,False,,,,,,False,True,False,True,0,,,2.0,,False,,order_finalized,,
b67da639-983e-44b8-99dc-8426c4bfcb2e,43f39df7-e981-41b9-a0ca-9f5ea426437d,https://api.robinhood.com/orders/b67da639-983e-44b8-99dc-8426c4bfcb2e/,https://api.robinhood.com/accounts/5SE25445/,fa785cc9-e75d-40e1-ad49-9dad4a009457,https://api.robinhood.com/positions/5SE25445/ebab2398-028d-4939-9f1d-13bf38f81c50/,,https://api.robinhood.com/instruments/ebab2398-028d-4939-9f1d-13bf38f81c50/,ebab2398-028d-4939-9f1d-13bf38f81c50,1.00000000,151.82000000,0.02,filled,filled,,market,sell,gfd,immediate,,,1.00000000,,2019-01-18T17:17:36.912341Z,2019-01-18T17:17:37.473048Z,2019-01-18T17:17:37.237000Z,"[{'price': '151.82000000', 'quantity': '1.00000000', 'rounded_notional': None, 'settlement_date': '2019-01-23', 'timestamp': '2019-01-18T17:17:37.237000Z', 'id': '5a99f177-99db-4cc7-8d78-7747c2d2486a', 'ipo_access_execution_rank': None, 'trade_execution_date': None}]",False,regular_hours,False,False,,,,,,,,,"{'amount': '151.82', 'currency_code': 'USD', 'currency_id': '1072fc76-1862-41ab-82c2-485837590762'}",,False,,,,,,False,True,False,True,0,,,2.0,,False,,order_finalized,,
1ded5a41-f706-4495-a710-74f046a1e339,9b05ab8e-8247-416e-bc85-60d0f43dbfd2,https://api.robinhood.com/orders/1ded5a41-f706-4495-a710-74f046a1e339/,https://api.robinhood.com/accounts/5SE25445/,fa785cc9-e75d-40e1-ad49-9dad4a009457,https://api.robinhood.com/positions/5SE25445/b4bec397-894b-4c7a-8f6d-ea07ccc5c844/,,https://api.robinhood.com/instruments/b4bec397-894b-4c7a-8f6d-ea07ccc5c844/,b4bec397-894b-4c7a-8f6d-ea07ccc5c844,2.00000000,0.70000000,0.00,filled,filled,,limit,buy,gtc,immediate,0.71000000,,2.00000000,,2019-01-14T21:01:08.968956Z,2019-01-15T14:30:07.128817Z,2019-01-15T14:30:00.807000Z,"[{'price': '0.70100000', 'quantity': '2.00000000', 'rounded_notional': None, 'settlement_date': '2019-01-17', 'timestamp': '2019-01-15T14:30:00.807000Z', 'id': '32266982-e954-4dd6-ac89-5c01e4133463', 'ipo_access_execution_rank': None, 'trade_execution_date': None}]",False,regular_hours,False,False,,,,,,,,"{'amount': '1.42', 'currency_code': 'USD', 'currency_id': '1072fc76-1862-41ab-82c2-485837590762'}","{'amount': '1.40', 'currency_code': 'USD', 'currency_id': '1072fc76-1862-41ab-82c2-485837590762'}",,False,,,,,,False,True,False,True,0,,,2.0,,False,,order_finalized,,
463cfa9c-9ad6-429b-882b-ef1c2f5bbbe0,e608f7f2-602d-440a-97f6-56ef1e294524,https://api.robinhood.com/orders/463cfa9c-9ad6-429b-882b-ef1c2f5bbbe0/,https://api.robinhood.com/accounts/5SE25445/,fa785cc9-e75d-40e1-ad49-9dad4a009457,https://api.robinhood.com/positions/5SE25445/f71123c6-d1de-4e1f-8045-55c474bd54e1/,,https://api.robinhood.com/instruments/f71123c6-d1de-4e1f-8045-55c474bd54e1/,f71123c6-d1de-4e1f-8045-55c474bd54e1,1.00000000,1.63000000,0.00,filled,filled,,market,buy,gfd,immediate,1.71000000,,1.00000000,,2019-01-14T20:56:58.908203Z,2019-01-14T20:56:59.471425Z,2019-01-14T20:56:59.051000Z,"[{'price': '1.62780000', 'quantity': '1.00000000', 'rounded_notional': None, 'settlement_date': '2019-01-16', 'timestamp': '2019-01-14T20:56:59.051000Z', 'id': 'a1019f7a-3704-468d-b65f-85ace90039db', 'ipo_access_execution_rank': None, 'trade_execution_date': None}]",False,regular_hours,False,False,,,,,,,,"{'amount': '1.71', 'currency_code': 'USD', 'currency_id': '1072fc76-1862-41ab-82c2-485837590762'}","{'amount': '1.63', 'currency_code': 'USD', 'currency_id': '1072fc76-1862-41ab-82c2-485837590762'}",,False,,,,,,False,True,False,True,0,,,2.0,,False,,order_finalized,,
f10f0863-5ef9-4b16-8ea5-4a60342b727d,1505cda2-287c-4560-b890-a40a012487d4,https://api.robinhood.com/orders/f10f0863-5ef9-4b16-8ea5-4a60342b727d/,https://api.robinhood.com/accounts/5SE25445/,fa785cc9-e75d-40e1-ad49-9dad4a009457,https://api.robinhood.com/positions/5SE25445/b4dc4541-4915-4fa5-9d63-ba15c48da412/,,https://api.robinhood.com/instruments/b4dc4541-4915-4fa5-9d63-ba15c48da412/,b4dc4541-4915-4fa5-9d63-ba15c48da412,1.00000000,3.90000000,0.00,filled,filled,,market,buy,gfd,immediate,4.10000000,,1.00000000,,2019-01-14T20:55:38.591830Z,2019-01-14T20:55:38.987241Z,2019-01-14T20:55:38.757000Z,"[{'price': '3.89730000', 'quantity': '1.00000000', 'rounded_notional': None, 'settlement_date': '2019-01-16', 'timestamp': '2019-01-14T20:55:38.757000Z', 'id': 'eb08574a-356e-4a67-8c46-949484a69cd5', 'ipo_access_execution_rank': None, 'trade_execution_date': None}]",False,regular_hours,False,False,,,,,,,,"{'amount': '4.10', 'currency_code': 'USD', 'currency_id': '1072fc76-1862-41ab-82c2-485837590762'}","{'amount': '3.90', 'currency_code': 'USD', 'currency_id': '1072fc76-1862-41ab-82c2-485837590762'}",,False,,,,,,False,True,False,True,0,,,2.0,,False,,order_finalized,,
1ee7820e-77da-427b-88e2-9094533226c4,d2100f92-4380-4b01-988d-ed534f153e87,https://api.robinhood.com/orders/1ee7820e-77da-427b-88e2-9094533226c4/,https://api.robinhood.com/accounts/5SE25445/,fa785cc9-e75d-40e1-ad49-9dad4a009457,https://api.robinhood.com/positions/5SE25445/1e513292-5926-4dc4-8c3d-4af6b5836704/,,https://api.robinhood.com/instruments/1e513292-5926-4dc4-8c3d-4af6b5836704/,1e513292-5926-4dc4-8c3d-4af6b5836704,1.00000000,6.32000000,0.00,filled,filled,,market,buy,gfd,immediate,6.62000000,,1.00000000,,2019-01-14T20:48:55.103427Z,2019-01-14T20:48:55.579424Z,2019-01-14T20:48:55.253000Z,"[{'price': '6.31990000', 'quantity': '1.00000000', 'rounded_notional': None, 'settlement_date': '2019-01-16', 'timestamp': '2019-01-14T20:48:55.253000Z', 'id': '3e1ea4c8-8202-4b69-8d54-2c20e72dd261', 'ipo_access_execution_rank': None, 'trade_execution_date': None}]",False,regular_hours,False,False,,,,,,,,"{'amount': '6.62', 'currency_code': 'USD', 'currency_id': '1072fc76-1862-41ab-82c2-485837590762'}","{'amount': '6.32', 'currency_code': 'USD', 'currency_id': '1072fc76-1862-41ab-82c2-485837590762'}",,False,,,,,,False,True,False,True,0,,,2.0,,False,,order_finalized,,
f05c5c84-b9c8-4f48-b52c-3e54c5484dea,ce375f8b-96c9-4229-9e31-b8130dba24a0,https://api.robinhood.com/orders/f05c5c84-b9c8-4f48-b52c-3e54c5484dea/,https://api.robinhood.com/accounts/5SE25445/,fa785cc9-e75d-40e1-ad49-9dad4a009457,https://api.robinhood.com/positions/5SE25445/7a1674ac-e43f-411c-ab00-eaa4acc32205/,,https://api.robinhood.com/instruments/7a1674ac-e43f-411c-ab00-eaa4acc32205/,7a1674ac-e43f-411c-ab00-eaa4acc32205,1.00000000,2.80000000,0.00,filled,filled,,market,buy,gfd,immediate,2.91000000,,1.00000000,,2019-01-14T20:48:17.334234Z,2019-01-14T20:48:17.824677Z,2019-01-14T20:48:17.490000Z,"[{'price': '2.79880000', 'quantity': '1.00000000', 'rounded_notional': None, 'settlement_date': '2019-01-16', 'timestamp': '2019-01-14T20:48:17.490000Z', 'id': '8a8a74e0-ffd6-49f3-a4f1-6d0a60f18bf6', 'ipo_access_execution_rank': None, 'trade_execution_date': None}]",False,regular_hours,False,False,,,,,,,,"{'amount': '2.91', 'currency_code': 'USD', 'currency_id': '1072fc76-1862-41ab-82c2-485837590762'}","{'amount': '2.80', 'currency_code': 'USD', 'currency_id': '1072fc76-1862-41ab-82c2-485837590762'}",,False,,,,,,False,True,False,True,0,,,2.0,,False,,order_finalized,,
5f70fc14-9ea7-4fb3-aa29-481e91b97336,4011414c-3077-4c7c-86a6-541ce217bcdf,https://api.robinhood.com/orders/5f70fc14-9ea7-4fb3-aa29-481e91b97336/,https://api.robinhood.com/accounts/5SE25445/,fa785cc9-e75d-40e1-ad49-9dad4a009457,https://api.robinhood.com/positions/5SE25445/b003dff4-7071-46ae-9a8d-6e4b4222edf0/,,https://api.robinhood.com/instruments/b003dff4-7071-46ae-9a8d-6e4b4222edf0/,b003dff4-7071-46ae-9a8d-6e4b4222edf0,1.00000000,6.71000000,0.00,filled,filled,,market,buy,gfd,immediate,7.04000000,,1.00000000,,2019-01-14T20:46:17.990298Z,2019-01-14T20:46:18.396429Z,2019-01-14T20:46:18.153000Z,"[{'price': '6.70990000', 'quantity': '1.00000000', 'rounded_notional': None, 'settlement_date': '2019-01-16', 'timestamp': '2019-01-14T20:46:18.153000Z', 'id': '16b3dab3-0960-4c05-86a8-a79ebded2958', 'ipo_access_execution_rank': None, 'trade_execution_date': None}]",False,regular_hours,False,False,,,,,,,,"{'amount': '7.04', 'currency_code': 'USD', 'currency_id': '1072fc76-1862-41ab-82c2-485837590762'}","{'amount': '6.71', 'currency_code': 'USD', 'currency_id': '1072fc76-1862-41ab-82c2-485837590762'}",,False,,,,,,False,True,False,True,0,,,2.0,,False,,order_finalized,,
6cc0e2d7-1f68-4984-8176-76fcd4e33556,52ef052e-0324-47aa-ba70-0da35fd30ee1,https://api.robinhood.com/orders/6cc0e2d7-1f68-4984-8176-76fcd4e33556/,https://api.robinhood.com/accounts/5SE25445/,fa785cc9-e75d-40e1-ad49-9dad4a009457,https://api.robinhood.com/positions/5SE25445/af631bf4-c00e-4dcd-847a-70f18ac48a8c/,,https://api.robinhood.com/instruments/af631bf4-c00e-4dcd-847a-70f18ac48a8c/,af631bf4-c00e-4dcd-847a-70f18ac48a8c,1.00000000,8.34000000,0.00,filled,filled,,market,buy,gfd,immediate,8.73000000,,1.00000000,,2019-01-14T20:45:10.343334Z,2019-01-14T20:45:10.662753Z,2019-01-14T20:45:10.442000Z,"[{'price': '8.33710000', 'quantity': '1.00000000', 'rounded_notional': None, 'settlement_date': '2019-01-16', 'timestamp': '2019-01-14T20:45:10.442000Z', 'id': 'd2cf87e1-5c0d-4c47-86bc-473f88b7455c', 'ipo_access_execution_rank': None, 'trade_execution_date': None}]",False,regular_hours,False,False,,,,,,,,"{'amount': '8.73', 'currency_code': 'USD', 'currency_id': '1072fc76-1862-41ab-82c2-485837590762'}","{'amount': '8.34', 'currency_code': 'USD', 'currency_id': '1072fc76-1862-41ab-82c2-485837590762'}",,False,,,,,,False,True,False,True,0,,,2.0,,False,,order_finalized,,
4e586465-c928-4eef-aa28-441c32a0cc38,cde6f731-7835-4b1c-adc7-ef2c99d069ad,https://api.robinhood.com/orders/4e586465-c928-4eef-aa28-441c32a0cc38/,https://api.robinhood.com/accounts/5SE25445/,fa785cc9-e75d-40e1-ad49-9dad4a009457,https://api.robinhood.com/positions/5SE25445/509c52c6-84b3-4dbf-910f-060aba7f8125/,,https://api.robinhood.com/instruments/509c52c6-84b3-4dbf-910f-060aba7f8125/,509c52c6-84b3-4dbf-910f-060aba7f8125,1.00000000,6.00000000,0.00,filled,filled,,market,buy,gfd,immediate,6.28000000,,1.00000000,,2019-01-14T20:37:14.240539Z,2019-01-14T20:37:14.598698Z,2019-01-14T20:37:14.325000Z,"[{'price': '6.00000000', 'quantity': '1.00000000', 'rounded_notional': None, 'settlement_date': '2019-01-16', 'timestamp': '2019-01-14T20:37:14.325000Z', 'id': '26007eb4-fcd6-4a19-a9e9-eb016494de34', 'ipo_access_execution_rank': None, 'trade_execution_date': None}]",False,regular_hours,False,False,,,,,,,,"{'amount': '6.28', 'currency_code': 'USD', 'currency_id': '1072fc76-1862-41ab-82c2-485837590762'}","{'amount': '6.00', 'currency_code': 'USD', 'currency_id': '1072fc76-1862-41ab-82c2-485837590762'}",,False,,,,,,False,True,False,True,0,,,2.0,,False,,order_finalized,,
1f1871a4-7441-43a9-9981-38e7924998ef,8a553078-b55f-4b8c-895c-bf23fb15cff0,https://api.robinhood.com/orders/1f1871a4-7441-43a9-9981-38e7924998ef/,https://api.robinhood.com/accounts/5SE25445/,fa785cc9-e75d-40e1-ad49-9dad4a009457,https://api.robinhood.com/positions/5SE25445/940fc3f5-1db5-4fed-b452-f3a2e4562b5f/,,https://api.robinhood.com/instruments/940fc3f5-1db5-4fed-b452-f3a2e4562b5f/,940fc3f5-1db5-4fed-b452-f3a2e4562b5f,1.00000000,20.44000000,0.00,filled,filled,,market,buy,gfd,immediate,21.45000000,,1.00000000,,2019-01-14T20:32:41.462230Z,2019-01-14T20:32:41.889899Z,2019-01-14T20:32:41.658000Z,"[{'price': '20.43990000', 'quantity': '1.00000000', 'rounded_notional': None, 'settlement_date': '2019-01-16', 'timestamp': '2019-01-14T20:32:41.658000Z', 'id': 'fe120dbe-bc78-43de-916d-67cb016fe2c5', 'ipo_access_execution_rank': None, 'trade_execution_date': None}]",False,regular_hours,False,False,,,,,,,,"{'amount': '21.45', 'currency_code': 'USD', 'currency_id': '1072fc76-1862-41ab-82c2-485837590762'}","{'amount': '20.44', 'currency_code': 'USD', 'currency_id': '1072fc76-1862-41ab-82c2-485837590762'}",,False,,,,,,False,True,False,True,0,,,2.0,,False,,order_finalized,,
8e6cc7e6-e055-41cf-a543-119fc0049664,14679c73-4a98-408c-89eb-e007a1fd6dce,https://api.robinhood.com/orders/8e6cc7e6-e055-41cf-a543-119fc0049664/,https://api.robinhood.com/accounts/5SE25445/,fa785cc9-e75d-40e1-ad49-9dad4a009457,https://api.robinhood.com/positions/5SE25445/ad059c69-0c1c-4c6b-8322-f53f1bbd69d4/,,https://api.robinhood.com/instruments/ad059c69-0c1c-4c6b-8322-f53f1bbd69d4/,ad059c69-0c1c-4c6b-8322-f53f1bbd69d4,1.00000000,48.47000000,0.00,filled,filled,,market,buy,gfd,immediate,50.89000000,,1.00000000,,2019-01-14T20:30:41.710646Z,2019-01-14T20:30:42.029215Z,2019-01-14T20:30:41.784000Z,"[{'price': '48.46980000', 'quantity': '1.00000000', 'rounded_notional': None, 'settlement_date': '2019-01-16', 'timestamp': '2019-01-14T20:30:41.784000Z', 'id': '090febbd-a459-415e-9399-b61efb605532', 'ipo_access_execution_rank': None, 'trade_execution_date': None}]",False,regular_hours,False,False,,,,,,,,"{'amount': '50.89', 'currency_code': 'USD', 'currency_id': '1072fc76-1862-41ab-82c2-485837590762'}","{'amount': '48.47', 'currency_code': 'USD', 'currency_id': '1072fc76-1862-41ab-82c2-485837590762'}",,False,,,,,,False,True,False,True,0,,,2.0,,False,,order_finalized,,
e9efeb3b-5124-4ac8-9ef5-5483d6cacc2b,ce848947-7450-43d2-b2ff-36b729b264e5,https://api.robinhood.com/orders/e9efeb3b-5124-4ac8-9ef5-5483d6cacc2b/,https://api.robinhood.com/accounts/5SE25445/,fa785cc9-e75d-40e1-ad49-9dad4a009457,https://api.robinhood.com/positions/5SE25445/e5016f28-0d89-45a2-a791-4ad20b692b8d/,,https://api.robinhood.com/instruments/e5016f28-0d89-45a2-a791-4ad20b692b8d/,e5016f28-0d89-45a2-a791-4ad20b692b8d,2.00000000,19.39000000,0.00,filled,filled,,market,buy,gfd,immediate,20.35000000,,2.00000000,,2019-01-14T20:30:12.515632Z,2019-01-14T20:30:12.953641Z,2019-01-14T20:30:12.614000Z,"[{'price': '19.39000000', 'quantity': '2.00000000', 'rounded_notional': None, 'settlement_date': '2019-01-16', 'timestamp': '2019-01-14T20:30:12.614000Z', 'id': '1ccb4f71-075f-4a8f-85f6-6bbae44ec6e8', 'ipo_access_execution_rank': None, 'trade_execution_date': None}]",False,regular_hours,False,False,,,,,,,,"{'amount': '40.70', 'currency_code': 'USD', 'currency_id': '1072fc76-1862-41ab-82c2-485837590762'}","{'amount': '38.78', 'currency_code': 'USD', 'currency_id': '1072fc76-1862-41ab-82c2-485837590762'}",,False,,,,,,False,True,False,True,0,,,2.0,,False,,order_finalized,,
53e73614-b2e0-4c54-99e9-3c379504e422,77008d45-3fe0-4b91-9b71-53b3d73118f8,https://api.robinhood.com/orders/53e73614-b2e0-4c54-99e9-3c379504e422/,https://api.robinhood.com/accounts/5SE25445/,fa785cc9-e75d-40e1-ad49-9dad4a009457,https://api.robinhood.com/positions/5SE25445/9c53326c-d07e-4b82-82d2-b108ec5d9530/,,https://api.robinhood.com/instruments/9c53326c-d07e-4b82-82d2-b108ec5d9530/,9c53326c-d07e-4b82-82d2-b108ec5d9530,1.00000000,126.95000000,0.00,filled,filled,,market,buy,gfd,immediate,133.17000000,,1.00000000,,2019-01-14T20:29:08.880526Z,2019-01-14T20:29:09.338950Z,2019-01-14T20:29:09.075000Z,"[{'price': '126.94810000', 'quantity': '1.00000000', 'rounded_notional': None, 'settlement_date': '2019-01-16', 'timestamp': '2019-01-14T20:29:09.075000Z', 'id': '319ee9d1-ea86-49af-bcbd-40d82c99d7f5', 'ipo_access_execution_rank': None, 'trade_execution_date': None}]",False,regular_hours,False,False,,,,,,,,"{'amount': '133.17', 'currency_code': 'USD', 'currency_id': '1072fc76-1862-41ab-82c2-485837590762'}","{'amount': '126.95', 'currency_code': 'USD', 'currency_id': '1072fc76-1862-41ab-82c2-485837590762'}",,False,,,,,,False,True,False,True,0,,,2.0,,False,,order_finalized,,
f5c99b4f-4343-4cfe-95ab-8e29e59681be,2a7af744-6414-4a0c-85de-2c42df06e6aa,https://api.robinhood.com/orders/f5c99b4f-4343-4cfe-95ab-8e29e59681be/,https://api.robinhood.com/accounts/5SE25445/,fa785cc9-e75d-40e1-ad49-9dad4a009457,https://api.robinhood.com/positions/5SE25445/846ae64b-c4dd-432c-9f26-44afd60ed82b/,,https://api.robinhood.com/instruments/846ae64b-c4dd-432c-9f26-44afd60ed82b/,846ae64b-c4dd-432c-9f26-44afd60ed82b,1.00000000,54.46000000,0.00,filled,filled,,market,buy,gfd,immediate,57.17000000,,1.00000000,,2019-01-14T20:27:17.132946Z,2019-01-14T20:27:17.418889Z,2019-01-14T20:27:17.225000Z,"[{'price': '54.45990000', 'quantity': '1.00000000', 'rounded_notional': None, 'settlement_date': '2019-01-16', 'timestamp': '2019-01-14T20:27:17.225000Z', 'id': '99c63ed0-9935-401c-9d00-ecb2cc468e57', 'ipo_access_execution_rank': None, 'trade_execution_date': None}]",False,regular_hours,False,False,,,,,,,,"{'amount': '57.17', 'currency_code': 'USD', 'currency_id': '1072fc76-1862-41ab-82c2-485837590762'}","{'amount': '54.46', 'currency_code': 'USD', 'currency_id': '1072fc76-1862-41ab-82c2-485837590762'}",,False,,,,,,False,True,False,True,0,,,2.0,,False,,order_finalized,,
03acb881-e026-4845-9341-ffd9cfaf9794,ceb4f019-c07a-4cbb-8fa9-d4ac2e349841,https://api.robinhood.com/orders/03acb881-e026-4845-9341-ffd9cfaf9794/,https://api.robinhood.com/accounts/5SE25445/,fa785cc9-e75d-40e1-ad49-9dad4a009457,https://api.robinhood.com/positions/5SE25445/71d81e7d-783c-4b8c-b574-ee50fcc4ce3a/,,https://api.robinhood.com/instruments/71d81e7d-783c-4b8c-b574-ee50fcc4ce3a/,71d81e7d-783c-4b8c-b574-ee50fcc4ce3a,1.00000000,6.77000000,0.00,filled,filled,,market,buy,gfd,immediate,7.11000000,,1.00000000,,2019-01-14T20:26:56.010571Z,2019-01-14T20:26:56.405407Z,2019-01-14T20:26:56.138000Z,"[{'price': '6.76990000', 'quantity': '1.00000000', 'rounded_notional': None, 'settlement_date': '2019-01-16', 'timestamp': '2019-01-14T20:26:56.138000Z', 'id': '247dbe5f-3359-4939-8401-4cc9b157f3d2', 'ipo_access_execution_rank': None, 'trade_execution_date': None}]",False,regular_hours,False,False,,,,,,,,"{'amount': '7.11', 'currency_code': 'USD', 'currency_id': '1072fc76-1862-41ab-82c2-485837590762'}","{'amount': '6.77', 'currency_code': 'USD', 'currency_id': '1072fc76-1862-41ab-82c2-485837590762'}",,False,,,,,,False,True,False,True,0,,,2.0,,False,,order_finalized,,
5020ceee-e81c-4769-957f-fc215f0ad85f,e13ed77f-d337-4eb9-941e-9f49d1ea945c,https://api.robinhood.com/orders/5020ceee-e81c-4769-957f-fc215f0ad85f/,https://api.robinhood.com/accounts/5SE25445/,fa785cc9-e75d-40e1-ad49-9dad4a009457,https://api.robinhood.com/positions/5SE25445/f3703f80-d9f5-493c-a7ce-8f32fe25422e/,,https://api.robinhood.com/instruments/f3703f80-d9f5-493c-a7ce-8f32fe25422e/,f3703f80-d9f5-493c-a7ce-8f32fe25422e,1.00000000,8.69000000,0.00,filled,filled,,market,buy,gfd,immediate,9.11000000,,1.00000000,,2019-01-14T20:25:40.501785Z,2019-01-14T20:25:40.870102Z,2019-01-14T20:25:40.650000Z,"[{'price': '8.68970000', 'quantity': '1.00000000', 'rounded_notional': None, 'settlement_date': '2019-01-16', 'timestamp': '2019-01-14T20:25:40.650000Z', 'id': '58627d99-dcc4-4df3-bbd9-8e176c42f479', 'ipo_access_execution_rank': None, 'trade_execution_date': None}]",False,regular_hours,False,False,,,,,,,,"{'amount': '9.11', 'currency_code': 'USD', 'currency_id': '1072fc76-1862-41ab-82c2-485837590762'}","{'amount': '8.69', 'currency_code': 'USD', 'currency_id': '1072fc76-1862-41ab-82c2-485837590762'}",,False,,,,,,False,True,False,True,0,,,2.0,,False,,order_finalized,,
e93ab42e-6298-404e-a442-b0c648116393,e683ea75-ae80-4697-93cd-d24249afcb06,https://api.robinhood.com/orders/e93ab42e-6298-404e-a442-b0c648116393/,https://api.robinhood.com/accounts/5SE25445/,fa785cc9-e75d-40e1-ad49-9dad4a009457,https://api.robinhood.com/positions/5SE25445/68487b7f-91bb-41be-b1df-3af37e6ae38f/,,https://api.robinhood.com/instruments/68487b7f-91bb-41be-b1df-3af37e6ae38f/,68487b7f-91bb-41be-b1df-3af37e6ae38f,1.00000000,13.79000000,0.00,filled,filled,,market,buy,gfd,immediate,14.47000000,,1.00000000,,2019-01-14T20:24:53.781472Z,2019-01-14T20:24:54.236300Z,2019-01-14T20:24:53.951000Z,"[{'price': '13.78830000', 'quantity': '1.00000000', 'rounded_notional': None, 'settlement_date': '2019-01-16', 'timestamp': '2019-01-14T20:24:53.951000Z', 'id': 'c267e4b2-c01e-4406-a387-4e6abe731213', 'ipo_access_execution_rank': None, 'trade_execution_date': None}]",False,regular_hours,False,False,,,,,,,,"{'amount': '14.47', 'currency_code': 'USD', 'currency_id': '1072fc76-1862-41ab-82c2-485837590762'}","{'amount': '13.79', 'currency_code': 'USD', 'currency_id': '1072fc76-1862-41ab-82c2-485837590762'}",,False,,,,,,False,True,False,True,0,,,2.0,,False,,order_finalized,,
940b1ff3-70a1-4592-a6e4-9010a96a97bc,1317e411-6537-43bb-8b9f-ff9d0ad01b29,https://api.robinhood.com/orders/940b1ff3-70a1-4592-a6e4-9010a96a97bc/,https://api.robinhood.com/accounts/5SE25445/,fa785cc9-e75d-40e1-ad49-9dad4a009457,https://api.robinhood.com/positions/5SE25445/e988f084-7653-4e65-8768-b3b7d24d6290/,,https://api.robinhood.com/instruments/e988f084-7653-4e65-8768-b3b7d24d6290/,e988f084-7653-4e65-8768-b3b7d24d6290,1.00000000,165.30000000,0.00,filled,filled,,market,buy,gfd,immediate,173.29000000,,1.00000000,,2018-12-19T19:54:06.547983Z,2018-12-19T19:54:06.887775Z,2018-12-19T19:54:06.628000Z,"[{'price': '165.29640000', 'quantity': '1.00000000', 'rounded_notional': None, 'settlement_date': '2018-12-21', 'timestamp': '2018-12-19T19:54:06.628000Z', 'id': 'd556148d-b787-4d51-b78d-6de38a0a8465', 'ipo_access_execution_rank': None, 'trade_execution_date': None}]",False,regular_hours,False,False,,,,,,,,"{'amount': '173.29', 'currency_code': 'USD', 'currency_id': '1072fc76-1862-41ab-82c2-485837590762'}","{'amount': '165.30', 'currency_code': 'USD', 'currency_id': '1072fc76-1862-41ab-82c2-485837590762'}",,False,,,,,,False,True,False,True,0,,,,,False,,order_finalized,,
7c7df6d1-17f9-443c-9091-f8f8992ba2b4,88b444a3-0f57-47ae-add9-eebbe81fd78a,https://api.robinhood.com/orders/7c7df6d1-17f9-443c-9091-f8f8992ba2b4/,https://api.robinhood.com/accounts/5SE25445/,fa785cc9-e75d-40e1-ad49-9dad4a009457,https://api.robinhood.com/positions/5SE25445/0dd811b3-7047-448d-96e0-7bf6ee4cfe45/,,https://api.robinhood.com/instruments/0dd811b3-7047-448d-96e0-7bf6ee4cfe45/,0dd811b3-7047-448d-96e0-7bf6ee4cfe45,1.00000000,24.92000000,0.00,filled,filled,,market,buy,gfd,immediate,26.10000000,,1.00000000,,2018-12-19T19:32:23.415463Z,2018-12-19T19:32:23.799920Z,2018-12-19T19:32:23.530000Z,"[{'price': '24.91990000', 'quantity': '1.00000000', 'rounded_notional': None, 'settlement_date': '2018-12-21', 'timestamp': '2018-12-19T19:32:23.530000Z', 'id': '69ab389e-eb97-4512-b39d-b985357b45f6', 'ipo_access_execution_rank': None, 'trade_execution_date': None}]",False,regular_hours,False,False,,,,,,,,"{'amount': '26.10', 'currency_code': 'USD', 'currency_id': '1072fc76-1862-41ab-82c2-485837590762'}","{'amount': '24.92', 'currency_code': 'USD', 'currency_id': '1072fc76-1862-41ab-82c2-485837590762'}",,False,,,,,,False,True,False,True,0,,,,,False,,order_finalized,,
f49d9380-8ffc-4cf4-963d-0e41b1822ec6,f8bda60f-e8d5-4745-8f90-4020c0828dc6,https://api.robinhood.com/orders/f49d9380-8ffc-4cf4-963d-0e41b1822ec6/,https://api.robinhood.com/accounts/5SE25445/,fa785cc9-e75d-40e1-ad49-9dad4a009457,https://api.robinhood.com/positions/5SE25445/1ee76f7e-dc7a-4619-99cf-637103956b71/,,https://api.robinhood.com/instruments/1ee76f7e-dc7a-4619-99cf-637103956b71/,1ee76f7e-dc7a-4619-99cf-637103956b71,1.00000000,0.02000000,0.02,filled,filled,,market,sell,gfd,immediate,,,1.00000000,,2018-12-19T19:31:07.309871Z,2018-12-19T19:31:07.808010Z,2018-12-19T19:31:07.559000Z,"[{'price': '0.01611500', 'quantity': '1.00000000', 'rounded_notional': None, 'settlement_date': '2018-12-21', 'timestamp': '2018-12-19T19:31:07.559000Z', 'id': '43e0d421-41e9-41f3-af64-0d20ada41f48', 'ipo_access_execution_rank': None, 'trade_execution_date': None}]",False,regular_hours,False,False,,,,,,,,,"{'amount': '0.02', 'currency_code': 'USD', 'currency_id': '1072fc76-1862-41ab-82c2-485837590762'}",,False,,,,,,False,True,False,True,0,,,,,False,,order_finalized,,
5754f758-c0b1-4606-ba47-16eb0d6762f0,8536bd7b-f86c-4120-a0e0-a24d2e0607fc,https://api.robinhood.com/orders/5754f758-c0b1-4606-ba47-16eb0d6762f0/,https://api.robinhood.com/accounts/5SE25445/,fa785cc9-e75d-40e1-ad49-9dad4a009457,https://api.robinhood.com/positions/5SE25445/8f674df5-f1e0-4121-a571-11439c2f6e84/,,https://api.robinhood.com/instruments/8f674df5-f1e0-4121-a571-11439c2f6e84/,8f674df5-f1e0-4121-a571-11439c2f6e84,1.00000000,1.78000000,0.02,filled,filled,,market,sell,gfd,immediate,,,1.00000000,,2018-12-19T19:27:53.784292Z,2018-12-19T19:27:54.285323Z,2018-12-19T19:27:53.996000Z,"[{'price': '1.78010000', 'quantity': '1.00000000', 'rounded_notional': None, 'settlement_date': '2018-12-21', 'timestamp': '2018-12-19T19:27:53.996000Z', 'id': 'b9c4b16f-de76-4751-8e87-4754fabd0fc3', 'ipo_access_execution_rank': None, 'trade_execution_date': None}]",False,regular_hours,False,False,,,,,,,,,"{'amount': '1.78', 'currency_code': 'USD', 'currency_id': '1072fc76-1862-41ab-82c2-485837590762'}",,False,,,,,,False,True,False,True,0,,,,,False,,order_finalized,,
29949853-474c-4d9c-9a42-b5e13b7ead40,6d3bc9a0-c93c-46cb-b073-e392619f6010,https://api.robinhood.com/orders/29949853-474c-4d9c-9a42-b5e13b7ead40/,https://api.robinhood.com/accounts/5SE25445/,fa785cc9-e75d-40e1-ad49-9dad4a009457,https://api.robinhood.com/positions/5SE25445/ebab2398-028d-4939-9f1d-13bf38f81c50/,,https://api.robinhood.com/instruments/ebab2398-028d-4939-9f1d-13bf38f81c50/,ebab2398-028d-4939-9f1d-13bf38f81c50,1.00000000,136.25000000,0.00,filled,filled,,market,buy,gfd,immediate,143.07000000,,1.00000000,,2018-12-19T19:21:58.511174Z,2018-12-19T19:21:58.917613Z,2018-12-19T19:21:58.658000Z,"[{'price': '136.24950000', 'quantity': '1.00000000', 'rounded_notional': None, 'settlement_date': '2018-12-21', 'timestamp': '2018-12-19T19:21:58.658000Z', 'id': 'ea903760-060c-42dd-8cfb-26dc1816385c', 'ipo_access_execution_rank': None, 'trade_execution_date': None}]",False,regular_hours,False,False,,,,,,,,"{'amount': '143.07', 'currency_code': 'USD', 'currency_id': '1072fc76-1862-41ab-82c2-485837590762'}","{'amount': '136.25', 'currency_code': 'USD', 'currency_id': '1072fc76-1862-41ab-82c2-485837590762'}",,False,,,,,,False,True,False,True,0,,,,,False,,order_finalized,,
2d989439-5743-48e7-9197-fb65121caa63,4674e6da-f9bd-4db9-9898-8c2e9006d06f,https://api.robinhood.com/orders/2d989439-5743-48e7-9197-fb65121caa63/,https://api.robinhood.com/accounts/5SE25445/,fa785cc9-e75d-40e1-ad49-9dad4a009457,https://api.robinhood.com/positions/5SE25445/8f674df5-f1e0-4121-a571-11439c2f6e84/,,https://api.robinhood.com/instruments/8f674df5-f1e0-4121-a571-11439c2f6e84/,8f674df5-f1e0-4121-a571-11439c2f6e84,1.00000000,2.89000000,0.00,filled,filled,,market,buy,gfd,immediate,3.02000000,,1.00000000,,2018-07-23T13:58:50.585911Z,2018-07-23T13:58:51.018852Z,2018-07-23T13:58:50.816000Z,"[{'price': '2.89000000', 'quantity': '1.00000000', 'rounded_notional': None, 'settlement_date': '2018-07-25', 'timestamp': '2018-07-23T13:58:50.816000Z', 'id': 'a6316cc3-a28c-4a82-9a7a-53aa8de1d6fe', 'ipo_access_execution_rank': None, 'trade_execution_date': None}]",False,regular_hours,False,False,,,,,,,,"{'amount': '3.02', 'currency_code': 'USD', 'currency_id': '1072fc76-1862-41ab-82c2-485837590762'}","{'amount': '2.89', 'currency_code': 'USD', 'currency_id': '1072fc76-1862-41ab-82c2-485837590762'}",,False,,,,,,False,True,False,True,0,,,,,False,,order_finalized,,
ebaba429-53de-455e-a963-b1a7ccab85e0,7281f7c1-75cd-489f-8be0-964305608c7e,https://api.robinhood.com/orders/ebaba429-53de-455e-a963-b1a7ccab85e0/,https://api.robinhood.com/accounts/5SE25445/,fa785cc9-e75d-40e1-ad49-9dad4a009457,https://api.robinhood.com/positions/5SE25445/ee9ff5fd-abf3-4e11-bd82-c2ca55880f19/,,https://api.robinhood.com/instruments/ee9ff5fd-abf3-4e11-bd82-c2ca55880f19/,ee9ff5fd-abf3-4e11-bd82-c2ca55880f19,20.00000000,0.44200000,0.02,filled,filled,,market,sell,gfd,immediate,,,20.00000000,,2018-07-18T02:32:29.585155Z,2018-07-18T13:30:03.024440Z,2018-07-18T13:30:00.482000Z,"[{'price': '0.44200000', 'quantity': '20.00000000', 'rounded_notional': None, 'settlement_date': '2018-07-20', 'timestamp': '2018-07-18T13:30:00.482000Z', 'id': 'b7850edd-2e2d-4e9c-9876-53c127fa18cf', 'ipo_access_execution_rank': None, 'trade_execution_date': None}]",False,regular_hours,False,False,,,,,,,,,"{'amount': '8.84', 'currency_code': 'USD', 'currency_id': '1072fc76-1862-41ab-82c2-485837590762'}",,False,,,,,,False,True,False,True,0,,,,,False,,order_finalized,,
3c2c12dd-6bef-4a37-ab0d-4a0781442692,5c1fe3b0-50ae-41bd-a28e-116f1cb9d1aa,https://api.robinhood.com/orders/3c2c12dd-6bef-4a37-ab0d-4a0781442692/,https://api.robinhood.com/accounts/5SE25445/,fa785cc9-e75d-40e1-ad49-9dad4a009457,https://api.robinhood.com/positions/5SE25445/ee9ff5fd-abf3-4e11-bd82-c2ca55880f19/,,https://api.robinhood.com/instruments/ee9ff5fd-abf3-4e11-bd82-c2ca55880f19/,ee9ff5fd-abf3-4e11-bd82-c2ca55880f19,20.00000000,0.49300000,0.00,filled,filled,,market,buy,gfd,immediate,0.51760000,,20.00000000,,2018-07-02T19:11:31.945856Z,2018-07-02T19:11:32.516415Z,2018-07-02T19:11:32.097000Z,"[{'price': '0.49298700', 'quantity': '20.00000000', 'rounded_notional': None, 'settlement_date': '2018-07-05', 'timestamp': '2018-07-02T19:11:32.097000Z', 'id': 'de00d052-6e41-4b54-9cfe-0c91b1ecc391', 'ipo_access_execution_rank': None, 'trade_execution_date': None}]",False,,False,False,,,,,,,,"{'amount': '10.36', 'currency_code': 'USD', 'currency_id': '1072fc76-1862-41ab-82c2-485837590762'}","{'amount': '9.86', 'currency_code': 'USD', 'currency_id': '1072fc76-1862-41ab-82c2-485837590762'}",,False,,,,,,False,True,False,True,0,,,,,False,,order_finalized,,
1bbab9c6-e482-4598-8990-bc58d2fd7f85,2730140b-321d-49a4-b6a2-aa98e989a4b3,https://api.robinhood.com/orders/1bbab9c6-e482-4598-8990-bc58d2fd7f85/,https://api.robinhood.com/accounts/5SE25445/,fa785cc9-e75d-40e1-ad49-9dad4a009457,https://api.robinhood.com/positions/5SE25445/a3fc9337-188d-4869-90d8-81e01ae8f090/,,https://api.robinhood.com/instruments/a3fc9337-188d-4869-90d8-81e01ae8f090/,a3fc9337-188d-4869-90d8-81e01ae8f090,14.00000000,0.25930000,0.00,filled,filled,,market,buy,gfd,immediate,0.34120000,,14.00000000,,2018-07-02T10:00:14.129725Z,2018-07-02T13:30:10.885621Z,2018-07-02T13:30:00.990000Z,"[{'price': '0.25900000', 'quantity': '14.00000000', 'rounded_notional': None, 'settlement_date': '2018-07-05', 'timestamp': '2018-07-02T13:30:00.990000Z', 'id': '501581fb-2914-4ff3-8026-a4928bed1588', 'ipo_access_execution_rank': None, 'trade_execution_date': None}]",False,,False,False,,,,,,,,"{'amount': '4.78', 'currency_code': 'USD', 'currency_id': '1072fc76-1862-41ab-82c2-485837590762'}","{'amount': '3.63', 'currency_code': 'USD', 'currency_id': '1072fc76-1862-41ab-82c2-485837590762'}",,False,,,,,,False,True,False,True,0,,,,,False,,order_finalized,,
2e7b7816-e613-4ac1-8085-4053a73a3dcd,ddfe57bf-bdc7-409b-b231-404eb086a117,https://api.robinhood.com/orders/2e7b7816-e613-4ac1-8085-4053a73a3dcd/,https://api.robinhood.com/accounts/5SE25445/,fa785cc9-e75d-40e1-ad49-9dad4a009457,https://api.robinhood.com/positions/5SE25445/af631bf4-c00e-4dcd-847a-70f18ac48a8c/,,https://api.robinhood.com/instruments/af631bf4-c00e-4dcd-847a-70f18ac48a8c/,af631bf4-c00e-4dcd-847a-70f18ac48a8c,1.00000000,5.25000000,0.02,filled,filled,,market,sell,gfd,immediate,,,1.00000000,,2018-04-11T11:58:45.902197Z,2018-04-11T13:30:01.362606Z,2018-04-11T13:30:00.386000Z,"[{'price': '5.25000000', 'quantity': '1.00000000', 'rounded_notional': None, 'settlement_date': '2018-04-13', 'timestamp': '2018-04-11T13:30:00.386000Z', 'id': '4c070a43-2f7f-43de-ab03-bd4eaefd25ec', 'ipo_access_execution_rank': None, 'trade_execution_date': None}]",False,regular_hours,False,False,,,,,,,,,"{'amount': '5.25', 'currency_code': 'USD', 'currency_id': '1072fc76-1862-41ab-82c2-485837590762'}",,False,,,,,,False,True,False,True,0,,,,,False,,order_finalized,,
8ba486f6-ca7c-48fd-acd1-bb25823ad0c4,1682c4d1-e410-4a69-a254-c365ef35501f,https://api.robinhood.com/orders/8ba486f6-ca7c-48fd-acd1-bb25823ad0c4/,https://api.robinhood.com/accounts/5SE25445/,fa785cc9-e75d-40e1-ad49-9dad4a009457,https://api.robinhood.com/positions/5SE25445/940fc3f5-1db5-4fed-b452-f3a2e4562b5f/,,https://api.robinhood.com/instruments/940fc3f5-1db5-4fed-b452-f3a2e4562b5f/,940fc3f5-1db5-4fed-b452-f3a2e4562b5f,1.00000000,9.87000000,0.02,filled,filled,,market,sell,gfd,immediate,,,1.00000000,,2018-04-11T11:58:30.373210Z,2018-04-11T13:30:13.384578Z,2018-04-11T13:30:00.978000Z,"[{'price': '9.87000000', 'quantity': '1.00000000', 'rounded_notional': None, 'settlement_date': '2018-04-13', 'timestamp': '2018-04-11T13:30:00.978000Z', 'id': '1c13575b-e897-4dbe-aa51-2c8b57af4d6e', 'ipo_access_execution_rank': None, 'trade_execution_date': None}]",False,regular_hours,False,False,,,,,,,,,"{'amount': '9.87', 'currency_code': 'USD', 'currency_id': '1072fc76-1862-41ab-82c2-485837590762'}",,False,,,,,,False,True,False,True,0,,,,,False,,order_finalized,,
7f727ec8-16e9-436e-9bb3-1ffd597c9d44,080e8eb4-2293-4558-ab83-a7a4cad58711,https://api.robinhood.com/orders/7f727ec8-16e9-436e-9bb3-1ffd597c9d44/,https://api.robinhood.com/accounts/5SE25445/,fa785cc9-e75d-40e1-ad49-9dad4a009457,https://api.robinhood.com/positions/5SE25445/2d133d5c-9689-4328-a298-2f246798ba35/,,https://api.robinhood.com/instruments/2d133d5c-9689-4328-a298-2f246798ba35/,2d133d5c-9689-4328-a298-2f246798ba35,1.00000000,19.18000000,0.02,filled,filled,,market,sell,gfd,immediate,,,1.00000000,,2018-04-11T11:58:16.248583Z,2018-04-11T13:30:12.645764Z,2018-04-11T13:30:00.244000Z,"[{'price': '19.18000000', 'quantity': '1.00000000', 'rounded_notional': None, 'settlement_date': '2018-04-13', 'timestamp': '2018-04-11T13:30:00.244000Z', 'id': 'cad980fe-2880-4b62-a494-f6fec05b30d2', 'ipo_access_execution_rank': None, 'trade_execution_date': None}]",False,regular_hours,False,False,,,,,,,,,"{'amount': '19.18', 'currency_code': 'USD', 'currency_id': '1072fc76-1862-41ab-82c2-485837590762'}",,False,,,,,,False,True,False,True,0,,,,,False,,order_finalized,,
ad10938e-3bcb-4297-b24c-a44324fd2bf5,119b4ee6-27c2-4708-9ff0-042e44f220d5,https://api.robinhood.com/orders/ad10938e-3bcb-4297-b24c-a44324fd2bf5/,https://api.robinhood.com/accounts/5SE25445/,fa785cc9-e75d-40e1-ad49-9dad4a009457,https://api.robinhood.com/positions/5SE25445/db96273a-788f-4351-8d6d-3d716c1e12b5/,,https://api.robinhood.com/instruments/db96273a-788f-4351-8d6d-3d716c1e12b5/,db96273a-788f-4351-8d6d-3d716c1e12b5,1.00000000,2.29000000,0.02,filled,filled,,market,sell,gfd,immediate,,,1.00000000,,2018-04-11T11:58:03.448817Z,2018-04-11T13:30:16.511723Z,2018-04-11T13:30:00.453000Z,"[{'price': '2.29000000', 'quantity': '1.00000000', 'rounded_notional': None, 'settlement_date': '2018-04-13', 'timestamp': '2018-04-11T13:30:00.453000Z', 'id': '8b8752ae-4c1c-444e-84d7-6b281c1b9b20', 'ipo_access_execution_rank': None, 'trade_execution_date': None}]",False,regular_hours,False,False,,,,,,,,,"{'amount': '2.29', 'currency_code': 'USD', 'currency_id': '1072fc76-1862-41ab-82c2-485837590762'}",,False,,,,,,False,True,False,True,0,,,,,False,,order_finalized,,
e9ef3318-2b65-4279-a060-4d3819578f5e,cdb4f932-660e-4c1e-9683-e0aecb7b64f6,https://api.robinhood.com/orders/e9ef3318-2b65-4279-a060-4d3819578f5e/,https://api.robinhood.com/accounts/5SE25445/,fa785cc9-e75d-40e1-ad49-9dad4a009457,https://api.robinhood.com/positions/5SE25445/b003dff4-7071-46ae-9a8d-6e4b4222edf0/,,https://api.robinhood.com/instruments/b003dff4-7071-46ae-9a8d-6e4b4222edf0/,b003dff4-7071-46ae-9a8d-6e4b4222edf0,3.00000000,7.46000000,0.02,filled,filled,,market,sell,gfd,immediate,,,3.00000000,,2018-04-11T11:57:51.907303Z,2018-04-11T13:30:19.382152Z,2018-04-11T13:30:00.768000Z,"[{'price': '7.46000000', 'quantity': '3.00000000', 'rounded_notional': None, 'settlement_date': '2018-04-13', 'timestamp': '2018-04-11T13:30:00.768000Z', 'id': '6fd422b8-3320-4cb3-a8d6-5a5737b8ace9', 'ipo_access_execution_rank': None, 'trade_execution_date': None}]",False,regular_hours,False,False,,,,,,,,,"{'amount': '22.38', 'currency_code': 'USD', 'currency_id': '1072fc76-1862-41ab-82c2-485837590762'}",,False,,,,,,False,True,False,True,0,,,,,False,,order_finalized,,
35d0a5fb-009f-4d99-9b50-2c08ee98560f,4ed913ba-fda2-4b9d-b5c9-0a232aa037f8,https://api.robinhood.com/orders/35d0a5fb-009f-4d99-9b50-2c08ee98560f/,https://api.robinhood.com/accounts/5SE25445/,fa785cc9-e75d-40e1-ad49-9dad4a009457,https://api.robinhood.com/positions/5SE25445/6461e073-d21d-4371-aaf0-d24e4e7657bc/,,https://api.robinhood.com/instruments/6461e073-d21d-4371-aaf0-d24e4e7657bc/,6461e073-d21d-4371-aaf0-d24e4e7657bc,2.00000000,6.80000000,0.02,filled,filled,,market,sell,gfd,immediate,,,2.00000000,,2018-04-11T11:57:29.957587Z,2018-04-11T13:30:23.190081Z,2018-04-11T13:30:01.163000Z,"[{'price': '6.80000000', 'quantity': '2.00000000', 'rounded_notional': None, 'settlement_date': '2018-04-13', 'timestamp': '2018-04-11T13:30:01.163000Z', 'id': 'a7acbd59-f4d9-4e8c-bf5d-64ab5d07cdaf', 'ipo_access_execution_rank': None, 'trade_execution_date': None}]",False,regular_hours,False,False,,,,,,,,,"{'amount': '13.60', 'currency_code': 'USD', 'currency_id': '1072fc76-1862-41ab-82c2-485837590762'}",,False,,,,,,False,True,False,True,0,,,,,False,,order_finalized,,
7cbb2bff-74aa-4e78-9831-d0cc5ac5a3f6,433faa41-b45a-4e23-adfb-5b4aec81b1c5,https://api.robinhood.com/orders/7cbb2bff-74aa-4e78-9831-d0cc5ac5a3f6/,https://api.robinhood.com/accounts/5SE25445/,fa785cc9-e75d-40e1-ad49-9dad4a009457,https://api.robinhood.com/positions/5SE25445/ecf97954-2503-4efa-9a05-4d34685e6812/,,https://api.robinhood.com/instruments/ecf97954-2503-4efa-9a05-4d34685e6812/,ecf97954-2503-4efa-9a05-4d34685e6812,1.00000000,14.57000000,0.02,filled,filled,,market,sell,gfd,immediate,,,1.00000000,,2018-04-11T11:57:17.597808Z,2018-04-11T13:30:03.423488Z,2018-04-11T13:30:00.778000Z,"[{'price': '14.57000000', 'quantity': '1.00000000', 'rounded_notional': None, 'settlement_date': '2018-04-13', 'timestamp': '2018-04-11T13:30:00.778000Z', 'id': 'b2200757-3c06-4eae-ba92-eab7ac1eb8b8', 'ipo_access_execution_rank': None, 'trade_execution_date': None}]",False,regular_hours,False,False,,,,,,,,,"{'amount': '14.57', 'currency_code': 'USD', 'currency_id': '1072fc76-1862-41ab-82c2-485837590762'}",,False,,,,,,False,True,False,True,0,,,,,False,,order_finalized,,
8f8c18b9-9488-4564-b39b-291430a3a2f8,e5a2d827-c63b-4227-9416-a645e551f890,https://api.robinhood.com/orders/8f8c18b9-9488-4564-b39b-291430a3a2f8/,https://api.robinhood.com/accounts/5SE25445/,fa785cc9-e75d-40e1-ad49-9dad4a009457,https://api.robinhood.com/positions/5SE25445/ecf97954-2503-4efa-9a05-4d34685e6812/,,https://api.robinhood.com/instruments/ecf97954-2503-4efa-9a05-4d34685e6812/,ecf97954-2503-4efa-9a05-4d34685e6812,1.00000000,14.50000000,0.00,filled,filled,,market,buy,gfd,immediate,15.21000000,,1.00000000,,2018-04-06T19:31:16.686926Z,2018-04-06T19:31:17.263204Z,2018-04-06T19:31:16.889000Z,"[{'price': '14.50000000', 'quantity': '1.00000000', 'rounded_notional': None, 'settlement_date': '2018-04-10', 'timestamp': '2018-04-06T19:31:16.889000Z', 'id': '8d647f76-d6bb-4d9b-a841-aefe58c73801', 'ipo_access_execution_rank': None, 'trade_execution_date': None}]",False,,False,False,,,,,,,,"{'amount': '15.21', 'currency_code': 'USD', 'currency_id': '1072fc76-1862-41ab-82c2-485837590762'}","{'amount': '14.50', 'currency_code': 'USD', 'currency_id': '1072fc76-1862-41ab-82c2-485837590762'}",,False,,,,,,False,True,False,True,0,,,,,False,,order_finalized,,
3b4759b5-04cd-49ec-af63-eea2f22708d0,e6df7e9e-a1e0-4bb0-bb23-2aa5c824c0a6,https://api.robinhood.com/orders/3b4759b5-04cd-49ec-af63-eea2f22708d0/,https://api.robinhood.com/accounts/5SE25445/,fa785cc9-e75d-40e1-ad49-9dad4a009457,https://api.robinhood.com/positions/5SE25445/39ff611b-84e7-425b-bfb8-6fe2a983fcf3/,,https://api.robinhood.com/instruments/39ff611b-84e7-425b-bfb8-6fe2a983fcf3/,39ff611b-84e7-425b-bfb8-6fe2a983fcf3,2.00000000,13.67000000,0.02,filled,filled,,market,sell,gfd,immediate,,,2.00000000,,2018-03-20T18:11:45.303953Z,2018-03-20T18:11:45.713048Z,2018-03-20T18:11:45.484000Z,"[{'price': '13.67100000', 'quantity': '2.00000000', 'rounded_notional': None, 'settlement_date': '2018-03-22', 'timestamp': '2018-03-20T18:11:45.484000Z', 'id': '2dc85720-718d-4888-af0f-17fc44071f88', 'ipo_access_execution_rank': None, 'trade_execution_date': None}]",False,regular_hours,False,False,,,,,,,,,"{'amount': '27.34', 'currency_code': 'USD', 'currency_id': '1072fc76-1862-41ab-82c2-485837590762'}",,False,,,,,,False,True,False,True,0,,,,,False,,order_finalized,,
f589da59-eec6-4c4c-abee-347e7ba40b9e,3dc31833-6b86-40ba-9fa1-37cd1ad3c993,https://api.robinhood.com/orders/f589da59-eec6-4c4c-abee-347e7ba40b9e/,https://api.robinhood.com/accounts/5SE25445/,fa785cc9-e75d-40e1-ad49-9dad4a009457,https://api.robinhood.com/positions/5SE25445/46858296-57ce-4025-b73b-4c0cf38cd673/,,https://api.robinhood.com/instruments/46858296-57ce-4025-b73b-4c0cf38cd673/,46858296-57ce-4025-b73b-4c0cf38cd673,10.00000000,0.17600000,0.02,filled,filled,,market,sell,gfd,immediate,,,10.00000000,,2018-03-20T18:11:30.557995Z,2018-03-20T18:11:31.008788Z,2018-03-20T18:11:30.677000Z,"[{'price': '0.17640000', 'quantity': '10.00000000', 'rounded_notional': None, 'settlement_date': '2018-03-22', 'timestamp': '2018-03-20T18:11:30.677000Z', 'id': '39a2b0b6-2969-435a-9fcd-4f43e55a5965', 'ipo_access_execution_rank': None, 'trade_execution_date': None}]",False,regular_hours,False,False,,,,,,,,,"{'amount': '1.76', 'currency_code': 'USD', 'currency_id': '1072fc76-1862-41ab-82c2-485837590762'}",,False,,,,,,False,True,False,True,0,,,,,False,,order_finalized,,
536d65f1-c6a3-451c-bbc3-36e2adbb3451,8988b552-e085-4b6c-8f64-123eca412dc0,https://api.robinhood.com/orders/536d65f1-c6a3-451c-bbc3-36e2adbb3451/,https://api.robinhood.com/accounts/5SE25445/,fa785cc9-e75d-40e1-ad49-9dad4a009457,https://api.robinhood.com/positions/5SE25445/48bbe4a0-d167-4bfe-8d3b-494f9bb56350/,,https://api.robinhood.com/instruments/48bbe4a0-d167-4bfe-8d3b-494f9bb56350/,48bbe4a0-d167-4bfe-8d3b-494f9bb56350,1.00000000,37.04000000,0.02,filled,filled,,market,sell,gfd,immediate,,,1.00000000,,2018-03-20T18:08:19.924031Z,2018-03-20T18:08:20.503798Z,2018-03-20T18:08:20.078000Z,"[{'price': '37.04100000', 'quantity': '1.00000000', 'rounded_notional': None, 'settlement_date': '2018-03-22', 'timestamp': '2018-03-20T18:08:20.078000Z', 'id': 'd4469869-ea73-418c-9658-362196e86cff', 'ipo_access_execution_rank': None, 'trade_execution_date': None}]",False,regular_hours,False,False,,,,,,,,,"{'amount': '37.04', 'currency_code': 'USD', 'currency_id': '1072fc76-1862-41ab-82c2-485837590762'}",,False,,,,,,False,True,False,True,0,,,,,False,,order_finalized,,
3f1a12c4-453b-4c55-8633-b9d766d9769c,c4af6519-ac54-4b1d-bd8c-5860b190a2fd,https://api.robinhood.com/orders/3f1a12c4-453b-4c55-8633-b9d766d9769c/,https://api.robinhood.com/accounts/5SE25445/,fa785cc9-e75d-40e1-ad49-9dad4a009457,https://api.robinhood.com/positions/5SE25445/ebab2398-028d-4939-9f1d-13bf38f81c50/,,https://api.robinhood.com/instruments/ebab2398-028d-4939-9f1d-13bf38f81c50/,ebab2398-028d-4939-9f1d-13bf38f81c50,1.00000000,163.83000000,0.02,filled,filled,,market,sell,gfd,immediate,,,1.00000000,,2018-03-20T18:08:03.947993Z,2018-03-20T18:08:04.320037Z,2018-03-20T18:08:04.081000Z,"[{'price': '163.83000000', 'quantity': '1.00000000', 'rounded_notional': None, 'settlement_date': '2018-03-22', 'timestamp': '2018-03-20T18:08:04.081000Z', 'id': 'a81f0cc2-bc98-402a-b54d-f7029a12f581', 'ipo_access_execution_rank': None, 'trade_execution_date': None}]",False,regular_hours,False,False,,,,,,,,,"{'amount': '163.83', 'currency_code': 'USD', 'currency_id': '1072fc76-1862-41ab-82c2-485837590762'}",,False,,,,,,False,True,False,True,0,,,,,False,,order_finalized,,
32a57e15-3e13-430d-92be-a8e911cc176a,564203a9-28a5-48c5-9df4-3a15d0281d3a,https://api.robinhood.com/orders/32a57e15-3e13-430d-92be-a8e911cc176a/,https://api.robinhood.com/accounts/5SE25445/,fa785cc9-e75d-40e1-ad49-9dad4a009457,https://api.robinhood.com/positions/5SE25445/de0e6dc1-ca4d-4df7-a07e-baad8b1fcc11/,,https://api.robinhood.com/instruments/de0e6dc1-ca4d-4df7-a07e-baad8b1fcc11/,de0e6dc1-ca4d-4df7-a07e-baad8b1fcc11,1.00000000,150.57000000,0.02,filled,filled,,market,sell,gfd,immediate,,,1.00000000,,2018-03-20T18:01:50.436971Z,2018-03-20T18:01:51.038948Z,2018-03-20T18:01:50.638000Z,"[{'price': '150.57000000', 'quantity': '1.00000000', 'rounded_notional': None, 'settlement_date': '2018-03-22', 'timestamp': '2018-03-20T18:01:50.638000Z', 'id': '9107003a-fa02-423d-9f62-2925c9f0e24b', 'ipo_access_execution_rank': None, 'trade_execution_date': None}]",False,regular_hours,False,False,,,,,,,,,"{'amount': '150.57', 'currency_code': 'USD', 'currency_id': '1072fc76-1862-41ab-82c2-485837590762'}",,False,,,,,,False,True,False,True,0,,,,,False,,order_finalized,,
7446e24b-8ea0-47c1-8d0a-1e2808de1d1a,20119be7-1bf8-48f4-b01b-4c5345bb6116,https://api.robinhood.com/orders/7446e24b-8ea0-47c1-8d0a-1e2808de1d1a/,https://api.robinhood.com/accounts/5SE25445/,fa785cc9-e75d-40e1-ad49-9dad4a009457,https://api.robinhood.com/positions/5SE25445/e19d0a68-a377-4b22-80df-fd51871a87f2/,,https://api.robinhood.com/instruments/e19d0a68-a377-4b22-80df-fd51871a87f2/,e19d0a68-a377-4b22-80df-fd51871a87f2,4.00000000,0.24250000,0.02,filled,filled,,market,sell,gfd,immediate,,,4.00000000,,2018-03-20T18:01:39.152607Z,2018-03-20T18:01:39.636025Z,2018-03-20T18:01:39.363000Z,"[{'price': '0.24200400', 'quantity': '4.00000000', 'rounded_notional': None, 'settlement_date': '2018-03-22', 'timestamp': '2018-03-20T18:01:39.363000Z', 'id': '1f9a6997-f9d1-4a8d-9193-2a2b9179a87a', 'ipo_access_execution_rank': None, 'trade_execution_date': None}]",False,regular_hours,False,False,,,,,,,,,"{'amount': '0.97', 'currency_code': 'USD', 'currency_id': '1072fc76-1862-41ab-82c2-485837590762'}",,False,,,,,,False,True,False,True,0,,,,,False,,order_finalized,,
cefcb372-4f57-41e9-98e0-ba2e17b36c05,c67a1020-1448-4522-ad42-c7b624f4ed07,https://api.robinhood.com/orders/cefcb372-4f57-41e9-98e0-ba2e17b36c05/,https://api.robinhood.com/accounts/5SE25445/,fa785cc9-e75d-40e1-ad49-9dad4a009457,https://api.robinhood.com/positions/5SE25445/ee9ff5fd-abf3-4e11-bd82-c2ca55880f19/,,https://api.robinhood.com/instruments/ee9ff5fd-abf3-4e11-bd82-c2ca55880f19/,ee9ff5fd-abf3-4e11-bd82-c2ca55880f19,18.00000000,0.62330000,0.02,filled,filled,,market,sell,gfd,immediate,,,18.00000000,,2018-03-20T18:01:24.390369Z,2018-03-20T18:01:24.926275Z,2018-03-20T18:01:24.553000Z,"[{'price': '0.62319700', 'quantity': '18.00000000', 'rounded_notional': None, 'settlement_date': '2018-03-22', 'timestamp': '2018-03-20T18:01:24.553000Z', 'id': '6064b084-b768-4cd8-8cca-18974dbb4497', 'ipo_access_execution_rank': None, 'trade_execution_date': None}]",False,regular_hours,False,False,,,,,,,,,"{'amount': '11.22', 'currency_code': 'USD', 'currency_id': '1072fc76-1862-41ab-82c2-485837590762'}",,False,,,,,,False,True,False,True,0,,,,,False,,order_finalized,,
be3d1abe-c8be-4e79-b80d-d03f9aa9aba1,a17b5b39-2ad0-4edf-b1f3-982d38af5e50,https://api.robinhood.com/orders/be3d1abe-c8be-4e79-b80d-d03f9aa9aba1/,https://api.robinhood.com/accounts/5SE25445/,fa785cc9-e75d-40e1-ad49-9dad4a009457,https://api.robinhood.com/positions/5SE25445/b003dff4-7071-46ae-9a8d-6e4b4222edf0/,,https://api.robinhood.com/instruments/b003dff4-7071-46ae-9a8d-6e4b4222edf0/,b003dff4-7071-46ae-9a8d-6e4b4222edf0,3.00000000,7.36000000,0.00,filled,filled,,market,buy,gfd,immediate,7.72000000,,3.00000000,,2018-03-19T16:38:48.205658Z,2018-03-19T16:38:48.705975Z,2018-03-19T16:38:48.338000Z,"[{'price': '7.35900000', 'quantity': '3.00000000', 'rounded_notional': None, 'settlement_date': '2018-03-21', 'timestamp': '2018-03-19T16:38:48.338000Z', 'id': '975c17db-661b-4e85-afb4-5c3420ca6976', 'ipo_access_execution_rank': None, 'trade_execution_date': None}]",False,regular_hours,False,False,,,,,,,,"{'amount': '23.16', 'currency_code': 'USD', 'currency_id': '1072fc76-1862-41ab-82c2-485837590762'}","{'amount': '22.08', 'currency_code': 'USD', 'currency_id': '1072fc76-1862-41ab-82c2-485837590762'}",,False,,,,,,False,True,False,True,0,,,,,False,,order_finalized,,
157a2b0d-7684-4e8b-aa69-af684c5ad9f7,ebdbf4e3-4d25-4bd1-a2a9-2d79807cc6ba,https://api.robinhood.com/orders/157a2b0d-7684-4e8b-aa69-af684c5ad9f7/,https://api.robinhood.com/accounts/5SE25445/,fa785cc9-e75d-40e1-ad49-9dad4a009457,https://api.robinhood.com/positions/5SE25445/1408b43f-eea1-461b-b7a7-296daed86fa7/,,https://api.robinhood.com/instruments/1408b43f-eea1-461b-b7a7-296daed86fa7/,1408b43f-eea1-461b-b7a7-296daed86fa7,1.00000000,24.96000000,0.02,filled,filled,,market,sell,gfd,immediate,,,1.00000000,,2018-03-19T16:38:22.634781Z,2018-03-19T16:38:23.208081Z,2018-03-19T16:38:22.839000Z,"[{'price': '24.96010000', 'quantity': '1.00000000', 'rounded_notional': None, 'settlement_date': '2018-03-21', 'timestamp': '2018-03-19T16:38:22.839000Z', 'id': '16c2a624-471b-45b7-81c4-078607f401ba', 'ipo_access_execution_rank': None, 'trade_execution_date': None}]",False,regular_hours,False,False,,,,,,,,,"{'amount': '24.96', 'currency_code': 'USD', 'currency_id': '1072fc76-1862-41ab-82c2-485837590762'}",,False,,,,,,False,True,False,True,0,,,,,False,,order_finalized,,
5906729c-36eb-4bd3-b7bf-0ec609b6948b,7d8fdc3f-9b07-49fc-84b7-fa06db479c53,https://api.robinhood.com/orders/5906729c-36eb-4bd3-b7bf-0ec609b6948b/,https://api.robinhood.com/accounts/5SE25445/,fa785cc9-e75d-40e1-ad49-9dad4a009457,https://api.robinhood.com/positions/5SE25445/e19d0a68-a377-4b22-80df-fd51871a87f2/,,https://api.robinhood.com/instruments/e19d0a68-a377-4b22-80df-fd51871a87f2/,e19d0a68-a377-4b22-80df-fd51871a87f2,4.00000000,0.25500000,0.00,filled,filled,,market,buy,gfd,immediate,0.26770000,,4.00000000,,2018-03-14T15:53:07.979759Z,2018-03-14T15:53:08.616234Z,2018-03-14T15:53:08.143000Z,"[{'price': '0.25509400', 'quantity': '4.00000000', 'rounded_notional': None, 'settlement_date': '2018-03-16', 'timestamp': '2018-03-14T15:53:08.143000Z', 'id': 'e682fbd4-9f4c-4af5-ace1-e9ac54229684', 'ipo_access_execution_rank': None, 'trade_execution_date': None}]",False,regular_hours,False,False,,,,,,,,"{'amount': '1.08', 'currency_code': 'USD', 'currency_id': '1072fc76-1862-41ab-82c2-485837590762'}","{'amount': '1.02', 'currency_code': 'USD', 'currency_id': '1072fc76-1862-41ab-82c2-485837590762'}",,False,,,,,,False,True,False,True,0,,,,,False,,order_finalized,,
034594ca-f582-4c7e-950b-130bdfb847d0,473f70fc-1a26-4e36-bff3-11b819aaca5f,https://api.robinhood.com/orders/034594ca-f582-4c7e-950b-130bdfb847d0/,https://api.robinhood.com/accounts/5SE25445/,fa785cc9-e75d-40e1-ad49-9dad4a009457,https://api.robinhood.com/positions/5SE25445/46858296-57ce-4025-b73b-4c0cf38cd673/,,https://api.robinhood.com/instruments/46858296-57ce-4025-b73b-4c0cf38cd673/,46858296-57ce-4025-b73b-4c0cf38cd673,10.00000000,0.18600000,0.00,filled,filled,,market,buy,gfd,immediate,0.19540000,,10.00000000,,2018-03-14T15:52:31.780519Z,2018-03-14T15:52:32.258043Z,2018-03-14T15:52:31.944000Z,"[{'price': '0.18620000', 'quantity': '10.00000000', 'rounded_notional': None, 'settlement_date': '2018-03-16', 'timestamp': '2018-03-14T15:52:31.944000Z', 'id': 'a619e249-d932-43cb-b892-c75b0b50b219', 'ipo_access_execution_rank': None, 'trade_execution_date': None}]",False,regular_hours,False,False,,,,,,,,"{'amount': '1.96', 'currency_code': 'USD', 'currency_id': '1072fc76-1862-41ab-82c2-485837590762'}","{'amount': '1.86', 'currency_code': 'USD', 'currency_id': '1072fc76-1862-41ab-82c2-485837590762'}",,False,,,,,,False,True,False,True,0,,,,,False,,order_finalized,,
1823cbbd-f5b4-45ff-9224-c73dea893892,9c16c05f-050d-4e29-b846-56c351945c91,https://api.robinhood.com/orders/1823cbbd-f5b4-45ff-9224-c73dea893892/,https://api.robinhood.com/accounts/5SE25445/,fa785cc9-e75d-40e1-ad49-9dad4a009457,https://api.robinhood.com/positions/5SE25445/af631bf4-c00e-4dcd-847a-70f18ac48a8c/,,https://api.robinhood.com/instruments/af631bf4-c00e-4dcd-847a-70f18ac48a8c/,af631bf4-c00e-4dcd-847a-70f18ac48a8c,1.00000000,6.55000000,0.00,filled,filled,,market,buy,gfd,immediate,6.95000000,,1.00000000,,2018-03-14T15:51:51.571608Z,2018-03-14T15:51:52.115517Z,2018-03-14T15:51:51.743000Z,"[{'price': '6.54500000', 'quantity': '1.00000000', 'rounded_notional': None, 'settlement_date': '2018-03-16', 'timestamp': '2018-03-14T15:51:51.743000Z', 'id': '42512c49-a166-4b54-b351-8af009d9a2ed', 'ipo_access_execution_rank': None, 'trade_execution_date': None}]",False,regular_hours,False,False,,,,,,,,"{'amount': '6.95', 'currency_code': 'USD', 'currency_id': '1072fc76-1862-41ab-82c2-485837590762'}","{'amount': '6.55', 'currency_code': 'USD', 'currency_id': '1072fc76-1862-41ab-82c2-485837590762'}",,False,,,,,,False,True,False,True,0,,,,,False,,order_finalized,,
bf9cd34e-ea35-4f70-8947-9e067818d957,ef9d8394-b117-4aca-bee1-4d7849c4e5b6,https://api.robinhood.com/orders/bf9cd34e-ea35-4f70-8947-9e067818d957/,https://api.robinhood.com/accounts/5SE25445/,fa785cc9-e75d-40e1-ad49-9dad4a009457,https://api.robinhood.com/positions/5SE25445/940fc3f5-1db5-4fed-b452-f3a2e4562b5f/,,https://api.robinhood.com/instruments/940fc3f5-1db5-4fed-b452-f3a2e4562b5f/,940fc3f5-1db5-4fed-b452-f3a2e4562b5f,1.00000000,11.34000000,0.00,filled,filled,,market,buy,gfd,immediate,11.90000000,,1.00000000,,2018-03-14T15:51:05.528190Z,2018-03-14T15:51:06.158089Z,2018-03-14T15:51:05.748000Z,"[{'price': '11.33500000', 'quantity': '1.00000000', 'rounded_notional': None, 'settlement_date': '2018-03-16', 'timestamp': '2018-03-14T15:51:05.748000Z', 'id': 'b60b6caa-41d5-4a18-9368-d8f98f5fd31d', 'ipo_access_execution_rank': None, 'trade_execution_date': None}]",False,regular_hours,False,False,,,,,,,,"{'amount': '11.90', 'currency_code': 'USD', 'currency_id': '1072fc76-1862-41ab-82c2-485837590762'}","{'amount': '11.34', 'currency_code': 'USD', 'currency_id': '1072fc76-1862-41ab-82c2-485837590762'}",,False,,,,,,False,True,False,True,0,,,,,False,,order_finalized,,
b7e6eb99-fc23-4e38-95a3-066f1d623e8b,b144c7b7-54f8-4342-b479-89fc6fb418fb,https://api.robinhood.com/orders/b7e6eb99-fc23-4e38-95a3-066f1d623e8b/,https://api.robinhood.com/accounts/5SE25445/,fa785cc9-e75d-40e1-ad49-9dad4a009457,https://api.robinhood.com/positions/5SE25445/6461e073-d21d-4371-aaf0-d24e4e7657bc/,,https://api.robinhood.com/instruments/6461e073-d21d-4371-aaf0-d24e4e7657bc/,6461e073-d21d-4371-aaf0-d24e4e7657bc,2.00000000,6.09000000,0.00,filled,filled,,market,buy,gfd,immediate,6.33000000,,2.00000000,,2018-03-14T15:50:03.869845Z,2018-03-14T15:50:04.659366Z,2018-03-14T15:50:04.244000Z,"[{'price': '6.08900000', 'quantity': '2.00000000', 'rounded_notional': None, 'settlement_date': '2018-03-16', 'timestamp': '2018-03-14T15:50:04.244000Z', 'id': '4fe59c96-83df-41a4-81db-013245d5ebec', 'ipo_access_execution_rank': None, 'trade_execution_date': None}]",False,regular_hours,False,False,,,,,,,,"{'amount': '12.66', 'currency_code': 'USD', 'currency_id': '1072fc76-1862-41ab-82c2-485837590762'}","{'amount': '12.18', 'currency_code': 'USD', 'currency_id': '1072fc76-1862-41ab-82c2-485837590762'}",,False,,,,,,False,True,False,True,0,,,,,False,,order_finalized,,
b41c3645-2d1c-4e7f-ace4-6559f615f52b,b850cbd5-c3a4-4215-94ef-209ddab84372,https://api.robinhood.com/orders/b41c3645-2d1c-4e7f-ace4-6559f615f52b/,https://api.robinhood.com/accounts/5SE25445/,fa785cc9-e75d-40e1-ad49-9dad4a009457,https://api.robinhood.com/positions/5SE25445/48bbe4a0-d167-4bfe-8d3b-494f9bb56350/,,https://api.robinhood.com/instruments/48bbe4a0-d167-4bfe-8d3b-494f9bb56350/,48bbe4a0-d167-4bfe-8d3b-494f9bb56350,1.00000000,38.05000000,0.00,filled,filled,,market,buy,gfd,immediate,39.94000000,,1.00000000,,2018-03-14T15:49:33.044700Z,2018-03-14T15:49:33.599527Z,2018-03-14T15:49:33.203000Z,"[{'price': '38.04500000', 'quantity': '1.00000000', 'rounded_notional': None, 'settlement_date': '2018-03-16', 'timestamp': '2018-03-14T15:49:33.203000Z', 'id': 'b9c34ac7-cda6-45c6-8b43-2570494bcee5', 'ipo_access_execution_rank': None, 'trade_execution_date': None}]",False,regular_hours,False,False,,,,,,,,"{'amount': '39.94', 'currency_code': 'USD', 'currency_id': '1072fc76-1862-41ab-82c2-485837590762'}","{'amount': '38.05', 'currency_code': 'USD', 'currency_id': '1072fc76-1862-41ab-82c2-485837590762'}",,False,,,,,,False,True,False,True,0,,,,,False,,order_finalized,,
e2992051-680a-40bb-9054-1ba204203b13,041c9a8e-d7eb-4d28-a838-aa425e766038,https://api.robinhood.com/orders/e2992051-680a-40bb-9054-1ba204203b13/,https://api.robinhood.com/accounts/5SE25445/,fa785cc9-e75d-40e1-ad49-9dad4a009457,https://api.robinhood.com/positions/5SE25445/39ff611b-84e7-425b-bfb8-6fe2a983fcf3/,,https://api.robinhood.com/instruments/39ff611b-84e7-425b-bfb8-6fe2a983fcf3/,39ff611b-84e7-425b-bfb8-6fe2a983fcf3,2.00000000,14.34000000,0.00,filled,filled,,market,buy,gfd,immediate,15.05000000,,2.00000000,,2018-03-14T15:48:57.092260Z,2018-03-14T15:48:57.450561Z,2018-03-14T15:48:57.244000Z,"[{'price': '14.33900000', 'quantity': '2.00000000', 'rounded_notional': None, 'settlement_date': '2018-03-16', 'timestamp': '2018-03-14T15:48:57.244000Z', 'id': '4a1e9450-cfcb-4838-9f11-fac20a112cd2', 'ipo_access_execution_rank': None, 'trade_execution_date': None}]",False,regular_hours,False,False,,,,,,,,"{'amount': '30.10', 'currency_code': 'USD', 'currency_id': '1072fc76-1862-41ab-82c2-485837590762'}","{'amount': '28.68', 'currency_code': 'USD', 'currency_id': '1072fc76-1862-41ab-82c2-485837590762'}",,False,,,,,,False,True,False,True,0,,,,,False,,order_finalized,,
152df812-637c-4ada-9a65-13e8c75c9206,2e71217b-f7f3-4005-8ffd-0bc7a75db968,https://api.robinhood.com/orders/152df812-637c-4ada-9a65-13e8c75c9206/,https://api.robinhood.com/accounts/5SE25445/,fa785cc9-e75d-40e1-ad49-9dad4a009457,https://api.robinhood.com/positions/5SE25445/db96273a-788f-4351-8d6d-3d716c1e12b5/,,https://api.robinhood.com/instruments/db96273a-788f-4351-8d6d-3d716c1e12b5/,db96273a-788f-4351-8d6d-3d716c1e12b5,1.00000000,2.21000000,0.00,filled,filled,,market,buy,gfd,immediate,2.31000000,,1.00000000,,2018-03-02T14:38:46.818382Z,2018-03-02T14:38:47.317843Z,2018-03-02T14:38:47.022000Z,"[{'price': '2.21000000', 'quantity': '1.00000000', 'rounded_notional': None, 'settlement_date': '2018-03-06', 'timestamp': '2018-03-02T14:38:47.022000Z', 'id': '4bc86958-6bd4-4538-b536-520f3b42e4ee', 'ipo_access_execution_rank': None, 'trade_execution_date': None}]",False,regular_hours,False,False,,,,,,,,"{'amount': '2.31', 'currency_code': 'USD', 'currency_id': '1072fc76-1862-41ab-82c2-485837590762'}","{'amount': '2.21', 'currency_code': 'USD', 'currency_id': '1072fc76-1862-41ab-82c2-485837590762'}",,False,,,,,,False,True,False,True,0,,,,,False,,order_finalized,,
323ec0c8-e46b-40bf-8dcc-e24e3d4e7fcf,f081c41e-1dc8-446d-8fab-64c556a8a21d,https://api.robinhood.com/orders/323ec0c8-e46b-40bf-8dcc-e24e3d4e7fcf/,https://api.robinhood.com/accounts/5SE25445/,fa785cc9-e75d-40e1-ad49-9dad4a009457,https://api.robinhood.com/positions/5SE25445/ee9ff5fd-abf3-4e11-bd82-c2ca55880f19/,,https://api.robinhood.com/instruments/ee9ff5fd-abf3-4e11-bd82-c2ca55880f19/,ee9ff5fd-abf3-4e11-bd82-c2ca55880f19,18.00000000,0.70110000,0.00,filled,filled,,market,buy,gfd,immediate,0.73600000,,18.00000000,,2018-02-27T16:02:12.081828Z,2018-02-27T16:02:12.655652Z,2018-02-27T16:02:12.277000Z,"[{'price': '0.70109600', 'quantity': '18.00000000', 'rounded_notional': None, 'settlement_date': '2018-03-01', 'timestamp': '2018-02-27T16:02:12.277000Z', 'id': '480353d0-bb17-4e21-9da8-be7e967004ee', 'ipo_access_execution_rank': None, 'trade_execution_date': None}]",False,regular_hours,False,False,,,,,,,,"{'amount': '13.25', 'currency_code': 'USD', 'currency_id': '1072fc76-1862-41ab-82c2-485837590762'}","{'amount': '12.62', 'currency_code': 'USD', 'currency_id': '1072fc76-1862-41ab-82c2-485837590762'}",,False,,,,,,False,True,False,True,0,,,,,False,,order_finalized,,
19d65e82-dfed-41d1-b90e-527756a38322,2e1ff684-a47f-42bd-8bec-b1bfdf354d60,https://api.robinhood.com/orders/19d65e82-dfed-41d1-b90e-527756a38322/,https://api.robinhood.com/accounts/5SE25445/,fa785cc9-e75d-40e1-ad49-9dad4a009457,https://api.robinhood.com/positions/5SE25445/1408b43f-eea1-461b-b7a7-296daed86fa7/,,https://api.robinhood.com/instruments/1408b43f-eea1-461b-b7a7-296daed86fa7/,1408b43f-eea1-461b-b7a7-296daed86fa7,1.00000000,24.96000000,0.00,filled,filled,,market,buy,gfd,immediate,26.16000000,,1.00000000,,2018-02-27T16:01:46.294190Z,2018-02-27T16:01:46.663173Z,2018-02-27T16:01:46.436000Z,"[{'price': '24.96000000', 'quantity': '1.00000000', 'rounded_notional': None, 'settlement_date': '2018-03-01', 'timestamp': '2018-02-27T16:01:46.436000Z', 'id': '3a676b27-054a-4ec3-8cc4-70ca6ff762b6', 'ipo_access_execution_rank': None, 'trade_execution_date': None}]",False,regular_hours,False,False,,,,,,,,"{'amount': '26.16', 'currency_code': 'USD', 'currency_id': '1072fc76-1862-41ab-82c2-485837590762'}","{'amount': '24.96', 'currency_code': 'USD', 'currency_id': '1072fc76-1862-41ab-82c2-485837590762'}",,False,,,,,,False,True,False,True,0,,,,,False,,order_finalized,,
2ea8385d-1162-4b3f-8d9a-8ccd72d9154d,e0822d8d-861f-4d11-b535-f6bc27619d55,https://api.robinhood.com/orders/2ea8385d-1162-4b3f-8d9a-8ccd72d9154d/,https://api.robinhood.com/accounts/5SE25445/,fa785cc9-e75d-40e1-ad49-9dad4a009457,https://api.robinhood.com/positions/5SE25445/2d133d5c-9689-4328-a298-2f246798ba35/,,https://api.robinhood.com/instruments/2d133d5c-9689-4328-a298-2f246798ba35/,2d133d5c-9689-4328-a298-2f246798ba35,1.00000000,20.31000000,0.00,filled,filled,,market,buy,gfd,immediate,21.32000000,,1.00000000,,2018-02-27T16:01:24.057547Z,2018-02-27T16:01:24.535755Z,2018-02-27T16:01:24.211000Z,"[{'price': '20.31000000', 'quantity': '1.00000000', 'rounded_notional': None, 'settlement_date': '2018-03-01', 'timestamp': '2018-02-27T16:01:24.211000Z', 'id': 'd808e272-401b-49db-b54e-2585e039247b', 'ipo_access_execution_rank': None, 'trade_execution_date': None}]",False,regular_hours,False,False,,,,,,,,"{'amount': '21.32', 'currency_code': 'USD', 'currency_id': '1072fc76-1862-41ab-82c2-485837590762'}","{'amount': '20.31', 'currency_code': 'USD', 'currency_id': '1072fc76-1862-41ab-82c2-485837590762'}",,False,,,,,,False,True,False,True,0,,,,,False,,order_finalized,,
f9c8a3dc-2000-4c2f-812f-c186d87d2ea0,ce770fa4-4e29-44f0-a922-0c50d76e6314,https://api.robinhood.com/orders/f9c8a3dc-2000-4c2f-812f-c186d87d2ea0/,https://api.robinhood.com/accounts/5SE25445/,fa785cc9-e75d-40e1-ad49-9dad4a009457,https://api.robinhood.com/positions/5SE25445/ee9ff5fd-abf3-4e11-bd82-c2ca55880f19/,,https://api.robinhood.com/instruments/ee9ff5fd-abf3-4e11-bd82-c2ca55880f19/,ee9ff5fd-abf3-4e11-bd82-c2ca55880f19,0.00000000,,0.00,cancelled,cancelled,,limit,buy,gtc,immediate,0.68900000,,85.00000000,,2018-02-26T15:00:54.851461Z,2018-02-26T15:03:28.247964Z,2018-02-26T15:03:28.083000Z,[],False,regular_hours,False,False,,,,,,,,"{'amount': '58.57', 'currency_code': 'USD', 'currency_id': '1072fc76-1862-41ab-82c2-485837590762'}",,,False,,,,,,False,True,False,True,0,,,,,False,,order_finalized,,
e84fa74e-9707-4ae9-ad1f-4dc4aed426f9,cbd04942-3e38-4b2c-bac8-f72e502c23d3,https://api.robinhood.com/orders/e84fa74e-9707-4ae9-ad1f-4dc4aed426f9/,https://api.robinhood.com/accounts/5SE25445/,fa785cc9-e75d-40e1-ad49-9dad4a009457,https://api.robinhood.com/positions/5SE25445/ebab2398-028d-4939-9f1d-13bf38f81c50/,,https://api.robinhood.com/instruments/ebab2398-028d-4939-9f1d-13bf38f81c50/,ebab2398-028d-4939-9f1d-13bf38f81c50,1.00000000,185.19000000,0.00,filled,filled,,market,buy,gfd,immediate,194.34000000,,1.00000000,,2018-02-26T14:59:18.033184Z,2018-02-26T14:59:18.475473Z,2018-02-26T14:59:18.223000Z,"[{'price': '185.19000000', 'quantity': '1.00000000', 'rounded_notional': None, 'settlement_date': '2018-02-28', 'timestamp': '2018-02-26T14:59:18.223000Z', 'id': '957e6f8f-a6ce-420d-9179-61602a71b5e8', 'ipo_access_execution_rank': None, 'trade_execution_date': None}]",False,regular_hours,False,False,,,,,,,,"{'amount': '194.34', 'currency_code': 'USD', 'currency_id': '1072fc76-1862-41ab-82c2-485837590762'}","{'amount': '185.19', 'currency_code': 'USD', 'currency_id': '1072fc76-1862-41ab-82c2-485837590762'}",,False,,,,,,False,True,False,True,0,,,,,False,,order_finalized,,
2dbd61f0-2d0b-43f8-84fd-85fd28211ac5,9b51180a-c031-4d54-90c3-7fdfb77516e7,https://api.robinhood.com/orders/2dbd61f0-2d0b-43f8-84fd-85fd28211ac5/,https://api.robinhood.com/accounts/5SE25445/,fa785cc9-e75d-40e1-ad49-9dad4a009457,https://api.robinhood.com/positions/5SE25445/de0e6dc1-ca4d-4df7-a07e-baad8b1fcc11/,,https://api.robinhood.com/instruments/de0e6dc1-ca4d-4df7-a07e-baad8b1fcc11/,de0e6dc1-ca4d-4df7-a07e-baad8b1fcc11,1.00000000,156.00000000,0.00,filled,filled,,limit,buy,gtc,immediate,156.00000000,,1.00000000,,2018-02-26T14:58:00.791115Z,2018-02-26T14:59:28.437296Z,2018-02-26T14:59:28.103000Z,"[{'price': '156.00000000', 'quantity': '1.00000000', 'rounded_notional': None, 'settlement_date': '2018-02-28', 'timestamp': '2018-02-26T14:59:28.103000Z', 'id': 'fe053409-4977-4ddf-87ad-9c251cbca5ae', 'ipo_access_execution_rank': None, 'trade_execution_date': None}]",False,regular_hours,False,False,,,,,,,,"{'amount': '156.00', 'currency_code': 'USD', 'currency_id': '1072fc76-1862-41ab-82c2-485837590762'}","{'amount': '156.00', 'currency_code': 'USD', 'currency_id': '1072fc76-1862-41ab-82c2-485837590762'}",,False,,,,,,False,True,False,True,0,,,,,False,,order_finalized,,
4840a755-a121-44bb-a404-2afede516205,d68b6e77-43b5-467e-b562-d34e0097e9de,https://api.robinhood.com/orders/4840a755-a121-44bb-a404-2afede516205/,https://api.robinhood.com/accounts/5SE25445/,fa785cc9-e75d-40e1-ad49-9dad4a009457,https://api.robinhood.com/positions/5SE25445/ee9ff5fd-abf3-4e11-bd82-c2ca55880f19/,,https://api.robinhood.com/instruments/ee9ff5fd-abf3-4e11-bd82-c2ca55880f19/,ee9ff5fd-abf3-4e11-bd82-c2ca55880f19,230.00000000,0.83060000,0.04,filled,filled,,market,sell,gfd,immediate,,,230.00000000,,2018-02-05T19:52:17.058061Z,2018-02-05T19:52:17.515387Z,2018-02-05T19:52:17Z,"[{'price': '0.83059600', 'quantity': '230.00000000', 'rounded_notional': None, 'settlement_date': '2018-02-07', 'timestamp': '2018-02-05T19:52:17Z', 'id': '9493ec9f-99c3-4bc6-87f2-508a555017d3', 'ipo_access_execution_rank': None, 'trade_execution_date': None}]",False,regular_hours,False,False,,,,,,,,,"{'amount': '191.04', 'currency_code': 'USD', 'currency_id': '1072fc76-1862-41ab-82c2-485837590762'}",,False,,,,,,False,True,False,True,0,,,,,False,,order_finalized,,
dd8adbc7-31f8-4dcf-b46e-daad8ed008e4,0c4b3060-34bf-43a0-a0b3-d31b9ea3c351,https://api.robinhood.com/orders/dd8adbc7-31f8-4dcf-b46e-daad8ed008e4/,https://api.robinhood.com/accounts/5SE25445/,fa785cc9-e75d-40e1-ad49-9dad4a009457,https://api.robinhood.com/positions/5SE25445/47b3ea92-713b-4f7b-bb63-8e441491950a/,,https://api.robinhood.com/instruments/47b3ea92-713b-4f7b-bb63-8e441491950a/,47b3ea92-713b-4f7b-bb63-8e441491950a,2.00000000,2.63500000,0.02,filled,filled,,market,sell,gfd,immediate,,,2.00000000,,2018-02-05T19:51:55.076519Z,2018-02-05T19:51:55.505699Z,2018-02-05T19:51:55.308000Z,"[{'price': '2.63500000', 'quantity': '2.00000000', 'rounded_notional': None, 'settlement_date': '2018-02-07', 'timestamp': '2018-02-05T19:51:55.308000Z', 'id': 'a21cb71a-84d7-4bc3-affb-4a73ab8134c3', 'ipo_access_execution_rank': None, 'trade_execution_date': None}]",False,regular_hours,False,False,,,,,,,,,"{'amount': '5.27', 'currency_code': 'USD', 'currency_id': '1072fc76-1862-41ab-82c2-485837590762'}",,False,,,,,,False,True,False,True,0,,,,,False,,order_finalized,,
c9092532-894d-46b8-b6c9-1af34a450965,3d70d4e0-27f1-4b3c-8c40-491a6e1a53a7,https://api.robinhood.com/orders/c9092532-894d-46b8-b6c9-1af34a450965/,https://api.robinhood.com/accounts/5SE25445/,fa785cc9-e75d-40e1-ad49-9dad4a009457,https://api.robinhood.com/positions/5SE25445/47b3ea92-713b-4f7b-bb63-8e441491950a/,,https://api.robinhood.com/instruments/47b3ea92-713b-4f7b-bb63-8e441491950a/,47b3ea92-713b-4f7b-bb63-8e441491950a,2.00000000,2.92000000,0.00,filled,filled,,market,buy,gfd,immediate,3.06000000,,2.00000000,,2018-02-02T15:24:59.585347Z,2018-02-02T15:24:59.909587Z,2018-02-02T15:24:59Z,"[{'price': '2.91980000', 'quantity': '2.00000000', 'rounded_notional': None, 'settlement_date': '2018-02-06', 'timestamp': '2018-02-02T15:24:59Z', 'id': 'b5531445-5faf-49ce-91d2-2019ce2698bf', 'ipo_access_execution_rank': None, 'trade_execution_date': None}]",False,regular_hours,False,False,,,,,,,,"{'amount': '6.12', 'currency_code': 'USD', 'currency_id': '1072fc76-1862-41ab-82c2-485837590762'}","{'amount': '5.84', 'currency_code': 'USD', 'currency_id': '1072fc76-1862-41ab-82c2-485837590762'}",,False,,,,,,False,True,False,True,0,,,,,False,,order_finalized,,
a40592de-1f04-46e6-ba07-b96dc9801418,3a7f0fc2-92d8-43e7-80a5-79bc920290c8,https://api.robinhood.com/orders/a40592de-1f04-46e6-ba07-b96dc9801418/,https://api.robinhood.com/accounts/5SE25445/,fa785cc9-e75d-40e1-ad49-9dad4a009457,https://api.robinhood.com/positions/5SE25445/ee9ff5fd-abf3-4e11-bd82-c2ca55880f19/,,https://api.robinhood.com/instruments/ee9ff5fd-abf3-4e11-bd82-c2ca55880f19/,ee9ff5fd-abf3-4e11-bd82-c2ca55880f19,130.00000000,0.81860000,0.00,filled,filled,,market,buy,gfd,immediate,0.85000000,,130.00000000,,2018-02-02T15:10:47.102399Z,2018-02-02T15:10:47.616247Z,2018-02-02T15:10:47Z,"[{'price': '0.81862400', 'quantity': '130.00000000', 'rounded_notional': None, 'settlement_date': '2018-02-06', 'timestamp': '2018-02-02T15:10:47Z', 'id': '1af805fa-8837-48ae-8d02-e24faaa09843', 'ipo_access_execution_rank': None, 'trade_execution_date': None}]",False,regular_hours,False,False,,,,,,,,"{'amount': '110.50', 'currency_code': 'USD', 'currency_id': '1072fc76-1862-41ab-82c2-485837590762'}","{'amount': '106.42', 'currency_code': 'USD', 'currency_id': '1072fc76-1862-41ab-82c2-485837590762'}",,False,,,,,,False,True,False,True,0,,,,,False,,order_finalized,,
21775f3c-01c1-4352-b3b8-b9e3570c0a92,14df57eb-3b02-43c7-90c8-e9cfec48a351,https://api.robinhood.com/orders/21775f3c-01c1-4352-b3b8-b9e3570c0a92/,https://api.robinhood.com/accounts/5SE25445/,fa785cc9-e75d-40e1-ad49-9dad4a009457,https://api.robinhood.com/positions/5SE25445/ee9ff5fd-abf3-4e11-bd82-c2ca55880f19/,,https://api.robinhood.com/instruments/ee9ff5fd-abf3-4e11-bd82-c2ca55880f19/,ee9ff5fd-abf3-4e11-bd82-c2ca55880f19,100.00000000,0.80960000,0.00,filled,filled,,market,buy,gfd,immediate,0.84010000,,100.00000000,,2018-02-02T15:10:34.779946Z,2018-02-02T15:10:35.169136Z,2018-02-02T15:10:34Z,"[{'price': '0.80960400', 'quantity': '100.00000000', 'rounded_notional': None, 'settlement_date': '2018-02-06', 'timestamp': '2018-02-02T15:10:34Z', 'id': 'ab216846-cec6-485b-a92a-16e0a7032fdc', 'ipo_access_execution_rank': None, 'trade_execution_date': None}]",False,regular_hours,False,False,,,,,,,,"{'amount': '84.01', 'currency_code': 'USD', 'currency_id': '1072fc76-1862-41ab-82c2-485837590762'}","{'amount': '80.96', 'currency_code': 'USD', 'currency_id': '1072fc76-1862-41ab-82c2-485837590762'}",,False,,,,,,False,True,False,True,0,,,,,False,,order_finalized,,
e65ee867-c1c8-476c-be51-c1b7e79f4053,b72ca66c-a80c-4908-bce8-4ce7bd4c5586,https://api.robinhood.com/orders/e65ee867-c1c8-476c-be51-c1b7e79f4053/,https://api.robinhood.com/accounts/5SE25445/,fa785cc9-e75d-40e1-ad49-9dad4a009457,https://api.robinhood.com/positions/5SE25445/e5016f28-0d89-45a2-a791-4ad20b692b8d/,,https://api.robinhood.com/instruments/e5016f28-0d89-45a2-a791-4ad20b692b8d/,e5016f28-0d89-45a2-a791-4ad20b692b8d,2.00000000,16.21000000,0.02,filled,filled,,market,sell,gfd,immediate,,,2.00000000,,2018-02-02T15:07:33.515536Z,2018-02-02T15:07:33.813492Z,2018-02-02T15:07:33.664000Z,"[{'price': '16.21010000', 'quantity': '2.00000000', 'rounded_notional': None, 'settlement_date': '2018-02-06', 'timestamp': '2018-02-02T15:07:33.664000Z', 'id': 'ea92ea4e-5724-449d-993d-ca69768f2590', 'ipo_access_execution_rank': None, 'trade_execution_date': None}]",False,regular_hours,False,False,,,,,,,,,"{'amount': '32.42', 'currency_code': 'USD', 'currency_id': '1072fc76-1862-41ab-82c2-485837590762'}",,False,,,,,,False,True,False,True,0,,,,,False,,order_finalized,,
f5a3f5d9-13b7-4fb4-8b77-57c13413ed0e,eb1bf173-7830-47a0-8efb-23a373c6bd14,https://api.robinhood.com/orders/f5a3f5d9-13b7-4fb4-8b77-57c13413ed0e/,https://api.robinhood.com/accounts/5SE25445/,fa785cc9-e75d-40e1-ad49-9dad4a009457,https://api.robinhood.com/positions/5SE25445/39ff611b-84e7-425b-bfb8-6fe2a983fcf3/,,https://api.robinhood.com/instruments/39ff611b-84e7-425b-bfb8-6fe2a983fcf3/,39ff611b-84e7-425b-bfb8-6fe2a983fcf3,3.00000000,15.80000000,0.02,filled,filled,,market,sell,gfd,immediate,,,3.00000000,,2018-02-02T15:07:23.842330Z,2018-02-02T15:07:24.211504Z,2018-02-02T15:07:24.067000Z,"[{'price': '15.80010000', 'quantity': '3.00000000', 'rounded_notional': None, 'settlement_date': '2018-02-06', 'timestamp': '2018-02-02T15:07:24.067000Z', 'id': '2df189ab-67bf-4c0a-8694-0a5bb62260c9', 'ipo_access_execution_rank': None, 'trade_execution_date': None}]",False,regular_hours,False,False,,,,,,,,,"{'amount': '47.40', 'currency_code': 'USD', 'currency_id': '1072fc76-1862-41ab-82c2-485837590762'}",,False,,,,,,False,True,False,True,0,,,,,False,,order_finalized,,
4c9e6400-f56d-46b4-9cb0-fb60aa4e30fe,81a56ec5-93d7-4a6a-bb77-6497025ac162,https://api.robinhood.com/orders/4c9e6400-f56d-46b4-9cb0-fb60aa4e30fe/,https://api.robinhood.com/accounts/5SE25445/,fa785cc9-e75d-40e1-ad49-9dad4a009457,https://api.robinhood.com/positions/5SE25445/b003dff4-7071-46ae-9a8d-6e4b4222edf0/,,https://api.robinhood.com/instruments/b003dff4-7071-46ae-9a8d-6e4b4222edf0/,b003dff4-7071-46ae-9a8d-6e4b4222edf0,2.00000000,7.47000000,0.02,filled,filled,,market,sell,gfd,immediate,,,2.00000000,,2018-02-02T15:07:12.364954Z,2018-02-02T15:07:12.751011Z,2018-02-02T15:07:12Z,"[{'price': '7.47020000', 'quantity': '2.00000000', 'rounded_notional': None, 'settlement_date': '2018-02-06', 'timestamp': '2018-02-02T15:07:12Z', 'id': '892b9416-88c4-401f-b1af-a3395321e481', 'ipo_access_execution_rank': None, 'trade_execution_date': None}]",False,regular_hours,False,False,,,,,,,,,"{'amount': '14.94', 'currency_code': 'USD', 'currency_id': '1072fc76-1862-41ab-82c2-485837590762'}",,False,,,,,,False,True,False,True,0,,,,,False,,order_finalized,,
46011922-2b79-4ea3-86dd-3d8dd09813cf,238f4654-c3c6-475f-bdea-cc9feb48d00a,https://api.robinhood.com/orders/46011922-2b79-4ea3-86dd-3d8dd09813cf/,https://api.robinhood.com/accounts/5SE25445/,fa785cc9-e75d-40e1-ad49-9dad4a009457,https://api.robinhood.com/positions/5SE25445/6df56bd0-0bf2-44ab-8875-f94fd8526942/,,https://api.robinhood.com/instruments/6df56bd0-0bf2-44ab-8875-f94fd8526942/,6df56bd0-0bf2-44ab-8875-f94fd8526942,5.00000000,10.74200000,0.02,filled,filled,,market,sell,gfd,immediate,,,5.00000000,,2018-02-02T15:06:56.635762Z,2018-02-02T15:06:56.909037Z,2018-02-02T15:06:56.764000Z,"[{'price': '10.74100000', 'quantity': '5.00000000', 'rounded_notional': None, 'settlement_date': '2018-02-06', 'timestamp': '2018-02-02T15:06:56.764000Z', 'id': '6a69b90a-8ec1-44c6-b217-af04b5171c52', 'ipo_access_execution_rank': None, 'trade_execution_date': None}]",False,regular_hours,False,False,,,,,,,,,"{'amount': '53.71', 'currency_code': 'USD', 'currency_id': '1072fc76-1862-41ab-82c2-485837590762'}",,False,,,,,,False,True,False,True,0,,,,,False,,order_finalized,,
e0b50e93-a85f-4b85-9741-1a2b089100b2,66ed1df7-0514-47ea-8638-3ff96f0ef8c4,https://api.robinhood.com/orders/e0b50e93-a85f-4b85-9741-1a2b089100b2/,https://api.robinhood.com/accounts/5SE25445/,fa785cc9-e75d-40e1-ad49-9dad4a009457,https://api.robinhood.com/positions/5SE25445/47b3ea92-713b-4f7b-bb63-8e441491950a/,,https://api.robinhood.com/instruments/47b3ea92-713b-4f7b-bb63-8e441491950a/,47b3ea92-713b-4f7b-bb63-8e441491950a,16.00000000,2.88500000,0.04,filled,filled,,market,sell,gfd,immediate,,,16.00000000,,2018-02-02T15:06:44.161436Z,2018-02-02T15:06:44.515826Z,2018-02-02T15:06:44.365000Z,"[{'price': '2.88500000', 'quantity': '12.00000000', 'rounded_notional': None, 'settlement_date': '2018-02-06', 'timestamp': '2018-02-02T15:06:44.364000Z', 'id': '47086df6-574b-4b16-ba3c-7d958fc81707', 'ipo_access_execution_rank': None, 'trade_execution_date': None}, {'price': '2.88500000', 'quantity': '4.00000000', 'rounded_notional': None, 'settlement_date': '2018-02-06', 'timestamp': '2018-02-02T15:06:44.365000Z', 'id': '8dce9e3b-0433-4095-8fb4-6ce9764ae452', 'ipo_access_execution_rank': None, 'trade_execution_date': None}]",False,regular_hours,False,False,,,,,,,,,"{'amount': '46.16', 'currency_code': 'USD', 'currency_id': '1072fc76-1862-41ab-82c2-485837590762'}",,False,,,,,,False,True,False,True,0,,,,,False,,order_finalized,,
8cb741e0-7025-4780-a387-49aa46194cfa,3b851df2-e2a0-418d-b0e5-1c7b526981fa,https://api.robinhood.com/orders/8cb741e0-7025-4780-a387-49aa46194cfa/,https://api.robinhood.com/accounts/5SE25445/,fa785cc9-e75d-40e1-ad49-9dad4a009457,https://api.robinhood.com/positions/5SE25445/b003dff4-7071-46ae-9a8d-6e4b4222edf0/,,https://api.robinhood.com/instruments/b003dff4-7071-46ae-9a8d-6e4b4222edf0/,b003dff4-7071-46ae-9a8d-6e4b4222edf0,2.00000000,7.88000000,0.00,filled,filled,,limit,buy,gfd,immediate,7.88000000,,2.00000000,,2018-01-19T20:43:04.016553Z,2018-01-19T20:43:04.315123Z,2018-01-19T20:43:04Z,"[{'price': '7.87980000', 'quantity': '2.00000000', 'rounded_notional': None, 'settlement_date': '2018-01-23', 'timestamp': '2018-01-19T20:43:04Z', 'id': '1d1ce7e5-2155-4653-8787-463ca92240b5', 'ipo_access_execution_rank': None, 'trade_execution_date': None}]",False,regular_hours,False,False,,,,,,,,"{'amount': '15.76', 'currency_code': 'USD', 'currency_id': '1072fc76-1862-41ab-82c2-485837590762'}","{'amount': '15.76', 'currency_code': 'USD', 'currency_id': '1072fc76-1862-41ab-82c2-485837590762'}",,False,,,,,,False,True,False,True,0,,,,,False,,order_finalized,,
5255c54e-8a7e-408b-859b-2d2cd72a947c,81705535-bffe-487a-870d-149b66c36cbf,https://api.robinhood.com/orders/5255c54e-8a7e-408b-859b-2d2cd72a947c/,https://api.robinhood.com/accounts/5SE25445/,fa785cc9-e75d-40e1-ad49-9dad4a009457,https://api.robinhood.com/positions/5SE25445/39ff611b-84e7-425b-bfb8-6fe2a983fcf3/,,https://api.robinhood.com/instruments/39ff611b-84e7-425b-bfb8-6fe2a983fcf3/,39ff611b-84e7-425b-bfb8-6fe2a983fcf3,3.00000000,16.28000000,0.00,filled,filled,,market,buy,gfd,immediate,17.08000000,,3.00000000,,2018-01-19T20:41:32.316104Z,2018-01-19T20:41:32.712551Z,2018-01-19T20:41:32.533000Z,"[{'price': '16.27900000', 'quantity': '3.00000000', 'rounded_notional': None, 'settlement_date': '2018-01-23', 'timestamp': '2018-01-19T20:41:32.533000Z', 'id': 'c6f5fc65-1aba-4126-b679-b692969485ce', 'ipo_access_execution_rank': None, 'trade_execution_date': None}]",False,regular_hours,False,False,,,,,,,,"{'amount': '51.24', 'currency_code': 'USD', 'currency_id': '1072fc76-1862-41ab-82c2-485837590762'}","{'amount': '48.84', 'currency_code': 'USD', 'currency_id': '1072fc76-1862-41ab-82c2-485837590762'}",,False,,,,,,False,True,False,True,0,,,,,False,,order_finalized,,
8f62a420-bc6b-4da2-97e7-ce0f071c37d5,9e0e23f0-2151-4939-99ac-059fdf883e24,https://api.robinhood.com/orders/8f62a420-bc6b-4da2-97e7-ce0f071c37d5/,https://api.robinhood.com/accounts/5SE25445/,fa785cc9-e75d-40e1-ad49-9dad4a009457,https://api.robinhood.com/positions/5SE25445/6df56bd0-0bf2-44ab-8875-f94fd8526942/,,https://api.robinhood.com/instruments/6df56bd0-0bf2-44ab-8875-f94fd8526942/,6df56bd0-0bf2-44ab-8875-f94fd8526942,5.00000000,11.96000000,0.02,filled,filled,,market,sell,gfd,immediate,,,5.00000000,,2018-01-19T20:41:16.070956Z,2018-01-19T20:41:16.332082Z,2018-01-19T20:41:16.196000Z,"[{'price': '11.96000000', 'quantity': '5.00000000', 'rounded_notional': None, 'settlement_date': '2018-01-23', 'timestamp': '2018-01-19T20:41:16.196000Z', 'id': 'a22290f5-6fb8-439c-91a6-5e4f3ee881c8', 'ipo_access_execution_rank': None, 'trade_execution_date': None}]",False,regular_hours,False,False,,,,,,,,,"{'amount': '59.80', 'currency_code': 'USD', 'currency_id': '1072fc76-1862-41ab-82c2-485837590762'}",,False,,,,,,False,True,False,True,0,,,,,False,,order_finalized,,
c7771756-d42a-4ec5-a282-892c65de52e5,faef2687-4671-4fe3-b589-968d9f14eb89,https://api.robinhood.com/orders/c7771756-d42a-4ec5-a282-892c65de52e5/,https://api.robinhood.com/accounts/5SE25445/,fa785cc9-e75d-40e1-ad49-9dad4a009457,https://api.robinhood.com/positions/5SE25445/47b3ea92-713b-4f7b-bb63-8e441491950a/,,https://api.robinhood.com/instruments/47b3ea92-713b-4f7b-bb63-8e441491950a/,47b3ea92-713b-4f7b-bb63-8e441491950a,16.00000000,3.86880000,0.00,filled,filled,,market,buy,gfd,immediate,4.05000000,,16.00000000,,2018-01-19T20:37:11.536149Z,2018-01-19T20:37:11.883909Z,2018-01-19T20:37:11.733000Z,"[{'price': '3.86900000', 'quantity': '16.00000000', 'rounded_notional': None, 'settlement_date': '2018-01-23', 'timestamp': '2018-01-19T20:37:11.733000Z', 'id': 'ed25c3f2-b1c5-4cf8-a1e3-27a50128d461', 'ipo_access_execution_rank': None, 'trade_execution_date': None}]",False,regular_hours,False,False,,,,,,,,"{'amount': '64.80', 'currency_code': 'USD', 'currency_id': '1072fc76-1862-41ab-82c2-485837590762'}","{'amount': '61.90', 'currency_code': 'USD', 'currency_id': '1072fc76-1862-41ab-82c2-485837590762'}",,False,,,,,,False,True,False,True,0,,,,,False,,order_finalized,,
bc0be06c-a8f3-4267-9718-118e2d4a3265,922f319d-80c7-4ca8-ae6c-afd1037495e7,https://api.robinhood.com/orders/bc0be06c-a8f3-4267-9718-118e2d4a3265/,https://api.robinhood.com/accounts/5SE25445/,fa785cc9-e75d-40e1-ad49-9dad4a009457,https://api.robinhood.com/positions/5SE25445/92e85187-3829-472a-a60b-d81d8cd5b8b3/,,https://api.robinhood.com/instruments/92e85187-3829-472a-a60b-d81d8cd5b8b3/,92e85187-3829-472a-a60b-d81d8cd5b8b3,1.00000000,11.17000000,0.02,filled,filled,,market,sell,gfd,immediate,,,1.00000000,,2018-01-19T20:31:50.164725Z,2018-01-19T20:31:50.443479Z,2018-01-19T20:31:50.307000Z,"[{'price': '11.17000000', 'quantity': '1.00000000', 'rounded_notional': None, 'settlement_date': '2018-01-23', 'timestamp': '2018-01-19T20:31:50.307000Z', 'id': '149cc3df-4b51-4dc3-8581-50094e6b3cab', 'ipo_access_execution_rank': None, 'trade_execution_date': None}]",False,regular_hours,False,False,,,,,,,,,"{'amount': '11.17', 'currency_code': 'USD', 'currency_id': '1072fc76-1862-41ab-82c2-485837590762'}",,False,,,,,,False,True,False,True,0,,,,,False,,order_finalized,,
dce92b2b-2dd8-41a9-bdc3-1bc971cea043,554698ae-b0b9-46f1-8e09-c8744ac99c9f,https://api.robinhood.com/orders/dce92b2b-2dd8-41a9-bdc3-1bc971cea043/,https://api.robinhood.com/accounts/5SE25445/,fa785cc9-e75d-40e1-ad49-9dad4a009457,https://api.robinhood.com/positions/5SE25445/ee9ff5fd-abf3-4e11-bd82-c2ca55880f19/,,https://api.robinhood.com/instruments/ee9ff5fd-abf3-4e11-bd82-c2ca55880f19/,ee9ff5fd-abf3-4e11-bd82-c2ca55880f19,20.00000000,0.99900000,0.02,filled,filled,,market,sell,gfd,immediate,,,20.00000000,,2018-01-18T17:42:23.147857Z,2018-01-18T17:42:23.722545Z,2018-01-18T17:42:23.581000Z,"[{'price': '0.99890000', 'quantity': '20.00000000', 'rounded_notional': None, 'settlement_date': '2018-01-22', 'timestamp': '2018-01-18T17:42:23.581000Z', 'id': '57b66d3a-717d-46d0-b5ee-09a987fb25f1', 'ipo_access_execution_rank': None, 'trade_execution_date': None}]",False,regular_hours,False,False,,,,,,,,,"{'amount': '19.98', 'currency_code': 'USD', 'currency_id': '1072fc76-1862-41ab-82c2-485837590762'}",,False,,,,,,False,True,False,True,0,,,,,False,,order_finalized,,
8daf6cf9-01a7-4117-8d55-cd0a1d8c671e,407a1c8e-15c1-4654-bb7b-c49b73aaa6ff,https://api.robinhood.com/orders/8daf6cf9-01a7-4117-8d55-cd0a1d8c671e/,https://api.robinhood.com/accounts/5SE25445/,fa785cc9-e75d-40e1-ad49-9dad4a009457,https://api.robinhood.com/positions/5SE25445/846ae64b-c4dd-432c-9f26-44afd60ed82b/,,https://api.robinhood.com/instruments/846ae64b-c4dd-432c-9f26-44afd60ed82b/,846ae64b-c4dd-432c-9f26-44afd60ed82b,1.00000000,28.30000000,0.02,filled,filled,,market,sell,gfd,immediate,,,1.00000000,,2018-01-18T17:42:08.169364Z,2018-01-18T17:42:08.495366Z,2018-01-18T17:42:08.361000Z,"[{'price': '28.30100000', 'quantity': '1.00000000', 'rounded_notional': None, 'settlement_date': '2018-01-22', 'timestamp': '2018-01-18T17:42:08.361000Z', 'id': 'a25b9d74-2056-4293-9f92-b9f2c99ee36f', 'ipo_access_execution_rank': None, 'trade_execution_date': None}]",False,regular_hours,False,False,,,,,,,,,"{'amount': '28.30', 'currency_code': 'USD', 'currency_id': '1072fc76-1862-41ab-82c2-485837590762'}",,False,,,,,,False,True,False,True,0,,,,,False,,order_finalized,,
83868592-a476-4ac6-8e86-e0cf952fb96d,cbde7c1c-e27b-4d6d-92d0-fee728b63956,https://api.robinhood.com/orders/83868592-a476-4ac6-8e86-e0cf952fb96d/,https://api.robinhood.com/accounts/5SE25445/,fa785cc9-e75d-40e1-ad49-9dad4a009457,https://api.robinhood.com/positions/5SE25445/6df56bd0-0bf2-44ab-8875-f94fd8526942/,,https://api.robinhood.com/instruments/6df56bd0-0bf2-44ab-8875-f94fd8526942/,6df56bd0-0bf2-44ab-8875-f94fd8526942,10.00000000,12.14000000,0.00,filled,filled,,market,buy,gfd,immediate,12.74000000,,10.00000000,,2018-01-17T20:57:42.638333Z,2018-01-17T20:57:43.008806Z,2018-01-17T20:57:42.880000Z,"[{'price': '12.14000000', 'quantity': '10.00000000', 'rounded_notional': None, 'settlement_date': '2018-01-19', 'timestamp': '2018-01-17T20:57:42.880000Z', 'id': '7b6125a8-05f0-4ee5-8e65-5096cf3fe15c', 'ipo_access_execution_rank': None, 'trade_execution_date': None}]",False,regular_hours,False,False,,,,,,,,"{'amount': '127.40', 'currency_code': 'USD', 'currency_id': '1072fc76-1862-41ab-82c2-485837590762'}","{'amount': '121.40', 'currency_code': 'USD', 'currency_id': '1072fc76-1862-41ab-82c2-485837590762'}",,False,,,,,,False,True,False,True,0,,,,,False,,order_finalized,,
25a0aa66-e3a5-4fe0-805c-143cfecef66b,d1e004b9-c875-4e0b-9fbf-21cccea08832,https://api.robinhood.com/orders/25a0aa66-e3a5-4fe0-805c-143cfecef66b/,https://api.robinhood.com/accounts/5SE25445/,fa785cc9-e75d-40e1-ad49-9dad4a009457,https://api.robinhood.com/positions/5SE25445/47b3ea92-713b-4f7b-bb63-8e441491950a/,,https://api.robinhood.com/instruments/47b3ea92-713b-4f7b-bb63-8e441491950a/,47b3ea92-713b-4f7b-bb63-8e441491950a,22.00000000,3.41500000,0.02,filled,filled,,market,sell,gfd,immediate,,,22.00000000,,2018-01-17T20:57:20.339831Z,2018-01-17T20:57:20.606348Z,2018-01-17T20:57:20.476000Z,"[{'price': '3.41500000', 'quantity': '22.00000000', 'rounded_notional': None, 'settlement_date': '2018-01-19', 'timestamp': '2018-01-17T20:57:20.476000Z', 'id': '66a9297c-fc13-4efa-9db6-2658d6009e9a', 'ipo_access_execution_rank': None, 'trade_execution_date': None}]",False,regular_hours,False,False,,,,,,,,,"{'amount': '75.13', 'currency_code': 'USD', 'currency_id': '1072fc76-1862-41ab-82c2-485837590762'}",,False,,,,,,False,True,False,True,0,,,,,False,,order_finalized,,
5d6ba0e3-2ad1-4883-9fd7-f7c59de597cf,08b1ea33-3998-4395-af40-3d0be9dd827c,https://api.robinhood.com/orders/5d6ba0e3-2ad1-4883-9fd7-f7c59de597cf/,https://api.robinhood.com/accounts/5SE25445/,fa785cc9-e75d-40e1-ad49-9dad4a009457,https://api.robinhood.com/positions/5SE25445/52b016e5-fedc-4bd0-a335-d3475afb39b1/,,https://api.robinhood.com/instruments/52b016e5-fedc-4bd0-a335-d3475afb39b1/,52b016e5-fedc-4bd0-a335-d3475afb39b1,10.00000000,1.36100000,0.02,filled,filled,,market,sell,gfd,immediate,,,10.00000000,,2018-01-17T20:57:08.122240Z,2018-01-17T20:57:08.404463Z,2018-01-17T20:57:08.271000Z,"[{'price': '1.36100000', 'quantity': '10.00000000', 'rounded_notional': None, 'settlement_date': '2018-01-19', 'timestamp': '2018-01-17T20:57:08.271000Z', 'id': '4b72b3b1-c794-4c78-86b2-786ac4de3d3c', 'ipo_access_execution_rank': None, 'trade_execution_date': None}]",False,regular_hours,False,False,,,,,,,,,"{'amount': '13.61', 'currency_code': 'USD', 'currency_id': '1072fc76-1862-41ab-82c2-485837590762'}",,False,,,,,,False,True,False,True,0,,,,,False,,order_finalized,,
c9c40649-d648-4ad8-bb2b-3e78835caa99,6a67fa1a-0391-4ebb-b171-210a386809df,https://api.robinhood.com/orders/c9c40649-d648-4ad8-bb2b-3e78835caa99/,https://api.robinhood.com/accounts/5SE25445/,fa785cc9-e75d-40e1-ad49-9dad4a009457,https://api.robinhood.com/positions/5SE25445/ee9ff5fd-abf3-4e11-bd82-c2ca55880f19/,,https://api.robinhood.com/instruments/ee9ff5fd-abf3-4e11-bd82-c2ca55880f19/,ee9ff5fd-abf3-4e11-bd82-c2ca55880f19,2.00000000,1.01000000,0.02,filled,filled,,market,sell,gfd,immediate,,,2.00000000,,2018-01-17T20:56:47.823843Z,2018-01-17T20:56:48.194182Z,2018-01-17T20:56:48Z,"[{'price': '1.01050000', 'quantity': '2.00000000', 'rounded_notional': None, 'settlement_date': '2018-01-19', 'timestamp': '2018-01-17T20:56:48Z', 'id': '319d9067-ec73-4cdd-ad77-0c287106d607', 'ipo_access_execution_rank': None, 'trade_execution_date': None}]",False,regular_hours,False,False,,,,,,,,,"{'amount': '2.02', 'currency_code': 'USD', 'currency_id': '1072fc76-1862-41ab-82c2-485837590762'}",,False,,,,,,False,True,False,True,0,,,,,False,,order_finalized,,
3d3d544d-1758-4260-ae06-7ebab6ecfabf,41ca2e93-4015-44df-866d-6b3822a4d709,https://api.robinhood.com/orders/3d3d544d-1758-4260-ae06-7ebab6ecfabf/,https://api.robinhood.com/accounts/5SE25445/,fa785cc9-e75d-40e1-ad49-9dad4a009457,https://api.robinhood.com/positions/5SE25445/46858296-57ce-4025-b73b-4c0cf38cd673/,,https://api.robinhood.com/instruments/46858296-57ce-4025-b73b-4c0cf38cd673/,46858296-57ce-4025-b73b-4c0cf38cd673,14.00000000,0.22930000,0.02,filled,filled,,market,sell,gfd,immediate,,,14.00000000,,2018-01-17T20:56:36.762498Z,2018-01-17T20:56:37.110048Z,2018-01-17T20:56:36.971000Z,"[{'price': '0.22900000', 'quantity': '14.00000000', 'rounded_notional': None, 'settlement_date': '2018-01-19', 'timestamp': '2018-01-17T20:56:36.971000Z', 'id': '59695c3a-f02c-467b-b883-2ece72e70ea2', 'ipo_access_execution_rank': None, 'trade_execution_date': None}]",False,regular_hours,False,False,,,,,,,,,"{'amount': '3.21', 'currency_code': 'USD', 'currency_id': '1072fc76-1862-41ab-82c2-485837590762'}",,False,,,,,,False,True,False,True,0,,,,,False,,order_finalized,,
c04652ae-83c6-451f-b861-62fa96d052c3,def9e650-b39f-473e-8aaf-30c40aad4083,https://api.robinhood.com/orders/c04652ae-83c6-451f-b861-62fa96d052c3/,https://api.robinhood.com/accounts/5SE25445/,fa785cc9-e75d-40e1-ad49-9dad4a009457,https://api.robinhood.com/positions/5SE25445/4bf2dd3a-2625-4b33-a833-c47c3f4202a1/,,https://api.robinhood.com/instruments/4bf2dd3a-2625-4b33-a833-c47c3f4202a1/,4bf2dd3a-2625-4b33-a833-c47c3f4202a1,1.00000000,30.28000000,0.02,filled,filled,,market,sell,gfd,immediate,,,1.00000000,,2018-01-17T20:56:26.772276Z,2018-01-17T20:56:27.146494Z,2018-01-17T20:56:26Z,"[{'price': '30.28040000', 'quantity': '1.00000000', 'rounded_notional': None, 'settlement_date': '2018-01-19', 'timestamp': '2018-01-17T20:56:26Z', 'id': '994a1baa-f035-4123-a852-3fec606a28fd', 'ipo_access_execution_rank': None, 'trade_execution_date': None}]",False,regular_hours,False,False,,,,,,,,,"{'amount': '30.28', 'currency_code': 'USD', 'currency_id': '1072fc76-1862-41ab-82c2-485837590762'}",,False,,,,,,False,True,False,True,0,,,,,False,,order_finalized,,
20044b19-bea6-4a67-9f45-30dd2a3c9827,e38c0614-7704-429e-9d25-4d37eba4759c,https://api.robinhood.com/orders/20044b19-bea6-4a67-9f45-30dd2a3c9827/,https://api.robinhood.com/accounts/5SE25445/,fa785cc9-e75d-40e1-ad49-9dad4a009457,https://api.robinhood.com/positions/5SE25445/53f6737c-4a9f-47c0-a9ae-21c70dde8bd6/,,https://api.robinhood.com/instruments/53f6737c-4a9f-47c0-a9ae-21c70dde8bd6/,53f6737c-4a9f-47c0-a9ae-21c70dde8bd6,27.00000000,0.16190000,0.02,filled,filled,,market,sell,gfd,immediate,,,27.00000000,,2018-01-12T20:04:56.668363Z,2018-01-12T20:04:57.033954Z,2018-01-12T20:04:56.862000Z,"[{'price': '0.16200000', 'quantity': '27.00000000', 'rounded_notional': None, 'settlement_date': '2018-01-17', 'timestamp': '2018-01-12T20:04:56.862000Z', 'id': '185eea58-ce12-4936-b1e4-2cae3fe9f3a7', 'ipo_access_execution_rank': None, 'trade_execution_date': None}]",False,regular_hours,False,False,,,,,,,,,"{'amount': '4.37', 'currency_code': 'USD', 'currency_id': '1072fc76-1862-41ab-82c2-485837590762'}",,False,,,,,,False,True,False,True,0,,,,,False,,order_finalized,,
e1529820-2f97-4794-b9e2-db1ac5824430,b4ffec55-8fe4-407e-a01b-7df940759a74,https://api.robinhood.com/orders/e1529820-2f97-4794-b9e2-db1ac5824430/,https://api.robinhood.com/accounts/5SE25445/,fa785cc9-e75d-40e1-ad49-9dad4a009457,https://api.robinhood.com/positions/5SE25445/4bf2dd3a-2625-4b33-a833-c47c3f4202a1/,,https://api.robinhood.com/instruments/4bf2dd3a-2625-4b33-a833-c47c3f4202a1/,4bf2dd3a-2625-4b33-a833-c47c3f4202a1,1.00000000,32.78000000,0.00,filled,filled,,limit,buy,gfd,immediate,32.78000000,,1.00000000,,2018-01-12T18:19:17.055332Z,2018-01-12T18:32:11.457705Z,2018-01-12T18:32:11Z,"[{'price': '32.78000000', 'quantity': '1.00000000', 'rounded_notional': None, 'settlement_date': '2018-01-17', 'timestamp': '2018-01-12T18:32:11Z', 'id': '9e3ce5ef-0fe9-4cfa-8c75-58aac1d9e196', 'ipo_access_execution_rank': None, 'trade_execution_date': None}]",False,regular_hours,False,False,,,,,,,,"{'amount': '32.78', 'currency_code': 'USD', 'currency_id': '1072fc76-1862-41ab-82c2-485837590762'}","{'amount': '32.78', 'currency_code': 'USD', 'currency_id': '1072fc76-1862-41ab-82c2-485837590762'}",,False,,,,,,False,True,False,True,0,,,,,False,,order_finalized,,
8feef84d-9ba5-41c8-9991-067cdcdd17da,483c26b5-3cd2-4aa9-8849-9555e31848f0,https://api.robinhood.com/orders/8feef84d-9ba5-41c8-9991-067cdcdd17da/,https://api.robinhood.com/accounts/5SE25445/,fa785cc9-e75d-40e1-ad49-9dad4a009457,https://api.robinhood.com/positions/5SE25445/b003dff4-7071-46ae-9a8d-6e4b4222edf0/,,https://api.robinhood.com/instruments/b003dff4-7071-46ae-9a8d-6e4b4222edf0/,b003dff4-7071-46ae-9a8d-6e4b4222edf0,3.00000000,7.92000000,0.02,filled,filled,,market,sell,gfd,immediate,,,3.00000000,,2018-01-12T18:17:15.676503Z,2018-01-12T18:17:16.089973Z,2018-01-12T18:17:15.919000Z,"[{'price': '7.92100000', 'quantity': '3.00000000', 'rounded_notional': None, 'settlement_date': '2018-01-17', 'timestamp': '2018-01-12T18:17:15.919000Z', 'id': '97a25f2f-531a-47ba-badd-3dfe5905ab1c', 'ipo_access_execution_rank': None, 'trade_execution_date': None}]",False,regular_hours,False,False,,,,,,,,,"{'amount': '23.76', 'currency_code': 'USD', 'currency_id': '1072fc76-1862-41ab-82c2-485837590762'}",,False,,,,,,False,True,False,True,0,,,,,False,,order_finalized,,
365abb72-f2f4-4a50-aef7-89a375b21bd7,b3d6c824-69a9-4dd1-9587-a95992c67794,https://api.robinhood.com/orders/365abb72-f2f4-4a50-aef7-89a375b21bd7/,https://api.robinhood.com/accounts/5SE25445/,fa785cc9-e75d-40e1-ad49-9dad4a009457,https://api.robinhood.com/positions/5SE25445/53f6737c-4a9f-47c0-a9ae-21c70dde8bd6/,,https://api.robinhood.com/instruments/53f6737c-4a9f-47c0-a9ae-21c70dde8bd6/,53f6737c-4a9f-47c0-a9ae-21c70dde8bd6,58.00000000,0.15860000,0.02,filled,filled,,market,sell,gfd,immediate,,,58.00000000,,2018-01-12T18:14:39.169941Z,2018-01-12T18:14:39.512439Z,2018-01-12T18:14:39.376000Z,"[{'price': '0.15860000', 'quantity': '58.00000000', 'rounded_notional': None, 'settlement_date': '2018-01-17', 'timestamp': '2018-01-12T18:14:39.376000Z', 'id': '1603f55c-e3b4-4b5a-aa01-c5f1dbcf7a69', 'ipo_access_execution_rank': None, 'trade_execution_date': None}]",False,regular_hours,False,False,,,,,,,,,"{'amount': '9.20', 'currency_code': 'USD', 'currency_id': '1072fc76-1862-41ab-82c2-485837590762'}",,False,,,,,,False,True,False,True,0,,,,,False,,order_finalized,,
96c9a81a-8632-43c9-9cb3-34ae9eefb1d5,11211a94-73f7-4f88-b544-73bef8aa9be5,https://api.robinhood.com/orders/96c9a81a-8632-43c9-9cb3-34ae9eefb1d5/,https://api.robinhood.com/accounts/5SE25445/,fa785cc9-e75d-40e1-ad49-9dad4a009457,https://api.robinhood.com/positions/5SE25445/53f6737c-4a9f-47c0-a9ae-21c70dde8bd6/,,https://api.robinhood.com/instruments/53f6737c-4a9f-47c0-a9ae-21c70dde8bd6/,53f6737c-4a9f-47c0-a9ae-21c70dde8bd6,1.00000000,0.18000000,0.00,filled,filled,,market,buy,gfd,immediate,0.19020000,,1.00000000,,2018-01-11T14:55:23.302093Z,2018-01-11T14:55:23.746163Z,2018-01-11T14:55:23.599000Z,"[{'price': '0.18250000', 'quantity': '1.00000000', 'rounded_notional': None, 'settlement_date': '2018-01-16', 'timestamp': '2018-01-11T14:55:23.599000Z', 'id': '4b08f2b2-0d17-4d5b-b207-d650ac2f4f91', 'ipo_access_execution_rank': None, 'trade_execution_date': None}]",False,regular_hours,False,False,,,,,,,,"{'amount': '0.20', 'currency_code': 'USD', 'currency_id': '1072fc76-1862-41ab-82c2-485837590762'}","{'amount': '0.18', 'currency_code': 'USD', 'currency_id': '1072fc76-1862-41ab-82c2-485837590762'}",,False,,,,,,False,True,False,True,0,,,,,False,,order_finalized,,
1bac962f-735d-496e-b657-53d3098bbe5f,ca73534a-2268-4c96-842c-b5ea275ccb6d,https://api.robinhood.com/orders/1bac962f-735d-496e-b657-53d3098bbe5f/,https://api.robinhood.com/accounts/5SE25445/,fa785cc9-e75d-40e1-ad49-9dad4a009457,https://api.robinhood.com/positions/5SE25445/53f6737c-4a9f-47c0-a9ae-21c70dde8bd6/,,https://api.robinhood.com/instruments/53f6737c-4a9f-47c0-a9ae-21c70dde8bd6/,53f6737c-4a9f-47c0-a9ae-21c70dde8bd6,30.00000000,0.17870000,0.00,filled,filled,,limit,buy,gtc,immediate,0.17860000,,30.00000000,,2018-01-11T14:55:03.989696Z,2018-01-11T15:56:41.523620Z,2018-01-11T15:56:41.388000Z,"[{'price': '0.17860000', 'quantity': '30.00000000', 'rounded_notional': None, 'settlement_date': '2018-01-16', 'timestamp': '2018-01-11T15:56:41.388000Z', 'id': '03d47b7e-6ecc-4772-8684-366fa80a6950', 'ipo_access_execution_rank': None, 'trade_execution_date': None}]",False,regular_hours,False,False,,,,,,,,"{'amount': '5.36', 'currency_code': 'USD', 'currency_id': '1072fc76-1862-41ab-82c2-485837590762'}","{'amount': '5.36', 'currency_code': 'USD', 'currency_id': '1072fc76-1862-41ab-82c2-485837590762'}",,False,,,,,,False,True,False,True,0,,,,,False,,order_finalized,,
84bec6bc-c642-481b-bf13-638cd0d7cf6f,350a8c4b-d4c1-42cf-8d7b-446329b91d19,https://api.robinhood.com/orders/84bec6bc-c642-481b-bf13-638cd0d7cf6f/,https://api.robinhood.com/accounts/5SE25445/,fa785cc9-e75d-40e1-ad49-9dad4a009457,https://api.robinhood.com/positions/5SE25445/846ae64b-c4dd-432c-9f26-44afd60ed82b/,,https://api.robinhood.com/instruments/846ae64b-c4dd-432c-9f26-44afd60ed82b/,846ae64b-c4dd-432c-9f26-44afd60ed82b,1.00000000,32.18000000,0.00,filled,filled,,limit,buy,gtc,immediate,32.18000000,,1.00000000,,2018-01-11T14:54:12.577223Z,2018-01-11T14:54:13.241242Z,2018-01-11T14:54:13.093000Z,"[{'price': '32.18000000', 'quantity': '1.00000000', 'rounded_notional': None, 'settlement_date': '2018-01-16', 'timestamp': '2018-01-11T14:54:13.093000Z', 'id': 'e8a15e33-0866-4b48-bca8-862732792bb6', 'ipo_access_execution_rank': None, 'trade_execution_date': None}]",False,regular_hours,False,False,,,,,,,,"{'amount': '32.18', 'currency_code': 'USD', 'currency_id': '1072fc76-1862-41ab-82c2-485837590762'}","{'amount': '32.18', 'currency_code': 'USD', 'currency_id': '1072fc76-1862-41ab-82c2-485837590762'}",,False,,,,,,False,True,False,True,0,,,,,False,,order_finalized,,
bf080bb4-5348-4f41-8a73-5aa5982c939e,0575ebaa-7c01-44ad-ab44-19992286d8b9,https://api.robinhood.com/orders/bf080bb4-5348-4f41-8a73-5aa5982c939e/,https://api.robinhood.com/accounts/5SE25445/,fa785cc9-e75d-40e1-ad49-9dad4a009457,https://api.robinhood.com/positions/5SE25445/53f6737c-4a9f-47c0-a9ae-21c70dde8bd6/,,https://api.robinhood.com/instruments/53f6737c-4a9f-47c0-a9ae-21c70dde8bd6/,53f6737c-4a9f-47c0-a9ae-21c70dde8bd6,27.00000000,0.18000000,0.00,filled,filled,,limit,buy,gtc,immediate,0.18000000,,27.00000000,,2018-01-11T14:50:58.966421Z,2018-01-11T14:54:40.820137Z,2018-01-11T14:54:40.679000Z,"[{'price': '0.18000000', 'quantity': '27.00000000', 'rounded_notional': None, 'settlement_date': '2018-01-16', 'timestamp': '2018-01-11T14:54:40.679000Z', 'id': '423b02fb-0ae1-412c-9fc4-c74d15f4d1d3', 'ipo_access_execution_rank': None, 'trade_execution_date': None}]",False,regular_hours,False,False,,,,,,,,"{'amount': '4.86', 'currency_code': 'USD', 'currency_id': '1072fc76-1862-41ab-82c2-485837590762'}","{'amount': '4.86', 'currency_code': 'USD', 'currency_id': '1072fc76-1862-41ab-82c2-485837590762'}",,False,,,,,,False,True,False,True,0,,,,,False,,order_finalized,,
1b0a40dd-c77b-4f12-a9df-d2e8bf064973,44f89f43-8bf5-40bf-a993-ae81c7bb9d27,https://api.robinhood.com/orders/1b0a40dd-c77b-4f12-a9df-d2e8bf064973/,https://api.robinhood.com/accounts/5SE25445/,fa785cc9-e75d-40e1-ad49-9dad4a009457,https://api.robinhood.com/positions/5SE25445/53e96ce4-c11c-4ad9-a0b8-38ae0d57251f/,,https://api.robinhood.com/instruments/53e96ce4-c11c-4ad9-a0b8-38ae0d57251f/,53e96ce4-c11c-4ad9-a0b8-38ae0d57251f,3.00000000,4.58000000,0.02,filled,filled,,market,sell,gfd,immediate,,,3.00000000,,2018-01-11T14:49:57.105058Z,2018-01-11T14:49:57.665239Z,2018-01-11T14:49:57Z,"[{'price': '4.58000000', 'quantity': '3.00000000', 'rounded_notional': None, 'settlement_date': '2018-01-16', 'timestamp': '2018-01-11T14:49:57Z', 'id': 'd71cfe8d-dbf2-46f5-930a-d1bf3a83044c', 'ipo_access_execution_rank': None, 'trade_execution_date': None}]",False,,False,False,,,,,,,,,"{'amount': '13.74', 'currency_code': 'USD', 'currency_id': '1072fc76-1862-41ab-82c2-485837590762'}",,False,,,,,,False,True,False,True,0,,,,,False,,order_finalized,,
e05968e4-ee6d-49c5-ab28-9fd1992c2ab2,3230b883-4156-4369-a74c-c2e7a03b7bfe,https://api.robinhood.com/orders/e05968e4-ee6d-49c5-ab28-9fd1992c2ab2/,https://api.robinhood.com/accounts/5SE25445/,fa785cc9-e75d-40e1-ad49-9dad4a009457,https://api.robinhood.com/positions/5SE25445/6df56bd0-0bf2-44ab-8875-f94fd8526942/,,https://api.robinhood.com/instruments/6df56bd0-0bf2-44ab-8875-f94fd8526942/,6df56bd0-0bf2-44ab-8875-f94fd8526942,2.00000000,13.07500000,0.02,filled,filled,,market,sell,gfd,immediate,,,2.00000000,,2018-01-11T14:48:32.455093Z,2018-01-11T14:48:32.943745Z,2018-01-11T14:48:32.796000Z,"[{'price': '13.07500000', 'quantity': '2.00000000', 'rounded_notional': None, 'settlement_date': '2018-01-16', 'timestamp': '2018-01-11T14:48:32.796000Z', 'id': '2b92b628-65b3-451c-a923-5719abda4d8a', 'ipo_access_execution_rank': None, 'trade_execution_date': None}]",False,regular_hours,False,False,,,,,,,,,"{'amount': '26.15', 'currency_code': 'USD', 'currency_id': '1072fc76-1862-41ab-82c2-485837590762'}",,False,,,,,,False,True,False,True,0,,,,,False,,order_finalized,,
927cf7ce-91a7-47dd-9e77-78311ae1202a,f084fbc0-95ed-4b9e-867f-be63b8494d97,https://api.robinhood.com/orders/927cf7ce-91a7-47dd-9e77-78311ae1202a/,https://api.robinhood.com/accounts/5SE25445/,fa785cc9-e75d-40e1-ad49-9dad4a009457,https://api.robinhood.com/positions/5SE25445/47b3ea92-713b-4f7b-bb63-8e441491950a/,,https://api.robinhood.com/instruments/47b3ea92-713b-4f7b-bb63-8e441491950a/,47b3ea92-713b-4f7b-bb63-8e441491950a,14.00000000,3.28570000,0.00,filled,filled,,market,buy,gfd,immediate,3.45000000,,14.00000000,,2018-01-11T14:45:26.328613Z,2018-01-11T14:45:26.754641Z,2018-01-11T14:45:26.600000Z,"[{'price': '3.28500000', 'quantity': '12.00000000', 'rounded_notional': None, 'settlement_date': '2018-01-16', 'timestamp': '2018-01-11T14:45:26.598000Z', 'id': '70c3a7f2-7ed8-4180-8a0f-4bcdd39a80a3', 'ipo_access_execution_rank': None, 'trade_execution_date': None}, {'price': '3.29000000', 'quantity': '2.00000000', 'rounded_notional': None, 'settlement_date': '2018-01-16', 'timestamp': '2018-01-11T14:45:26.600000Z', 'id': 'b4307eed-4fd8-4bc9-9ab1-a5d3a15ee7d2', 'ipo_access_execution_rank': None, 'trade_execution_date': None}]",False,regular_hours,False,False,,,,,,,,"{'amount': '48.30', 'currency_code': 'USD', 'currency_id': '1072fc76-1862-41ab-82c2-485837590762'}","{'amount': '46.00', 'currency_code': 'USD', 'currency_id': '1072fc76-1862-41ab-82c2-485837590762'}",,False,,,,,,False,True,False,True,0,,,,,False,,order_finalized,,
08aa1dd5-482e-482d-a10a-1fb9d09f5230,8ce667d0-a47e-49bf-bdd8-aefea8c34364,https://api.robinhood.com/orders/08aa1dd5-482e-482d-a10a-1fb9d09f5230/,https://api.robinhood.com/accounts/5SE25445/,fa785cc9-e75d-40e1-ad49-9dad4a009457,https://api.robinhood.com/positions/5SE25445/53f6737c-4a9f-47c0-a9ae-21c70dde8bd6/,,https://api.robinhood.com/instruments/53f6737c-4a9f-47c0-a9ae-21c70dde8bd6/,53f6737c-4a9f-47c0-a9ae-21c70dde8bd6,0.00000000,,0.00,cancelled,cancelled,,limit,sell,gtc,immediate,0.21000000,,27.00000000,,2018-01-11T14:44:46.603891Z,2018-01-12T20:04:42.854793Z,2018-01-12T20:04:42.705000Z,[],False,regular_hours,False,False,,,,,,,,"{'amount': '5.67', 'currency_code': 'USD', 'currency_id': '1072fc76-1862-41ab-82c2-485837590762'}",,,False,,,,,,False,True,False,True,0,,,,,False,,order_finalized,,
aeb21e1a-40fa-4d33-b2f9-e3f12f9a6808,883effe8-8f46-4472-aac5-ebad2feaa424,https://api.robinhood.com/orders/aeb21e1a-40fa-4d33-b2f9-e3f12f9a6808/,https://api.robinhood.com/accounts/5SE25445/,fa785cc9-e75d-40e1-ad49-9dad4a009457,https://api.robinhood.com/positions/5SE25445/af631bf4-c00e-4dcd-847a-70f18ac48a8c/,,https://api.robinhood.com/instruments/af631bf4-c00e-4dcd-847a-70f18ac48a8c/,af631bf4-c00e-4dcd-847a-70f18ac48a8c,7.00000000,6.95570000,0.02,filled,filled,,market,sell,gfd,immediate,,,7.00000000,,2018-01-11T14:43:23.014260Z,2018-01-11T14:43:23.362203Z,2018-01-11T14:43:23.196000Z,"[{'price': '6.95500000', 'quantity': '7.00000000', 'rounded_notional': None, 'settlement_date': '2018-01-16', 'timestamp': '2018-01-11T14:43:23.196000Z', 'id': '98383afc-70f9-4065-ba2b-f9aa4bf9da3b', 'ipo_access_execution_rank': None, 'trade_execution_date': None}]",False,regular_hours,False,False,,,,,,,,,"{'amount': '48.69', 'currency_code': 'USD', 'currency_id': '1072fc76-1862-41ab-82c2-485837590762'}",,False,,,,,,False,True,False,True,0,,,,,False,,order_finalized,,
17c4fa63-aa7b-4307-89e3-4914572206e4,1340df47-fb1f-49d7-a686-dfc00bd146df,https://api.robinhood.com/orders/17c4fa63-aa7b-4307-89e3-4914572206e4/,https://api.robinhood.com/accounts/5SE25445/,fa785cc9-e75d-40e1-ad49-9dad4a009457,https://api.robinhood.com/positions/5SE25445/46858296-57ce-4025-b73b-4c0cf38cd673/,,https://api.robinhood.com/instruments/46858296-57ce-4025-b73b-4c0cf38cd673/,46858296-57ce-4025-b73b-4c0cf38cd673,0.00000000,,0.00,cancelled,cancelled,,limit,sell,gfd,immediate,0.26000000,,14.00000000,,2018-01-11T14:30:45.949863Z,2018-01-11T21:01:31.915320Z,2018-01-11T21:01:31.783000Z,[],False,regular_hours,False,False,,,,,,,,"{'amount': '3.64', 'currency_code': 'USD', 'currency_id': '1072fc76-1862-41ab-82c2-485837590762'}",,,False,,,,,,False,True,False,True,0,,,,,False,,order_finalized,,
673fb363-0e95-4783-a647-d68a27f6996e,d7d9bb09-c9fb-4fc6-a022-f1a9522eef64,https://api.robinhood.com/orders/673fb363-0e95-4783-a647-d68a27f6996e/,https://api.robinhood.com/accounts/5SE25445/,fa785cc9-e75d-40e1-ad49-9dad4a009457,https://api.robinhood.com/positions/5SE25445/53f6737c-4a9f-47c0-a9ae-21c70dde8bd6/,,https://api.robinhood.com/instruments/53f6737c-4a9f-47c0-a9ae-21c70dde8bd6/,53f6737c-4a9f-47c0-a9ae-21c70dde8bd6,27.00000000,0.20110000,0.00,filled,filled,,limit,buy,gfd,immediate,0.20120000,,27.00000000,,2018-01-10T18:15:52.911377Z,2018-01-10T18:15:53.238928Z,2018-01-10T18:15:53.091000Z,"[{'price': '0.20120000', 'quantity': '27.00000000', 'rounded_notional': None, 'settlement_date': '2018-01-12', 'timestamp': '2018-01-10T18:15:53.091000Z', 'id': '4957d701-44d2-4f4c-b9c1-180ae24f4dc6', 'ipo_access_execution_rank': None, 'trade_execution_date': None}]",False,regular_hours,False,False,,,,,,,,"{'amount': '5.44', 'currency_code': 'USD', 'currency_id': '1072fc76-1862-41ab-82c2-485837590762'}","{'amount': '5.43', 'currency_code': 'USD', 'currency_id': '1072fc76-1862-41ab-82c2-485837590762'}",,False,,,,,,False,True,False,True,0,,,,,False,,order_finalized,,
392c6504-b76f-47c9-9a52-8f692a6210c4,84c00444-0346-46ec-840b-1d9ceda314aa,https://api.robinhood.com/orders/392c6504-b76f-47c9-9a52-8f692a6210c4/,https://api.robinhood.com/accounts/5SE25445/,fa785cc9-e75d-40e1-ad49-9dad4a009457,https://api.robinhood.com/positions/5SE25445/b003dff4-7071-46ae-9a8d-6e4b4222edf0/,,https://api.robinhood.com/instruments/b003dff4-7071-46ae-9a8d-6e4b4222edf0/,b003dff4-7071-46ae-9a8d-6e4b4222edf0,2.00000000,8.68000000,0.00,filled,filled,,market,buy,gfd,immediate,9.10000000,,2.00000000,,2018-01-10T18:06:43.235477Z,2018-01-10T18:06:43.626888Z,2018-01-10T18:06:43.490000Z,"[{'price': '8.68000000', 'quantity': '2.00000000', 'rounded_notional': None, 'settlement_date': '2018-01-12', 'timestamp': '2018-01-10T18:06:43.490000Z', 'id': 'c31cd4c8-c6f7-4b15-a238-cc2cb07f640a', 'ipo_access_execution_rank': None, 'trade_execution_date': None}]",False,regular_hours,False,False,,,,,,,,"{'amount': '18.20', 'currency_code': 'USD', 'currency_id': '1072fc76-1862-41ab-82c2-485837590762'}","{'amount': '17.36', 'currency_code': 'USD', 'currency_id': '1072fc76-1862-41ab-82c2-485837590762'}",,False,,,,,,False,True,False,True,0,,,,,False,,order_finalized,,
465f1adb-aad8-400f-9f66-b19b41eeb8fc,77ffac59-8c28-4751-9c46-825f18a16842,https://api.robinhood.com/orders/465f1adb-aad8-400f-9f66-b19b41eeb8fc/,https://api.robinhood.com/accounts/5SE25445/,fa785cc9-e75d-40e1-ad49-9dad4a009457,https://api.robinhood.com/positions/5SE25445/b003dff4-7071-46ae-9a8d-6e4b4222edf0/,,https://api.robinhood.com/instruments/b003dff4-7071-46ae-9a8d-6e4b4222edf0/,b003dff4-7071-46ae-9a8d-6e4b4222edf0,1.00000000,8.67000000,0.00,filled,filled,,limit,buy,gfd,immediate,8.67000000,,1.00000000,,2018-01-10T17:57:22.705431Z,2018-01-10T17:57:23.025368Z,2018-01-10T17:57:22.890000Z,"[{'price': '8.67000000', 'quantity': '1.00000000', 'rounded_notional': None, 'settlement_date': '2018-01-12', 'timestamp': '2018-01-10T17:57:22.890000Z', 'id': '231855a6-5d48-4a47-9279-1ba605cbe423', 'ipo_access_execution_rank': None, 'trade_execution_date': None}]",False,regular_hours,False,False,,,,,,,,"{'amount': '8.67', 'currency_code': 'USD', 'currency_id': '1072fc76-1862-41ab-82c2-485837590762'}","{'amount': '8.67', 'currency_code': 'USD', 'currency_id': '1072fc76-1862-41ab-82c2-485837590762'}",,False,,,,,,False,True,False,True,0,,,,,False,,order_finalized,,
38c587d9-1f75-4f4a-a614-4e928ae00c4b,f830570e-88d0-4264-a029-47e9dd3679a1,https://api.robinhood.com/orders/38c587d9-1f75-4f4a-a614-4e928ae00c4b/,https://api.robinhood.com/accounts/5SE25445/,fa785cc9-e75d-40e1-ad49-9dad4a009457,https://api.robinhood.com/positions/5SE25445/ee9ff5fd-abf3-4e11-bd82-c2ca55880f19/,,https://api.robinhood.com/instruments/ee9ff5fd-abf3-4e11-bd82-c2ca55880f19/,ee9ff5fd-abf3-4e11-bd82-c2ca55880f19,11.00000000,1.08000000,0.00,filled,filled,,market,buy,gfd,immediate,1.12000000,,11.00000000,,2018-01-10T17:51:35.354440Z,2018-01-10T17:51:35.730471Z,2018-01-10T17:51:35.590000Z,"[{'price': '1.08000000', 'quantity': '11.00000000', 'rounded_notional': None, 'settlement_date': '2018-01-12', 'timestamp': '2018-01-10T17:51:35.590000Z', 'id': '93e3651f-f0df-4d1b-b5b5-9ec69cac09fa', 'ipo_access_execution_rank': None, 'trade_execution_date': None}]",False,regular_hours,False,False,,,,,,,,"{'amount': '12.32', 'currency_code': 'USD', 'currency_id': '1072fc76-1862-41ab-82c2-485837590762'}","{'amount': '11.88', 'currency_code': 'USD', 'currency_id': '1072fc76-1862-41ab-82c2-485837590762'}",,False,,,,,,False,True,False,True,0,,,,,False,,order_finalized,,
89fdb316-198a-4d6a-bc6d-92856b581eda,3ee1ca90-c18b-419d-b6cf-dcaf8d31bbb8,https://api.robinhood.com/orders/89fdb316-198a-4d6a-bc6d-92856b581eda/,https://api.robinhood.com/accounts/5SE25445/,fa785cc9-e75d-40e1-ad49-9dad4a009457,https://api.robinhood.com/positions/5SE25445/e19d0a68-a377-4b22-80df-fd51871a87f2/,,https://api.robinhood.com/instruments/e19d0a68-a377-4b22-80df-fd51871a87f2/,e19d0a68-a377-4b22-80df-fd51871a87f2,7.00000000,0.26570000,0.02,filled,filled,,market,sell,gfd,immediate,,,7.00000000,,2018-01-10T17:48:03.088384Z,2018-01-10T17:48:03.424607Z,2018-01-10T17:48:03Z,"[{'price': '0.26606000', 'quantity': '7.00000000', 'rounded_notional': None, 'settlement_date': '2018-01-12', 'timestamp': '2018-01-10T17:48:03Z', 'id': 'b3ffaf3f-deeb-4a24-8fb1-6e9d1e7e1a35', 'ipo_access_execution_rank': None, 'trade_execution_date': None}]",False,regular_hours,False,False,,,,,,,,,"{'amount': '1.86', 'currency_code': 'USD', 'currency_id': '1072fc76-1862-41ab-82c2-485837590762'}",,False,,,,,,False,True,False,True,0,,,,,False,,order_finalized,,
a4fe0eea-3baf-4094-89a4-fb78955d4f7c,8a07a40d-ae4e-474a-b558-bf94fc66f7b3,https://api.robinhood.com/orders/a4fe0eea-3baf-4094-89a4-fb78955d4f7c/,https://api.robinhood.com/accounts/5SE25445/,fa785cc9-e75d-40e1-ad49-9dad4a009457,https://api.robinhood.com/positions/5SE25445/af631bf4-c00e-4dcd-847a-70f18ac48a8c/,,https://api.robinhood.com/instruments/af631bf4-c00e-4dcd-847a-70f18ac48a8c/,af631bf4-c00e-4dcd-847a-70f18ac48a8c,6.00000000,6.70000000,0.02,filled,filled,,market,sell,gfd,immediate,,,6.00000000,,2018-01-10T17:37:20.620852Z,2018-01-10T17:37:20.925043Z,2018-01-10T17:37:20.791000Z,"[{'price': '6.70000000', 'quantity': '6.00000000', 'rounded_notional': None, 'settlement_date': '2018-01-12', 'timestamp': '2018-01-10T17:37:20.791000Z', 'id': '1892a87d-bd8b-4bac-b1d2-e2460da469b6', 'ipo_access_execution_rank': None, 'trade_execution_date': None}]",False,regular_hours,False,False,,,,,,,,,"{'amount': '40.20', 'currency_code': 'USD', 'currency_id': '1072fc76-1862-41ab-82c2-485837590762'}",,False,,,,,,False,True,False,True,0,,,,,False,,order_finalized,,
a11b32ed-674f-48a3-b974-2b0dae49af09,ca427436-90b7-4aa8-8c67-79dd6e42d49e,https://api.robinhood.com/orders/a11b32ed-674f-48a3-b974-2b0dae49af09/,https://api.robinhood.com/accounts/5SE25445/,fa785cc9-e75d-40e1-ad49-9dad4a009457,https://api.robinhood.com/positions/5SE25445/53e96ce4-c11c-4ad9-a0b8-38ae0d57251f/,,https://api.robinhood.com/instruments/53e96ce4-c11c-4ad9-a0b8-38ae0d57251f/,53e96ce4-c11c-4ad9-a0b8-38ae0d57251f,3.00000000,4.53000000,0.00,filled,filled,,market,buy,gfd,immediate,4.72000000,,3.00000000,,2018-01-10T17:32:19.759392Z,2018-01-10T17:32:20.137614Z,2018-01-10T17:32:20.004000Z,"[{'price': '4.53000000', 'quantity': '3.00000000', 'rounded_notional': None, 'settlement_date': '2018-01-12', 'timestamp': '2018-01-10T17:32:20.004000Z', 'id': '49fc0b11-f8c4-4d81-9cdc-366accd6320e', 'ipo_access_execution_rank': None, 'trade_execution_date': None}]",False,,False,False,,,,,,,,"{'amount': '14.16', 'currency_code': 'USD', 'currency_id': '1072fc76-1862-41ab-82c2-485837590762'}","{'amount': '13.59', 'currency_code': 'USD', 'currency_id': '1072fc76-1862-41ab-82c2-485837590762'}",,False,,,,,,False,True,False,True,0,,,,,False,,order_finalized,,
e7c1a51e-50bb-4c17-8ec1-1f887b2bc592,8a23d7a8-a276-4cd5-9cdc-1039fb050f3c,https://api.robinhood.com/orders/e7c1a51e-50bb-4c17-8ec1-1f887b2bc592/,https://api.robinhood.com/accounts/5SE25445/,fa785cc9-e75d-40e1-ad49-9dad4a009457,https://api.robinhood.com/positions/5SE25445/db96273a-788f-4351-8d6d-3d716c1e12b5/,,https://api.robinhood.com/instruments/db96273a-788f-4351-8d6d-3d716c1e12b5/,db96273a-788f-4351-8d6d-3d716c1e12b5,5.00000000,1.86600000,0.02,filled,filled,,market,sell,gfd,immediate,,,5.00000000,,2018-01-10T17:27:16.845065Z,2018-01-10T17:27:17.249011Z,2018-01-10T17:27:17.108000Z,"[{'price': '1.86500000', 'quantity': '5.00000000', 'rounded_notional': None, 'settlement_date': '2018-01-12', 'timestamp': '2018-01-10T17:27:17.108000Z', 'id': '3fa66b47-b211-48b3-8a95-34fdd707d453', 'ipo_access_execution_rank': None, 'trade_execution_date': None}]",False,regular_hours,False,False,,,,,,,,,"{'amount': '9.33', 'currency_code': 'USD', 'currency_id': '1072fc76-1862-41ab-82c2-485837590762'}",,False,,,,,,False,True,False,True,0,,,,,False,,order_finalized,,
945c1012-f836-4557-bf06-ae428330ba45,c323087f-c74f-41ac-a69e-68f849bbad97,https://api.robinhood.com/orders/945c1012-f836-4557-bf06-ae428330ba45/,https://api.robinhood.com/accounts/5SE25445/,fa785cc9-e75d-40e1-ad49-9dad4a009457,https://api.robinhood.com/positions/5SE25445/a2d8c03a-4050-4a45-b816-870a56ef28fb/,,https://api.robinhood.com/instruments/a2d8c03a-4050-4a45-b816-870a56ef28fb/,a2d8c03a-4050-4a45-b816-870a56ef28fb,5.00000000,1.12000000,0.02,filled,filled,,market,sell,gfd,immediate,,,5.00000000,,2018-01-10T17:25:47.723067Z,2018-01-10T17:25:48.127760Z,2018-01-10T17:25:48Z,"[{'price': '1.12000000', 'quantity': '5.00000000', 'rounded_notional': None, 'settlement_date': '2018-01-12', 'timestamp': '2018-01-10T17:25:48Z', 'id': 'fa5cd792-a0fc-4ea0-b03f-6f9a23efef72', 'ipo_access_execution_rank': None, 'trade_execution_date': None}]",False,regular_hours,False,False,,,,,,,,,"{'amount': '5.60', 'currency_code': 'USD', 'currency_id': '1072fc76-1862-41ab-82c2-485837590762'}",,False,,,,,,False,True,False,True,0,,,,,False,,order_finalized,,
ba796103-6b44-4f41-9206-f11bcd2378e6,cc899fa2-ded4-4130-85d3-2f3d551c0e18,https://api.robinhood.com/orders/ba796103-6b44-4f41-9206-f11bcd2378e6/,https://api.robinhood.com/accounts/5SE25445/,fa785cc9-e75d-40e1-ad49-9dad4a009457,https://api.robinhood.com/positions/5SE25445/e19d0a68-a377-4b22-80df-fd51871a87f2/,,https://api.robinhood.com/instruments/e19d0a68-a377-4b22-80df-fd51871a87f2/,e19d0a68-a377-4b22-80df-fd51871a87f2,1.00000000,0.26000000,0.00,filled,filled,,market,buy,gfd,immediate,0.27400000,,1.00000000,,2018-01-09T19:57:27.145568Z,2018-01-09T19:57:27.552081Z,2018-01-09T19:57:27.372000Z,"[{'price': '0.26110000', 'quantity': '1.00000000', 'rounded_notional': None, 'settlement_date': '2018-01-11', 'timestamp': '2018-01-09T19:57:27.372000Z', 'id': 'b8648619-07f6-49ba-8188-cd528252715d', 'ipo_access_execution_rank': None, 'trade_execution_date': None}]",False,regular_hours,False,False,,,,,,,,"{'amount': '0.28', 'currency_code': 'USD', 'currency_id': '1072fc76-1862-41ab-82c2-485837590762'}","{'amount': '0.26', 'currency_code': 'USD', 'currency_id': '1072fc76-1862-41ab-82c2-485837590762'}",,False,,,,,,False,True,False,True,0,,,,,False,,order_finalized,,
739109cc-2dca-4557-b150-0e84aa1f44ff,03fc83ed-26e8-4f57-a8b9-5bdb0a7cd644,https://api.robinhood.com/orders/739109cc-2dca-4557-b150-0e84aa1f44ff/,https://api.robinhood.com/accounts/5SE25445/,fa785cc9-e75d-40e1-ad49-9dad4a009457,https://api.robinhood.com/positions/5SE25445/52b016e5-fedc-4bd0-a335-d3475afb39b1/,,https://api.robinhood.com/instruments/52b016e5-fedc-4bd0-a335-d3475afb39b1/,52b016e5-fedc-4bd0-a335-d3475afb39b1,9.00000000,1.26000000,0.00,filled,filled,,limit,buy,gfd,immediate,1.26000000,,9.00000000,,2018-01-09T19:49:43.617412Z,2018-01-09T19:49:44.047427Z,2018-01-09T19:49:43.870000Z,"[{'price': '1.26000000', 'quantity': '9.00000000', 'rounded_notional': None, 'settlement_date': '2018-01-11', 'timestamp': '2018-01-09T19:49:43.870000Z', 'id': '69122fa0-47e7-4953-843f-68a50778bb9e', 'ipo_access_execution_rank': None, 'trade_execution_date': None}]",False,regular_hours,False,False,,,,,,,,"{'amount': '11.34', 'currency_code': 'USD', 'currency_id': '1072fc76-1862-41ab-82c2-485837590762'}","{'amount': '11.34', 'currency_code': 'USD', 'currency_id': '1072fc76-1862-41ab-82c2-485837590762'}",,False,,,,,,False,True,False,True,0,,,,,False,,order_finalized,,
7085fef9-bd47-45eb-a498-808fdb2a43f4,5fc4a4b9-bf53-47c1-b00e-d33b79985b17,https://api.robinhood.com/orders/7085fef9-bd47-45eb-a498-808fdb2a43f4/,https://api.robinhood.com/accounts/5SE25445/,fa785cc9-e75d-40e1-ad49-9dad4a009457,https://api.robinhood.com/positions/5SE25445/ee9ff5fd-abf3-4e11-bd82-c2ca55880f19/,,https://api.robinhood.com/instruments/ee9ff5fd-abf3-4e11-bd82-c2ca55880f19/,ee9ff5fd-abf3-4e11-bd82-c2ca55880f19,10.00000000,1.11000000,0.00,filled,filled,,market,buy,gfd,immediate,1.16000000,,10.00000000,,2018-01-09T19:49:17.765984Z,2018-01-09T19:49:18.147561Z,2018-01-09T19:49:17.972000Z,"[{'price': '1.11000000', 'quantity': '10.00000000', 'rounded_notional': None, 'settlement_date': '2018-01-11', 'timestamp': '2018-01-09T19:49:17.972000Z', 'id': '8bc2246f-e83a-4133-a19d-fb0b4bd81533', 'ipo_access_execution_rank': None, 'trade_execution_date': None}]",False,regular_hours,False,False,,,,,,,,"{'amount': '11.60', 'currency_code': 'USD', 'currency_id': '1072fc76-1862-41ab-82c2-485837590762'}","{'amount': '11.10', 'currency_code': 'USD', 'currency_id': '1072fc76-1862-41ab-82c2-485837590762'}",,False,,,,,,False,True,False,True,0,,,,,False,,order_finalized,,
bf8c7b41-09fc-48dc-9b81-6a090145c074,9aa46927-d425-4ce8-97a4-c9bdc7f92857,https://api.robinhood.com/orders/bf8c7b41-09fc-48dc-9b81-6a090145c074/,https://api.robinhood.com/accounts/5SE25445/,fa785cc9-e75d-40e1-ad49-9dad4a009457,https://api.robinhood.com/positions/5SE25445/a2d8c03a-4050-4a45-b816-870a56ef28fb/,,https://api.robinhood.com/instruments/a2d8c03a-4050-4a45-b816-870a56ef28fb/,a2d8c03a-4050-4a45-b816-870a56ef28fb,5.00000000,1.06000000,0.00,filled,filled,,market,buy,gfd,immediate,1.11000000,,5.00000000,,2018-01-09T19:46:27.161287Z,2018-01-09T19:46:27.564614Z,2018-01-09T19:46:27.414000Z,"[{'price': '1.06000000', 'quantity': '5.00000000', 'rounded_notional': None, 'settlement_date': '2018-01-11', 'timestamp': '2018-01-09T19:46:27.414000Z', 'id': 'fb9fd7e9-4344-4093-8655-e4245908d11d', 'ipo_access_execution_rank': None, 'trade_execution_date': None}]",False,regular_hours,False,False,,,,,,,,"{'amount': '5.55', 'currency_code': 'USD', 'currency_id': '1072fc76-1862-41ab-82c2-485837590762'}","{'amount': '5.30', 'currency_code': 'USD', 'currency_id': '1072fc76-1862-41ab-82c2-485837590762'}",,False,,,,,,False,True,False,True,0,,,,,False,,order_finalized,,
d57b0fb0-8664-49fc-b012-6952c2f8de15,809acd15-6f66-495a-b703-6e06840b14fe,https://api.robinhood.com/orders/d57b0fb0-8664-49fc-b012-6952c2f8de15/,https://api.robinhood.com/accounts/5SE25445/,fa785cc9-e75d-40e1-ad49-9dad4a009457,https://api.robinhood.com/positions/5SE25445/db96273a-788f-4351-8d6d-3d716c1e12b5/,,https://api.robinhood.com/instruments/db96273a-788f-4351-8d6d-3d716c1e12b5/,db96273a-788f-4351-8d6d-3d716c1e12b5,5.00000000,1.82000000,0.00,filled,filled,,market,buy,gfd,immediate,1.91000000,,5.00000000,,2018-01-09T19:43:13.753337Z,2018-01-09T19:43:14.254996Z,2018-01-09T19:43:14Z,"[{'price': '1.81980000', 'quantity': '5.00000000', 'rounded_notional': None, 'settlement_date': '2018-01-11', 'timestamp': '2018-01-09T19:43:14Z', 'id': '547a8020-4760-44b7-bc7b-54e14aa56dc0', 'ipo_access_execution_rank': None, 'trade_execution_date': None}]",False,regular_hours,False,False,,,,,,,,"{'amount': '9.55', 'currency_code': 'USD', 'currency_id': '1072fc76-1862-41ab-82c2-485837590762'}","{'amount': '9.10', 'currency_code': 'USD', 'currency_id': '1072fc76-1862-41ab-82c2-485837590762'}",,False,,,,,,False,True,False,True,0,,,,,False,,order_finalized,,
4ab4a768-c118-41d7-bb17-2d3684cb2d4b,deb4c787-fce0-4539-9847-c68a1a5144c3,https://api.robinhood.com/orders/4ab4a768-c118-41d7-bb17-2d3684cb2d4b/,https://api.robinhood.com/accounts/5SE25445/,fa785cc9-e75d-40e1-ad49-9dad4a009457,https://api.robinhood.com/positions/5SE25445/39ff611b-84e7-425b-bfb8-6fe2a983fcf3/,,https://api.robinhood.com/instruments/39ff611b-84e7-425b-bfb8-6fe2a983fcf3/,39ff611b-84e7-425b-bfb8-6fe2a983fcf3,2.00000000,18.57500000,0.02,filled,filled,,market,sell,gfd,immediate,,,2.00000000,,2018-01-09T19:41:26.992319Z,2018-01-09T19:41:27.449568Z,2018-01-09T19:41:27.277000Z,"[{'price': '18.57500000', 'quantity': '2.00000000', 'rounded_notional': None, 'settlement_date': '2018-01-11', 'timestamp': '2018-01-09T19:41:27.277000Z', 'id': 'b452889d-686c-45fd-9f0d-bb3afc533547', 'ipo_access_execution_rank': None, 'trade_execution_date': None}]",False,regular_hours,False,False,,,,,,,,,"{'amount': '37.15', 'currency_code': 'USD', 'currency_id': '1072fc76-1862-41ab-82c2-485837590762'}",,False,,,,,,False,True,False,True,0,,,,,False,,order_finalized,,
ace116fd-fd78-49af-904d-f4e97511131b,ca514d4b-c430-4861-bfe1-af8e5a417b1a,https://api.robinhood.com/orders/ace116fd-fd78-49af-904d-f4e97511131b/,https://api.robinhood.com/accounts/5SE25445/,fa785cc9-e75d-40e1-ad49-9dad4a009457,https://api.robinhood.com/positions/5SE25445/e19d0a68-a377-4b22-80df-fd51871a87f2/,,https://api.robinhood.com/instruments/e19d0a68-a377-4b22-80df-fd51871a87f2/,e19d0a68-a377-4b22-80df-fd51871a87f2,2.00000000,0.26500000,0.00,filled,filled,,limit,buy,gfd,immediate,0.26500000,,2.00000000,,2018-01-09T18:08:50.171964Z,2018-01-09T18:09:21.532501Z,2018-01-09T18:09:21.378000Z,"[{'price': '0.26500000', 'quantity': '2.00000000', 'rounded_notional': None, 'settlement_date': '2018-01-11', 'timestamp': '2018-01-09T18:09:21.378000Z', 'id': '8472ee9c-ff3c-40b1-9102-e6705ed9e496', 'ipo_access_execution_rank': None, 'trade_execution_date': None}]",False,regular_hours,False,False,,,,,,,,"{'amount': '0.53', 'currency_code': 'USD', 'currency_id': '1072fc76-1862-41ab-82c2-485837590762'}","{'amount': '0.53', 'currency_code': 'USD', 'currency_id': '1072fc76-1862-41ab-82c2-485837590762'}",,False,,,,,,False,True,False,True,0,,,,,False,,order_finalized,,
d53f8efb-5664-4986-9e5c-f2ce8841f550,cf9ecebe-b520-41b4-a706-3b8d99fa6dab,https://api.robinhood.com/orders/d53f8efb-5664-4986-9e5c-f2ce8841f550/,https://api.robinhood.com/accounts/5SE25445/,fa785cc9-e75d-40e1-ad49-9dad4a009457,https://api.robinhood.com/positions/5SE25445/47b3ea92-713b-4f7b-bb63-8e441491950a/,,https://api.robinhood.com/instruments/47b3ea92-713b-4f7b-bb63-8e441491950a/,47b3ea92-713b-4f7b-bb63-8e441491950a,8.00000000,3.22000000,0.00,filled,filled,,limit,buy,gtc,immediate,3.22000000,,8.00000000,,2018-01-09T17:06:32.953812Z,2018-01-09T17:07:19.071422Z,2018-01-09T17:07:18.934000Z,"[{'price': '3.22000000', 'quantity': '8.00000000', 'rounded_notional': None, 'settlement_date': '2018-01-11', 'timestamp': '2018-01-09T17:07:18.934000Z', 'id': '15fb5ef3-3bbb-4d62-aa64-7f69eb1df2c2', 'ipo_access_execution_rank': None, 'trade_execution_date': None}]",False,regular_hours,False,False,,,,,,,,"{'amount': '25.76', 'currency_code': 'USD', 'currency_id': '1072fc76-1862-41ab-82c2-485837590762'}","{'amount': '25.76', 'currency_code': 'USD', 'currency_id': '1072fc76-1862-41ab-82c2-485837590762'}",,False,,,,,,False,True,False,True,0,,,,,False,,order_finalized,,
563f619d-078a-461e-8c40-985cfc1d8482,5a896a89-e227-4b80-b8dc-c02e391fb2af,https://api.robinhood.com/orders/563f619d-078a-461e-8c40-985cfc1d8482/,https://api.robinhood.com/accounts/5SE25445/,fa785cc9-e75d-40e1-ad49-9dad4a009457,https://api.robinhood.com/positions/5SE25445/6bff5af5-3c35-460e-b020-ee158d42ca99/,,https://api.robinhood.com/instruments/6bff5af5-3c35-460e-b020-ee158d42ca99/,6bff5af5-3c35-460e-b020-ee158d42ca99,9.00000000,2.10000000,0.02,filled,filled,,market,sell,gfd,immediate,,,9.00000000,,2018-01-09T16:51:30.606724Z,2018-01-09T16:51:31.091124Z,2018-01-09T16:51:30Z,"[{'price': '2.10050000', 'quantity': '9.00000000', 'rounded_notional': None, 'settlement_date': '2018-01-11', 'timestamp': '2018-01-09T16:51:30Z', 'id': '197d93d2-d4e6-401b-a192-6153f73a2a16', 'ipo_access_execution_rank': None, 'trade_execution_date': None}]",False,regular_hours,False,False,,,,,,,,,"{'amount': '18.90', 'currency_code': 'USD', 'currency_id': '1072fc76-1862-41ab-82c2-485837590762'}",,False,,,,,,False,True,False,True,0,,,,,False,,order_finalized,,
e0767c7f-8db7-4444-9c1d-9bf888f1263a,f364a670-4c82-476c-9dac-d9cb1bc787bb,https://api.robinhood.com/orders/e0767c7f-8db7-4444-9c1d-9bf888f1263a/,https://api.robinhood.com/accounts/5SE25445/,fa785cc9-e75d-40e1-ad49-9dad4a009457,https://api.robinhood.com/positions/5SE25445/d79db4e0-c54c-489d-8876-f8653f035bb9/,,https://api.robinhood.com/instruments/d79db4e0-c54c-489d-8876-f8653f035bb9/,d79db4e0-c54c-489d-8876-f8653f035bb9,7.00000000,0.73570000,0.02,filled,filled,,market,sell,gfd,immediate,,,7.00000000,,2018-01-09T16:49:58.989846Z,2018-01-09T16:49:59.338973Z,2018-01-09T16:49:59Z,"[{'price': '0.73500000', 'quantity': '7.00000000', 'rounded_notional': None, 'settlement_date': '2018-01-11', 'timestamp': '2018-01-09T16:49:59Z', 'id': 'b4e84d08-a52b-4ffe-ade0-4b1b6fa47134', 'ipo_access_execution_rank': None, 'trade_execution_date': None}]",False,regular_hours,False,False,,,,,,,,,"{'amount': '5.15', 'currency_code': 'USD', 'currency_id': '1072fc76-1862-41ab-82c2-485837590762'}",,False,,,,,,False,True,False,True,0,,,,,False,,order_finalized,,
a2d67fd0-e4d8-4f14-a180-6c63994cc8fe,ddf95396-61a1-4a78-a35a-2b0adfa47fae,https://api.robinhood.com/orders/a2d67fd0-e4d8-4f14-a180-6c63994cc8fe/,https://api.robinhood.com/accounts/5SE25445/,fa785cc9-e75d-40e1-ad49-9dad4a009457,https://api.robinhood.com/positions/5SE25445/53f6737c-4a9f-47c0-a9ae-21c70dde8bd6/,,https://api.robinhood.com/instruments/53f6737c-4a9f-47c0-a9ae-21c70dde8bd6/,53f6737c-4a9f-47c0-a9ae-21c70dde8bd6,8.00000000,0.25630000,0.02,filled,filled,,market,sell,gfd,immediate,,,8.00000000,,2018-01-09T16:49:34.415105Z,2018-01-09T16:49:34.750235Z,2018-01-09T16:49:34.605000Z,"[{'price': '0.25670000', 'quantity': '8.00000000', 'rounded_notional': None, 'settlement_date': '2018-01-11', 'timestamp': '2018-01-09T16:49:34.605000Z', 'id': 'f1620a81-3a0d-4a82-8251-252b163ad80d', 'ipo_access_execution_rank': None, 'trade_execution_date': None}]",False,regular_hours,False,False,,,,,,,,,"{'amount': '2.05', 'currency_code': 'USD', 'currency_id': '1072fc76-1862-41ab-82c2-485837590762'}",,False,,,,,,False,True,False,True,0,,,,,False,,order_finalized,,
d6849cd4-60fb-4f32-9c8a-398bbe082ffb,bf4c533f-1b1e-4397-97b4-8fc349e5e6f9,https://api.robinhood.com/orders/d6849cd4-60fb-4f32-9c8a-398bbe082ffb/,https://api.robinhood.com/accounts/5SE25445/,fa785cc9-e75d-40e1-ad49-9dad4a009457,https://api.robinhood.com/positions/5SE25445/46858296-57ce-4025-b73b-4c0cf38cd673/,,https://api.robinhood.com/instruments/46858296-57ce-4025-b73b-4c0cf38cd673/,46858296-57ce-4025-b73b-4c0cf38cd673,4.00000000,0.25250000,0.00,filled,filled,,market,buy,gfd,immediate,0.26390000,,4.00000000,,2018-01-08T16:37:47.153933Z,2018-01-08T16:37:47.553474Z,2018-01-08T16:37:47.404000Z,"[{'price': '0.25250000', 'quantity': '4.00000000', 'rounded_notional': None, 'settlement_date': '2018-01-10', 'timestamp': '2018-01-08T16:37:47.404000Z', 'id': '33cbdf6a-cab5-4c9c-b235-8819b86b4544', 'ipo_access_execution_rank': None, 'trade_execution_date': None}]",False,regular_hours,False,False,,,,,,,,"{'amount': '1.06', 'currency_code': 'USD', 'currency_id': '1072fc76-1862-41ab-82c2-485837590762'}","{'amount': '1.01', 'currency_code': 'USD', 'currency_id': '1072fc76-1862-41ab-82c2-485837590762'}",,False,,,,,,False,True,False,True,0,,,,,False,,order_finalized,,
29205fec-e637-4f93-b1fc-08e08ab0e4b3,d6b42fc4-aefe-46b0-b362-c4cc15db0149,https://api.robinhood.com/orders/29205fec-e637-4f93-b1fc-08e08ab0e4b3/,https://api.robinhood.com/accounts/5SE25445/,fa785cc9-e75d-40e1-ad49-9dad4a009457,https://api.robinhood.com/positions/5SE25445/6bff5af5-3c35-460e-b020-ee158d42ca99/,,https://api.robinhood.com/instruments/6bff5af5-3c35-460e-b020-ee158d42ca99/,6bff5af5-3c35-460e-b020-ee158d42ca99,7.00000000,2.53000000,0.00,filled,filled,,market,buy,gfd,immediate,2.65000000,,7.00000000,,2018-01-08T16:37:26.940703Z,2018-01-08T16:37:27.259743Z,2018-01-08T16:37:27.105000Z,"[{'price': '2.53000000', 'quantity': '7.00000000', 'rounded_notional': None, 'settlement_date': '2018-01-10', 'timestamp': '2018-01-08T16:37:27.105000Z', 'id': '413cbc2e-5c31-4b69-9926-55316144c6ca', 'ipo_access_execution_rank': None, 'trade_execution_date': None}]",False,regular_hours,False,False,,,,,,,,"{'amount': '18.55', 'currency_code': 'USD', 'currency_id': '1072fc76-1862-41ab-82c2-485837590762'}","{'amount': '17.71', 'currency_code': 'USD', 'currency_id': '1072fc76-1862-41ab-82c2-485837590762'}",,False,,,,,,False,True,False,True,0,,,,,False,,order_finalized,,
603e2453-35ae-491d-9b32-0ce4662be4a3,49f3862a-333c-4227-9f98-c34414a76b28,https://api.robinhood.com/orders/603e2453-35ae-491d-9b32-0ce4662be4a3/,https://api.robinhood.com/accounts/5SE25445/,fa785cc9-e75d-40e1-ad49-9dad4a009457,https://api.robinhood.com/positions/5SE25445/52b016e5-fedc-4bd0-a335-d3475afb39b1/,,https://api.robinhood.com/instruments/52b016e5-fedc-4bd0-a335-d3475afb39b1/,52b016e5-fedc-4bd0-a335-d3475afb39b1,1.00000000,1.37000000,0.00,filled,filled,,market,buy,gfd,immediate,1.42000000,,1.00000000,,2018-01-08T16:34:48.211382Z,2018-01-08T16:34:48.623759Z,2018-01-08T16:34:48.473000Z,"[{'price': '1.36900000', 'quantity': '1.00000000', 'rounded_notional': None, 'settlement_date': '2018-01-10', 'timestamp': '2018-01-08T16:34:48.473000Z', 'id': '1e3dc2a5-f34f-448a-ba04-3d0442045da0', 'ipo_access_execution_rank': None, 'trade_execution_date': None}]",False,regular_hours,False,False,,,,,,,,"{'amount': '1.42', 'currency_code': 'USD', 'currency_id': '1072fc76-1862-41ab-82c2-485837590762'}","{'amount': '1.37', 'currency_code': 'USD', 'currency_id': '1072fc76-1862-41ab-82c2-485837590762'}",,False,,,,,,False,True,False,True,0,,,,,False,,order_finalized,,
5279be7c-28d7-4d20-a9f5-1630c190de51,8669660f-ef84-4be1-afc2-79a1a9bf733a,https://api.robinhood.com/orders/5279be7c-28d7-4d20-a9f5-1630c190de51/,https://api.robinhood.com/accounts/5SE25445/,fa785cc9-e75d-40e1-ad49-9dad4a009457,https://api.robinhood.com/positions/5SE25445/53f6737c-4a9f-47c0-a9ae-21c70dde8bd6/,,https://api.robinhood.com/instruments/53f6737c-4a9f-47c0-a9ae-21c70dde8bd6/,53f6737c-4a9f-47c0-a9ae-21c70dde8bd6,8.00000000,0.14130000,0.00,filled,filled,,market,buy,gfd,immediate,0.14790000,,8.00000000,,2018-01-08T16:34:15.534882Z,2018-01-08T16:34:15.967017Z,2018-01-08T16:34:15.808000Z,"[{'price': '0.14150000', 'quantity': '8.00000000', 'rounded_notional': None, 'settlement_date': '2018-01-10', 'timestamp': '2018-01-08T16:34:15.808000Z', 'id': '0e01bc72-a36f-4dfb-9d49-1e05cc27fb13', 'ipo_access_execution_rank': None, 'trade_execution_date': None}]",False,regular_hours,False,False,,,,,,,,"{'amount': '1.19', 'currency_code': 'USD', 'currency_id': '1072fc76-1862-41ab-82c2-485837590762'}","{'amount': '1.13', 'currency_code': 'USD', 'currency_id': '1072fc76-1862-41ab-82c2-485837590762'}",,False,,,,,,False,True,False,True,0,,,,,False,,order_finalized,,
b3fd8bf3-b0d8-46d9-b847-212a3162a735,c4dcdb30-dc18-4da4-8977-355726fbcdb1,https://api.robinhood.com/orders/b3fd8bf3-b0d8-46d9-b847-212a3162a735/,https://api.robinhood.com/accounts/5SE25445/,fa785cc9-e75d-40e1-ad49-9dad4a009457,https://api.robinhood.com/positions/5SE25445/46858296-57ce-4025-b73b-4c0cf38cd673/,,https://api.robinhood.com/instruments/46858296-57ce-4025-b73b-4c0cf38cd673/,46858296-57ce-4025-b73b-4c0cf38cd673,10.00000000,0.25000000,0.00,filled,filled,,market,buy,gfd,immediate,0.26260000,,10.00000000,,2018-01-08T16:33:48.470923Z,2018-01-08T16:33:48.835552Z,2018-01-08T16:33:48.674000Z,"[{'price': '0.25020000', 'quantity': '10.00000000', 'rounded_notional': None, 'settlement_date': '2018-01-10', 'timestamp': '2018-01-08T16:33:48.674000Z', 'id': 'a83a8c36-3d10-4eef-8d8f-83789e6df96a', 'ipo_access_execution_rank': None, 'trade_execution_date': None}]",False,regular_hours,False,False,,,,,,,,"{'amount': '2.63', 'currency_code': 'USD', 'currency_id': '1072fc76-1862-41ab-82c2-485837590762'}","{'amount': '2.50', 'currency_code': 'USD', 'currency_id': '1072fc76-1862-41ab-82c2-485837590762'}",,False,,,,,,False,True,False,True,0,,,,,False,,order_finalized,,
4e19823c-6e30-4cfc-8792-dd7b4f55dfaf,76d880ee-7113-4a2c-8f53-93017ec9a85e,https://api.robinhood.com/orders/4e19823c-6e30-4cfc-8792-dd7b4f55dfaf/,https://api.robinhood.com/accounts/5SE25445/,fa785cc9-e75d-40e1-ad49-9dad4a009457,https://api.robinhood.com/positions/5SE25445/e19d0a68-a377-4b22-80df-fd51871a87f2/,,https://api.robinhood.com/instruments/e19d0a68-a377-4b22-80df-fd51871a87f2/,e19d0a68-a377-4b22-80df-fd51871a87f2,4.00000000,0.27250000,0.00,filled,filled,,market,buy,gfd,immediate,0.28570000,,4.00000000,,2018-01-08T16:32:54.537209Z,2018-01-08T16:32:54.928820Z,2018-01-08T16:32:54Z,"[{'price': '0.27210000', 'quantity': '4.00000000', 'rounded_notional': None, 'settlement_date': '2018-01-10', 'timestamp': '2018-01-08T16:32:54Z', 'id': 'acd303bb-6f89-4508-97a6-d73890e14565', 'ipo_access_execution_rank': None, 'trade_execution_date': None}]",False,regular_hours,False,False,,,,,,,,"{'amount': '1.15', 'currency_code': 'USD', 'currency_id': '1072fc76-1862-41ab-82c2-485837590762'}","{'amount': '1.09', 'currency_code': 'USD', 'currency_id': '1072fc76-1862-41ab-82c2-485837590762'}",,False,,,,,,False,True,False,True,0,,,,,False,,order_finalized,,
f8d48348-384b-4fd3-8a72-6ff68d2e05d0,bb49fce0-dd7c-477b-8104-a96d5e58726b,https://api.robinhood.com/orders/f8d48348-384b-4fd3-8a72-6ff68d2e05d0/,https://api.robinhood.com/accounts/5SE25445/,fa785cc9-e75d-40e1-ad49-9dad4a009457,https://api.robinhood.com/positions/5SE25445/e5016f28-0d89-45a2-a791-4ad20b692b8d/,,https://api.robinhood.com/instruments/e5016f28-0d89-45a2-a791-4ad20b692b8d/,e5016f28-0d89-45a2-a791-4ad20b692b8d,2.00000000,15.97000000,0.00,filled,filled,,market,buy,gfd,immediate,16.76000000,,2.00000000,,2018-01-08T16:32:24.871885Z,2018-01-08T16:32:25.228410Z,2018-01-08T16:32:25.074000Z,"[{'price': '15.97000000', 'quantity': '2.00000000', 'rounded_notional': None, 'settlement_date': '2018-01-10', 'timestamp': '2018-01-08T16:32:25.074000Z', 'id': 'ec5f278e-4451-45db-8abe-e77b7a159543', 'ipo_access_execution_rank': None, 'trade_execution_date': None}]",False,regular_hours,False,False,,,,,,,,"{'amount': '33.52', 'currency_code': 'USD', 'currency_id': '1072fc76-1862-41ab-82c2-485837590762'}","{'amount': '31.94', 'currency_code': 'USD', 'currency_id': '1072fc76-1862-41ab-82c2-485837590762'}",,False,,,,,,False,True,False,True,0,,,,,False,,order_finalized,,
2fdc8bf4-14f0-4454-ae8f-2983499d17fd,a3e1c8e7-7a14-4dc0-85d3-7fbe32fa23c8,https://api.robinhood.com/orders/2fdc8bf4-14f0-4454-ae8f-2983499d17fd/,https://api.robinhood.com/accounts/5SE25445/,fa785cc9-e75d-40e1-ad49-9dad4a009457,https://api.robinhood.com/positions/5SE25445/ee9ff5fd-abf3-4e11-bd82-c2ca55880f19/,,https://api.robinhood.com/instruments/ee9ff5fd-abf3-4e11-bd82-c2ca55880f19/,ee9ff5fd-abf3-4e11-bd82-c2ca55880f19,1.00000000,1.22000000,0.00,filled,filled,,market,buy,gfd,immediate,1.27000000,,1.00000000,,2018-01-08T16:30:56.833823Z,2018-01-08T16:30:57.156127Z,2018-01-08T16:30:57.003000Z,"[{'price': '1.22000000', 'quantity': '1.00000000', 'rounded_notional': None, 'settlement_date': '2018-01-10', 'timestamp': '2018-01-08T16:30:57.003000Z', 'id': '79c7a217-3600-4136-b801-fc6a0ef85edc', 'ipo_access_execution_rank': None, 'trade_execution_date': None}]",False,regular_hours,False,False,,,,,,,,"{'amount': '1.27', 'currency_code': 'USD', 'currency_id': '1072fc76-1862-41ab-82c2-485837590762'}","{'amount': '1.22', 'currency_code': 'USD', 'currency_id': '1072fc76-1862-41ab-82c2-485837590762'}",,False,,,,,,False,True,False,True,0,,,,,False,,order_finalized,,
61fcbeba-5112-4e31-a2ea-60fed84e353a,03cc0b1d-2c3f-4ac3-9ce3-4b39bd0425bc,https://api.robinhood.com/orders/61fcbeba-5112-4e31-a2ea-60fed84e353a/,https://api.robinhood.com/accounts/5SE25445/,fa785cc9-e75d-40e1-ad49-9dad4a009457,https://api.robinhood.com/positions/5SE25445/846ae64b-c4dd-432c-9f26-44afd60ed82b/,,https://api.robinhood.com/instruments/846ae64b-c4dd-432c-9f26-44afd60ed82b/,846ae64b-c4dd-432c-9f26-44afd60ed82b,2.00000000,28.81000000,0.02,filled,filled,,market,sell,gfd,immediate,,,2.00000000,,2018-01-08T16:26:15.363221Z,2018-01-08T16:26:15.729179Z,2018-01-08T16:26:15.573000Z,"[{'price': '28.81100000', 'quantity': '2.00000000', 'rounded_notional': None, 'settlement_date': '2018-01-10', 'timestamp': '2018-01-08T16:26:15.573000Z', 'id': '73529096-b62e-4589-98a3-2defad1e3347', 'ipo_access_execution_rank': None, 'trade_execution_date': None}]",False,regular_hours,False,False,,,,,,,,,"{'amount': '57.62', 'currency_code': 'USD', 'currency_id': '1072fc76-1862-41ab-82c2-485837590762'}",,False,,,,,,False,True,False,True,0,,,,,False,,order_finalized,,
7d5b18c4-e0be-404d-bf38-a759d004c7fa,771bf428-ff1f-4e42-9fd6-81415da4edbe,https://api.robinhood.com/orders/7d5b18c4-e0be-404d-bf38-a759d004c7fa/,https://api.robinhood.com/accounts/5SE25445/,fa785cc9-e75d-40e1-ad49-9dad4a009457,https://api.robinhood.com/positions/5SE25445/39ff611b-84e7-425b-bfb8-6fe2a983fcf3/,,https://api.robinhood.com/instruments/39ff611b-84e7-425b-bfb8-6fe2a983fcf3/,39ff611b-84e7-425b-bfb8-6fe2a983fcf3,1.00000000,18.17000000,0.00,filled,filled,,limit,buy,gfd,immediate,18.17000000,,1.00000000,,2018-01-08T16:03:21.369768Z,2018-01-08T16:03:21.727459Z,2018-01-08T16:03:21.574000Z,"[{'price': '18.16500000', 'quantity': '1.00000000', 'rounded_notional': None, 'settlement_date': '2018-01-10', 'timestamp': '2018-01-08T16:03:21.574000Z', 'id': '2180a329-d948-4338-832d-abc6f9c62e55', 'ipo_access_execution_rank': None, 'trade_execution_date': None}]",False,regular_hours,False,False,,,,,,,,"{'amount': '18.17', 'currency_code': 'USD', 'currency_id': '1072fc76-1862-41ab-82c2-485837590762'}","{'amount': '18.17', 'currency_code': 'USD', 'currency_id': '1072fc76-1862-41ab-82c2-485837590762'}",,False,,,,,,False,True,False,True,0,,,,,False,,order_finalized,,
d8904260-d2a8-42ee-8b3e-c1efc6bed2d5,b2981bd6-5b47-40a9-9d91-412e066b7524,https://api.robinhood.com/orders/d8904260-d2a8-42ee-8b3e-c1efc6bed2d5/,https://api.robinhood.com/accounts/5SE25445/,fa785cc9-e75d-40e1-ad49-9dad4a009457,https://api.robinhood.com/positions/5SE25445/846ae64b-c4dd-432c-9f26-44afd60ed82b/,,https://api.robinhood.com/instruments/846ae64b-c4dd-432c-9f26-44afd60ed82b/,846ae64b-c4dd-432c-9f26-44afd60ed82b,1.00000000,29.79000000,0.00,filled,filled,,market,buy,gfd,immediate,31.18000000,,1.00000000,,2018-01-08T16:01:08.032506Z,2018-01-08T16:01:08.430949Z,2018-01-08T16:01:08.274000Z,"[{'price': '29.78900000', 'quantity': '1.00000000', 'rounded_notional': None, 'settlement_date': '2018-01-10', 'timestamp': '2018-01-08T16:01:08.274000Z', 'id': 'ff6609ac-7524-4607-a349-824117739f2b', 'ipo_access_execution_rank': None, 'trade_execution_date': None}]",False,regular_hours,False,False,,,,,,,,"{'amount': '31.18', 'currency_code': 'USD', 'currency_id': '1072fc76-1862-41ab-82c2-485837590762'}","{'amount': '29.79', 'currency_code': 'USD', 'currency_id': '1072fc76-1862-41ab-82c2-485837590762'}",,False,,,,,,False,True,False,True,0,,,,,False,,order_finalized,,
08699308-dab8-4048-ae19-db5a54d99c8b,1fdcaef5-dfb1-4757-a3df-ad92d8586f1d,https://api.robinhood.com/orders/08699308-dab8-4048-ae19-db5a54d99c8b/,https://api.robinhood.com/accounts/5SE25445/,fa785cc9-e75d-40e1-ad49-9dad4a009457,https://api.robinhood.com/positions/5SE25445/940fc3f5-1db5-4fed-b452-f3a2e4562b5f/,,https://api.robinhood.com/instruments/940fc3f5-1db5-4fed-b452-f3a2e4562b5f/,940fc3f5-1db5-4fed-b452-f3a2e4562b5f,4.00000000,12.00000000,0.02,filled,filled,,market,sell,gfd,immediate,,,4.00000000,,2018-01-08T16:00:25.131222Z,2018-01-08T16:00:25.442663Z,2018-01-08T16:00:25.275000Z,"[{'price': '12.00100000', 'quantity': '4.00000000', 'rounded_notional': None, 'settlement_date': '2018-01-10', 'timestamp': '2018-01-08T16:00:25.275000Z', 'id': '2b497363-51d5-41ee-9138-9be97cbe586f', 'ipo_access_execution_rank': None, 'trade_execution_date': None}]",False,regular_hours,False,False,,,,,,,,,"{'amount': '48.00', 'currency_code': 'USD', 'currency_id': '1072fc76-1862-41ab-82c2-485837590762'}",,False,,,,,,False,True,False,True,0,,,,,False,,order_finalized,,
4e638349-ba3d-410f-993c-6a88057a26a3,4f729c38-615d-49ae-8cdc-1b750fffca75,https://api.robinhood.com/orders/4e638349-ba3d-410f-993c-6a88057a26a3/,https://api.robinhood.com/accounts/5SE25445/,fa785cc9-e75d-40e1-ad49-9dad4a009457,https://api.robinhood.com/positions/5SE25445/d79db4e0-c54c-489d-8876-f8653f035bb9/,,https://api.robinhood.com/instruments/d79db4e0-c54c-489d-8876-f8653f035bb9/,d79db4e0-c54c-489d-8876-f8653f035bb9,7.00000000,0.68290000,0.00,filled,filled,,market,buy,gfd,immediate,0.71400000,,7.00000000,,2018-01-08T15:55:03.763363Z,2018-01-08T15:55:04.162300Z,2018-01-08T15:55:04Z,"[{'price': '0.68220000', 'quantity': '7.00000000', 'rounded_notional': None, 'settlement_date': '2018-01-10', 'timestamp': '2018-01-08T15:55:04Z', 'id': '401945ea-fe94-433d-9925-3cd48c095ad8', 'ipo_access_execution_rank': None, 'trade_execution_date': None}]",False,regular_hours,False,False,,,,,,,,"{'amount': '5.00', 'currency_code': 'USD', 'currency_id': '1072fc76-1862-41ab-82c2-485837590762'}","{'amount': '4.78', 'currency_code': 'USD', 'currency_id': '1072fc76-1862-41ab-82c2-485837590762'}",,False,,,,,,False,True,False,True,0,,,,,False,,order_finalized,,
87a59485-0eb9-4857-98d4-e26c8edd56e6,9335e98f-5f6a-4ec4-8408-77d864ae1996,https://api.robinhood.com/orders/87a59485-0eb9-4857-98d4-e26c8edd56e6/,https://api.robinhood.com/accounts/5SE25445/,fa785cc9-e75d-40e1-ad49-9dad4a009457,https://api.robinhood.com/positions/5SE25445/6df56bd0-0bf2-44ab-8875-f94fd8526942/,,https://api.robinhood.com/instruments/6df56bd0-0bf2-44ab-8875-f94fd8526942/,6df56bd0-0bf2-44ab-8875-f94fd8526942,1.00000000,13.15000000,0.00,filled,filled,,market,buy,gfd,immediate,13.80000000,,1.00000000,,2018-01-08T15:51:54.689478Z,2018-01-08T15:51:55.043138Z,2018-01-08T15:51:54.874000Z,"[{'price': '13.14900000', 'quantity': '1.00000000', 'rounded_notional': None, 'settlement_date': '2018-01-10', 'timestamp': '2018-01-08T15:51:54.874000Z', 'id': '40a011b8-1aae-4287-b688-43b10487890f', 'ipo_access_execution_rank': None, 'trade_execution_date': None}]",False,regular_hours,False,False,,,,,,,,"{'amount': '13.80', 'currency_code': 'USD', 'currency_id': '1072fc76-1862-41ab-82c2-485837590762'}","{'amount': '13.15', 'currency_code': 'USD', 'currency_id': '1072fc76-1862-41ab-82c2-485837590762'}",,False,,,,,,False,True,False,True,0,,,,,False,,order_finalized,,
f13c93db-7fb6-49db-bc54-56fa137c4dcd,375868d5-7b11-4418-95dd-e5b8e85e420b,https://api.robinhood.com/orders/f13c93db-7fb6-49db-bc54-56fa137c4dcd/,https://api.robinhood.com/accounts/5SE25445/,fa785cc9-e75d-40e1-ad49-9dad4a009457,https://api.robinhood.com/positions/5SE25445/846ae64b-c4dd-432c-9f26-44afd60ed82b/,,https://api.robinhood.com/instruments/846ae64b-c4dd-432c-9f26-44afd60ed82b/,846ae64b-c4dd-432c-9f26-44afd60ed82b,1.00000000,30.24000000,0.00,filled,filled,,market,buy,gfd,immediate,31.63000000,,1.00000000,,2018-01-08T15:49:27.819393Z,2018-01-08T15:49:28.247851Z,2018-01-08T15:49:28.075000Z,"[{'price': '30.23900000', 'quantity': '1.00000000', 'rounded_notional': None, 'settlement_date': '2018-01-10', 'timestamp': '2018-01-08T15:49:28.075000Z', 'id': '7b0c64cd-2578-414f-916a-5996bdfe38a8', 'ipo_access_execution_rank': None, 'trade_execution_date': None}]",False,regular_hours,False,False,,,,,,,,"{'amount': '31.63', 'currency_code': 'USD', 'currency_id': '1072fc76-1862-41ab-82c2-485837590762'}","{'amount': '30.24', 'currency_code': 'USD', 'currency_id': '1072fc76-1862-41ab-82c2-485837590762'}",,False,,,,,,False,True,False,True,0,,,,,False,,order_finalized,,
25dfd270-ba85-4824-96d2-eeb85084a39b,824706d2-8317-4db2-95b3-4f7beef343f4,https://api.robinhood.com/orders/25dfd270-ba85-4824-96d2-eeb85084a39b/,https://api.robinhood.com/accounts/5SE25445/,fa785cc9-e75d-40e1-ad49-9dad4a009457,https://api.robinhood.com/positions/5SE25445/6bff5af5-3c35-460e-b020-ee158d42ca99/,,https://api.robinhood.com/instruments/6bff5af5-3c35-460e-b020-ee158d42ca99/,6bff5af5-3c35-460e-b020-ee158d42ca99,2.00000000,2.44000000,0.00,filled,filled,,market,buy,gfd,immediate,2.55000000,,2.00000000,,2018-01-08T15:45:31.754107Z,2018-01-08T15:45:32.216006Z,2018-01-08T15:45:32Z,"[{'price': '2.43950000', 'quantity': '2.00000000', 'rounded_notional': None, 'settlement_date': '2018-01-10', 'timestamp': '2018-01-08T15:45:32Z', 'id': '38414a3e-23f3-40e4-a128-e4d264df2662', 'ipo_access_execution_rank': None, 'trade_execution_date': None}]",False,regular_hours,False,False,,,,,,,,"{'amount': '5.10', 'currency_code': 'USD', 'currency_id': '1072fc76-1862-41ab-82c2-485837590762'}","{'amount': '4.88', 'currency_code': 'USD', 'currency_id': '1072fc76-1862-41ab-82c2-485837590762'}",,False,,,,,,False,True,False,True,0,,,,,False,,order_finalized,,
1714d10a-7edf-431c-8e03-3aa90d7df701,374c1159-ba4f-4e97-9f71-c0b12635694f,https://api.robinhood.com/orders/1714d10a-7edf-431c-8e03-3aa90d7df701/,https://api.robinhood.com/accounts/5SE25445/,fa785cc9-e75d-40e1-ad49-9dad4a009457,https://api.robinhood.com/positions/5SE25445/846ae64b-c4dd-432c-9f26-44afd60ed82b/,,https://api.robinhood.com/instruments/846ae64b-c4dd-432c-9f26-44afd60ed82b/,846ae64b-c4dd-432c-9f26-44afd60ed82b,1.00000000,30.71000000,0.02,filled,filled,,market,sell,gfd,immediate,,,1.00000000,,2018-01-08T15:36:08.736273Z,2018-01-08T15:36:09.053621Z,2018-01-08T15:36:08.874000Z,"[{'price': '30.71010000', 'quantity': '1.00000000', 'rounded_notional': None, 'settlement_date': '2018-01-10', 'timestamp': '2018-01-08T15:36:08.874000Z', 'id': '29a52eed-8cc9-44fa-9b53-c72980e8eeb9', 'ipo_access_execution_rank': None, 'trade_execution_date': None}]",False,regular_hours,False,False,,,,,,,,,"{'amount': '30.71', 'currency_code': 'USD', 'currency_id': '1072fc76-1862-41ab-82c2-485837590762'}",,False,,,,,,False,True,False,True,0,,,,,False,,order_finalized,,
f8b74fea-6eaf-437f-bc62-1d2e5a14e4f8,eab5bcf6-9a46-4d27-b1ba-6a7c1a2daf97,https://api.robinhood.com/orders/f8b74fea-6eaf-437f-bc62-1d2e5a14e4f8/,https://api.robinhood.com/accounts/5SE25445/,fa785cc9-e75d-40e1-ad49-9dad4a009457,https://api.robinhood.com/positions/5SE25445/af631bf4-c00e-4dcd-847a-70f18ac48a8c/,,https://api.robinhood.com/instruments/af631bf4-c00e-4dcd-847a-70f18ac48a8c/,af631bf4-c00e-4dcd-847a-70f18ac48a8c,10.00000000,6.69500000,0.00,filled,filled,,market,buy,gfd,immediate,7.00000000,,10.00000000,,2018-01-08T15:30:49.292895Z,2018-01-08T15:30:49.627786Z,2018-01-08T15:30:49Z,"[{'price': '6.69500000', 'quantity': '10.00000000', 'rounded_notional': None, 'settlement_date': '2018-01-10', 'timestamp': '2018-01-08T15:30:49Z', 'id': '916e6f12-3165-4211-83dd-1db4574839c7', 'ipo_access_execution_rank': None, 'trade_execution_date': None}]",False,regular_hours,False,False,,,,,,,,"{'amount': '70.00', 'currency_code': 'USD', 'currency_id': '1072fc76-1862-41ab-82c2-485837590762'}","{'amount': '66.95', 'currency_code': 'USD', 'currency_id': '1072fc76-1862-41ab-82c2-485837590762'}",,False,,,,,,False,True,False,True,0,,,,,False,,order_finalized,,
46559fb9-5387-47d5-b8d4-df9e8fcf44f3,edc9b8bd-ed3b-449b-a5bc-d527046b897f,https://api.robinhood.com/orders/46559fb9-5387-47d5-b8d4-df9e8fcf44f3/,https://api.robinhood.com/accounts/5SE25445/,fa785cc9-e75d-40e1-ad49-9dad4a009457,https://api.robinhood.com/positions/5SE25445/47b3ea92-713b-4f7b-bb63-8e441491950a/,,https://api.robinhood.com/instruments/47b3ea92-713b-4f7b-bb63-8e441491950a/,47b3ea92-713b-4f7b-bb63-8e441491950a,11.00000000,3.42090000,0.02,filled,filled,,market,sell,gfd,immediate,,,11.00000000,,2018-01-08T15:30:18.617783Z,2018-01-08T15:30:19.045410Z,2018-01-08T15:30:18.877000Z,"[{'price': '3.42100000', 'quantity': '11.00000000', 'rounded_notional': None, 'settlement_date': '2018-01-10', 'timestamp': '2018-01-08T15:30:18.877000Z', 'id': '4005ee74-a79f-4f7b-b239-2c0a3cdcc23e', 'ipo_access_execution_rank': None, 'trade_execution_date': None}]",False,regular_hours,False,False,,,,,,,,,"{'amount': '37.63', 'currency_code': 'USD', 'currency_id': '1072fc76-1862-41ab-82c2-485837590762'}",,False,,,,,,False,True,False,True,0,,,,,False,,order_finalized,,
8f0ce2ba-97f7-4c83-acd0-5f5e1736c588,1de8e887-a7cf-4478-8b22-ebfa836169fb,https://api.robinhood.com/orders/8f0ce2ba-97f7-4c83-acd0-5f5e1736c588/,https://api.robinhood.com/accounts/5SE25445/,fa785cc9-e75d-40e1-ad49-9dad4a009457,https://api.robinhood.com/positions/5SE25445/940fc3f5-1db5-4fed-b452-f3a2e4562b5f/,,https://api.robinhood.com/instruments/940fc3f5-1db5-4fed-b452-f3a2e4562b5f/,940fc3f5-1db5-4fed-b452-f3a2e4562b5f,1.00000000,12.00000000,0.00,filled,filled,,market,buy,gfd,immediate,12.59000000,,1.00000000,,2018-01-08T15:29:57.404893Z,2018-01-08T15:29:57.734207Z,2018-01-08T15:29:57.573000Z,"[{'price': '11.99900000', 'quantity': '1.00000000', 'rounded_notional': None, 'settlement_date': '2018-01-10', 'timestamp': '2018-01-08T15:29:57.573000Z', 'id': '9edafedb-f04c-49be-9c41-80579d5691c7', 'ipo_access_execution_rank': None, 'trade_execution_date': None}]",False,regular_hours,False,False,,,,,,,,"{'amount': '12.59', 'currency_code': 'USD', 'currency_id': '1072fc76-1862-41ab-82c2-485837590762'}","{'amount': '12.00', 'currency_code': 'USD', 'currency_id': '1072fc76-1862-41ab-82c2-485837590762'}",,False,,,,,,False,True,False,True,0,,,,,False,,order_finalized,,
6080c71a-c379-4d69-bd55-bf40a49505a2,5f7cf13a-71e6-4f73-9434-6af9232451af,https://api.robinhood.com/orders/6080c71a-c379-4d69-bd55-bf40a49505a2/,https://api.robinhood.com/accounts/5SE25445/,fa785cc9-e75d-40e1-ad49-9dad4a009457,https://api.robinhood.com/positions/5SE25445/846ae64b-c4dd-432c-9f26-44afd60ed82b/,,https://api.robinhood.com/instruments/846ae64b-c4dd-432c-9f26-44afd60ed82b/,846ae64b-c4dd-432c-9f26-44afd60ed82b,1.00000000,30.51000000,0.02,filled,filled,,market,sell,gfd,immediate,,,1.00000000,,2018-01-08T15:29:19.467308Z,2018-01-08T15:29:19.899561Z,2018-01-08T15:29:19.686000Z,"[{'price': '30.51000000', 'quantity': '1.00000000', 'rounded_notional': None, 'settlement_date': '2018-01-10', 'timestamp': '2018-01-08T15:29:19.686000Z', 'id': '8c3ab62c-3d8a-4774-8a95-0476dc36a919', 'ipo_access_execution_rank': None, 'trade_execution_date': None}]",False,regular_hours,False,False,,,,,,,,,"{'amount': '30.51', 'currency_code': 'USD', 'currency_id': '1072fc76-1862-41ab-82c2-485837590762'}",,False,,,,,,False,True,False,True,0,,,,,False,,order_finalized,,
231e216a-f2f0-4674-9afd-79eb0cb15066,b787569c-2156-443b-8d8e-cb72524691b3,https://api.robinhood.com/orders/231e216a-f2f0-4674-9afd-79eb0cb15066/,https://api.robinhood.com/accounts/5SE25445/,fa785cc9-e75d-40e1-ad49-9dad4a009457,https://api.robinhood.com/positions/5SE25445/af631bf4-c00e-4dcd-847a-70f18ac48a8c/,,https://api.robinhood.com/instruments/af631bf4-c00e-4dcd-847a-70f18ac48a8c/,af631bf4-c00e-4dcd-847a-70f18ac48a8c,1.00000000,6.75000000,0.00,filled,filled,,market,buy,gfd,immediate,7.00000000,,1.00000000,,2018-01-08T15:27:38.310341Z,2018-01-08T15:27:38.701132Z,2018-01-08T15:27:38Z,"[{'price': '6.74500000', 'quantity': '1.00000000', 'rounded_notional': None, 'settlement_date': '2018-01-10', 'timestamp': '2018-01-08T15:27:38Z', 'id': '7429f9f6-e683-47d5-a78c-fa25ed26f23b', 'ipo_access_execution_rank': None, 'trade_execution_date': None}]",False,regular_hours,False,False,,,,,,,,"{'amount': '7.00', 'currency_code': 'USD', 'currency_id': '1072fc76-1862-41ab-82c2-485837590762'}","{'amount': '6.75', 'currency_code': 'USD', 'currency_id': '1072fc76-1862-41ab-82c2-485837590762'}",,False,,,,,,False,True,False,True,0,,,,,False,,order_finalized,,
084e5bcd-8b05-4efc-ab1c-12a1697e04e6,c139e37f-6399-46ec-8b71-daa3449fe00c,https://api.robinhood.com/orders/084e5bcd-8b05-4efc-ab1c-12a1697e04e6/,https://api.robinhood.com/accounts/5SE25445/,fa785cc9-e75d-40e1-ad49-9dad4a009457,https://api.robinhood.com/positions/5SE25445/2b456f6a-3287-4757-abf9-327383d2c708/,,https://api.robinhood.com/instruments/2b456f6a-3287-4757-abf9-327383d2c708/,2b456f6a-3287-4757-abf9-327383d2c708,1.00000000,37.94000000,0.02,filled,filled,,market,sell,gfd,immediate,,,1.00000000,,2018-01-08T15:26:41.311058Z,2018-01-08T15:26:41.686560Z,2018-01-08T15:26:41.474000Z,"[{'price': '37.94100000', 'quantity': '1.00000000', 'rounded_notional': None, 'settlement_date': '2018-01-10', 'timestamp': '2018-01-08T15:26:41.474000Z', 'id': '7bef96b4-cd09-4758-aa8f-a48be0f87405', 'ipo_access_execution_rank': None, 'trade_execution_date': None}]",False,regular_hours,False,False,,,,,,,,,"{'amount': '37.94', 'currency_code': 'USD', 'currency_id': '1072fc76-1862-41ab-82c2-485837590762'}",,False,,,,,,False,True,False,True,0,,,,,False,,order_finalized,,
581f595c-9061-4fc0-826c-719b82cf7ae1,a080e7ba-53bf-4ba7-9f53-6daaf7506417,https://api.robinhood.com/orders/581f595c-9061-4fc0-826c-719b82cf7ae1/,https://api.robinhood.com/accounts/5SE25445/,fa785cc9-e75d-40e1-ad49-9dad4a009457,https://api.robinhood.com/positions/5SE25445/b4bec397-894b-4c7a-8f6d-ea07ccc5c844/,,https://api.robinhood.com/instruments/b4bec397-894b-4c7a-8f6d-ea07ccc5c844/,b4bec397-894b-4c7a-8f6d-ea07ccc5c844,2.00000000,1.24000000,0.02,filled,filled,,market,sell,gfd,immediate,,,2.00000000,,2018-01-08T15:26:01.567914Z,2018-01-08T15:26:01.966479Z,2018-01-08T15:26:01.803000Z,"[{'price': '1.24000000', 'quantity': '2.00000000', 'rounded_notional': None, 'settlement_date': '2018-01-10', 'timestamp': '2018-01-08T15:26:01.803000Z', 'id': 'f8c5c4a2-9f8a-407a-957c-14f93f954040', 'ipo_access_execution_rank': None, 'trade_execution_date': None}]",False,regular_hours,False,False,,,,,,,,,"{'amount': '2.48', 'currency_code': 'USD', 'currency_id': '1072fc76-1862-41ab-82c2-485837590762'}",,False,,,,,,False,True,False,True,0,,,,,False,,order_finalized,,
d4f418cf-6a18-400d-a334-19d9f8e51455,f79252d8-60af-4dc2-99b5-1043ca074dd1,https://api.robinhood.com/orders/d4f418cf-6a18-400d-a334-19d9f8e51455/,https://api.robinhood.com/accounts/5SE25445/,fa785cc9-e75d-40e1-ad49-9dad4a009457,https://api.robinhood.com/positions/5SE25445/846ae64b-c4dd-432c-9f26-44afd60ed82b/,,https://api.robinhood.com/instruments/846ae64b-c4dd-432c-9f26-44afd60ed82b/,846ae64b-c4dd-432c-9f26-44afd60ed82b,1.00000000,32.61000000,0.00,filled,filled,,limit,buy,gfd,immediate,32.61000000,,1.00000000,,2018-01-03T16:58:39.334402Z,2018-01-03T17:00:15.662514Z,2018-01-03T17:00:15.517000Z,"[{'price': '32.61000000', 'quantity': '1.00000000', 'rounded_notional': None, 'settlement_date': '2018-01-05', 'timestamp': '2018-01-03T17:00:15.517000Z', 'id': '62baf35e-79c6-4c16-a1cf-148ea8498634', 'ipo_access_execution_rank': None, 'trade_execution_date': None}]",False,regular_hours,False,False,,,,,,,,"{'amount': '32.61', 'currency_code': 'USD', 'currency_id': '1072fc76-1862-41ab-82c2-485837590762'}","{'amount': '32.61', 'currency_code': 'USD', 'currency_id': '1072fc76-1862-41ab-82c2-485837590762'}",,False,,,,,,False,True,False,True,0,,,,,False,,order_finalized,,
62747669-ec20-42bc-ad2e-c4308ed4c10d,e754ec2c-bcf4-4b4d-8eb7-7da66fde7300,https://api.robinhood.com/orders/62747669-ec20-42bc-ad2e-c4308ed4c10d/,https://api.robinhood.com/accounts/5SE25445/,fa785cc9-e75d-40e1-ad49-9dad4a009457,https://api.robinhood.com/positions/5SE25445/077f2174-931c-447c-bfdd-cfbf7658b1f9/,,https://api.robinhood.com/instruments/077f2174-931c-447c-bfdd-cfbf7658b1f9/,077f2174-931c-447c-bfdd-cfbf7658b1f9,3.00000000,0.12000000,0.02,filled,filled,,market,sell,gfd,immediate,,,3.00000000,,2018-01-03T16:57:29.797712Z,2018-01-03T16:57:30.194074Z,2018-01-03T16:57:30.010000Z,"[{'price': '0.12020000', 'quantity': '3.00000000', 'rounded_notional': None, 'settlement_date': '2018-01-05', 'timestamp': '2018-01-03T16:57:30.010000Z', 'id': '92e47079-6651-41f5-b48c-cc91891f2973', 'ipo_access_execution_rank': None, 'trade_execution_date': None}]",False,regular_hours,False,False,,,,,,,,,"{'amount': '0.36', 'currency_code': 'USD', 'currency_id': '1072fc76-1862-41ab-82c2-485837590762'}",,False,,,,,,False,True,False,True,0,,,,,False,,order_finalized,,
a496aea4-f1d7-4186-9e22-037984f6842f,554b6486-3ec4-4fc8-a90d-b354c1488df2,https://api.robinhood.com/orders/a496aea4-f1d7-4186-9e22-037984f6842f/,https://api.robinhood.com/accounts/5SE25445/,fa785cc9-e75d-40e1-ad49-9dad4a009457,https://api.robinhood.com/positions/5SE25445/ca4203f3-ef9c-4c4b-a7be-7472f061cc20/,,https://api.robinhood.com/instruments/ca4203f3-ef9c-4c4b-a7be-7472f061cc20/,ca4203f3-ef9c-4c4b-a7be-7472f061cc20,6.00000000,0.38500000,0.02,filled,filled,,market,sell,gfd,immediate,,,6.00000000,,2018-01-03T16:50:50.936636Z,2018-01-03T16:50:51.280901Z,2018-01-03T16:50:51.124000Z,"[{'price': '0.38510000', 'quantity': '6.00000000', 'rounded_notional': None, 'settlement_date': '2018-01-05', 'timestamp': '2018-01-03T16:50:51.124000Z', 'id': 'c16abf39-a0c0-4701-8313-8705ff4a1689', 'ipo_access_execution_rank': None, 'trade_execution_date': None}]",False,regular_hours,False,False,,,,,,,,,"{'amount': '2.31', 'currency_code': 'USD', 'currency_id': '1072fc76-1862-41ab-82c2-485837590762'}",,False,,,,,,False,True,False,True,0,,,,,False,,order_finalized,,
9ef8f06d-f892-439a-b71f-4a37ac105610,8a1dee79-b26a-4087-84dd-712b2a6eb2f6,https://api.robinhood.com/orders/9ef8f06d-f892-439a-b71f-4a37ac105610/,https://api.robinhood.com/accounts/5SE25445/,fa785cc9-e75d-40e1-ad49-9dad4a009457,https://api.robinhood.com/positions/5SE25445/b003dff4-7071-46ae-9a8d-6e4b4222edf0/,,https://api.robinhood.com/instruments/b003dff4-7071-46ae-9a8d-6e4b4222edf0/,b003dff4-7071-46ae-9a8d-6e4b4222edf0,1.00000000,9.18000000,0.02,filled,filled,,market,sell,gfd,immediate,,,1.00000000,,2018-01-03T16:44:13.073657Z,2018-01-03T16:44:13.487546Z,2018-01-03T16:44:13.321000Z,"[{'price': '9.18010000', 'quantity': '1.00000000', 'rounded_notional': None, 'settlement_date': '2018-01-05', 'timestamp': '2018-01-03T16:44:13.321000Z', 'id': 'b1821a48-f3dc-4c64-8fb0-bba1d30de2c3', 'ipo_access_execution_rank': None, 'trade_execution_date': None}]",False,regular_hours,False,False,,,,,,,,,"{'amount': '9.18', 'currency_code': 'USD', 'currency_id': '1072fc76-1862-41ab-82c2-485837590762'}",,False,,,,,,False,True,False,True,0,,,,,False,,order_finalized,,
95b2d797-8c49-4339-9a04-ab4a6314c24d,55992c1f-29bf-4875-b539-8521bd69a3be,https://api.robinhood.com/orders/95b2d797-8c49-4339-9a04-ab4a6314c24d/,https://api.robinhood.com/accounts/5SE25445/,fa785cc9-e75d-40e1-ad49-9dad4a009457,https://api.robinhood.com/positions/5SE25445/e5016f28-0d89-45a2-a791-4ad20b692b8d/,,https://api.robinhood.com/instruments/e5016f28-0d89-45a2-a791-4ad20b692b8d/,e5016f28-0d89-45a2-a791-4ad20b692b8d,1.00000000,16.02000000,0.02,filled,filled,,market,sell,gfd,immediate,,,1.00000000,,2018-01-03T16:43:46.618091Z,2018-01-03T16:43:47.092557Z,2018-01-03T16:43:46.910000Z,"[{'price': '16.02010000', 'quantity': '1.00000000', 'rounded_notional': None, 'settlement_date': '2018-01-05', 'timestamp': '2018-01-03T16:43:46.910000Z', 'id': 'eda27a04-7f4e-449b-a0c9-03800ac3263b', 'ipo_access_execution_rank': None, 'trade_execution_date': None}]",False,regular_hours,False,False,,,,,,,,,"{'amount': '16.02', 'currency_code': 'USD', 'currency_id': '1072fc76-1862-41ab-82c2-485837590762'}",,False,,,,,,False,True,False,True,0,,,,,False,,order_finalized,,
79220001-569c-4b4c-9014-216679855084,7c7e0742-f091-45a6-a1bc-2a7a4b1308ed,https://api.robinhood.com/orders/79220001-569c-4b4c-9014-216679855084/,https://api.robinhood.com/accounts/5SE25445/,fa785cc9-e75d-40e1-ad49-9dad4a009457,https://api.robinhood.com/positions/5SE25445/077f2174-931c-447c-bfdd-cfbf7658b1f9/,,https://api.robinhood.com/instruments/077f2174-931c-447c-bfdd-cfbf7658b1f9/,077f2174-931c-447c-bfdd-cfbf7658b1f9,1.00000000,0.12000000,0.00,filled,filled,,market,buy,gfd,immediate,0.12820000,,1.00000000,,2018-01-02T19:26:00.007589Z,2018-01-02T19:26:00.464012Z,2018-01-02T19:26:00Z,"[{'price': '0.12219800', 'quantity': '1.00000000', 'rounded_notional': None, 'settlement_date': '2018-01-04', 'timestamp': '2018-01-02T19:26:00Z', 'id': '20014c8a-715b-4152-902b-11ec604fc48a', 'ipo_access_execution_rank': None, 'trade_execution_date': None}]",False,regular_hours,False,False,,,,,,,,"{'amount': '0.13', 'currency_code': 'USD', 'currency_id': '1072fc76-1862-41ab-82c2-485837590762'}","{'amount': '0.12', 'currency_code': 'USD', 'currency_id': '1072fc76-1862-41ab-82c2-485837590762'}",,False,,,,,,False,True,False,True,0,,,,,False,,order_finalized,,
983d33cd-6f99-4a41-b59f-44b50cab4c9a,feeb8035-89b5-435f-8da6-235db291494a,https://api.robinhood.com/orders/983d33cd-6f99-4a41-b59f-44b50cab4c9a/,https://api.robinhood.com/accounts/5SE25445/,fa785cc9-e75d-40e1-ad49-9dad4a009457,https://api.robinhood.com/positions/5SE25445/077f2174-931c-447c-bfdd-cfbf7658b1f9/,,https://api.robinhood.com/instruments/077f2174-931c-447c-bfdd-cfbf7658b1f9/,077f2174-931c-447c-bfdd-cfbf7658b1f9,2.00000000,0.12000000,0.00,filled,filled,,market,buy,gfd,immediate,0.12820000,,2.00000000,,2018-01-02T19:25:46.821652Z,2018-01-02T19:25:47.204233Z,2018-01-02T19:25:47Z,"[{'price': '0.12219800', 'quantity': '2.00000000', 'rounded_notional': None, 'settlement_date': '2018-01-04', 'timestamp': '2018-01-02T19:25:47Z', 'id': 'b6e1a907-2ed7-4a99-b1c0-7b8a950ae33f', 'ipo_access_execution_rank': None, 'trade_execution_date': None}]",False,regular_hours,False,False,,,,,,,,"{'amount': '0.26', 'currency_code': 'USD', 'currency_id': '1072fc76-1862-41ab-82c2-485837590762'}","{'amount': '0.24', 'currency_code': 'USD', 'currency_id': '1072fc76-1862-41ab-82c2-485837590762'}",,False,,,,,,False,True,False,True,0,,,,,False,,order_finalized,,
499da9c0-6a97-44ef-bc16-52605b8c08b5,e6e88786-c56e-43d9-bb20-2594ba7c964f,https://api.robinhood.com/orders/499da9c0-6a97-44ef-bc16-52605b8c08b5/,https://api.robinhood.com/accounts/5SE25445/,fa785cc9-e75d-40e1-ad49-9dad4a009457,https://api.robinhood.com/positions/5SE25445/ca4203f3-ef9c-4c4b-a7be-7472f061cc20/,,https://api.robinhood.com/instruments/ca4203f3-ef9c-4c4b-a7be-7472f061cc20/,ca4203f3-ef9c-4c4b-a7be-7472f061cc20,3.00000000,0.39000000,0.00,filled,filled,,market,buy,gfd,immediate,0.41020000,,3.00000000,,2018-01-02T19:19:10.070584Z,2018-01-02T19:19:10.607705Z,2018-01-02T19:19:10.409000Z,"[{'price': '0.38990000', 'quantity': '3.00000000', 'rounded_notional': None, 'settlement_date': '2018-01-04', 'timestamp': '2018-01-02T19:19:10.409000Z', 'id': '4132e571-bd8f-4f70-83d4-b0f2f5e1fc1d', 'ipo_access_execution_rank': None, 'trade_execution_date': None}]",False,regular_hours,False,False,,,,,,,,"{'amount': '1.24', 'currency_code': 'USD', 'currency_id': '1072fc76-1862-41ab-82c2-485837590762'}","{'amount': '1.17', 'currency_code': 'USD', 'currency_id': '1072fc76-1862-41ab-82c2-485837590762'}",,False,,,,,,False,True,False,True,0,,,,,False,,order_finalized,,
0aa399bc-1286-44e7-83be-ea21cde6ab4a,20fc92c9-a7e5-4cb1-ae46-feaeca3b7782,https://api.robinhood.com/orders/0aa399bc-1286-44e7-83be-ea21cde6ab4a/,https://api.robinhood.com/accounts/5SE25445/,fa785cc9-e75d-40e1-ad49-9dad4a009457,https://api.robinhood.com/positions/5SE25445/af631bf4-c00e-4dcd-847a-70f18ac48a8c/,,https://api.robinhood.com/instruments/af631bf4-c00e-4dcd-847a-70f18ac48a8c/,af631bf4-c00e-4dcd-847a-70f18ac48a8c,2.00000000,5.90000000,0.00,filled,filled,,market,buy,gfd,immediate,6.10000000,,2.00000000,,2018-01-02T18:48:49.562518Z,2018-01-02T18:48:49.930438Z,2018-01-02T18:48:49.758000Z,"[{'price': '5.90000000', 'quantity': '2.00000000', 'rounded_notional': None, 'settlement_date': '2018-01-04', 'timestamp': '2018-01-02T18:48:49.758000Z', 'id': '6ea440e9-1cf2-48c5-b1ff-7c7010dc5f97', 'ipo_access_execution_rank': None, 'trade_execution_date': None}]",False,regular_hours,False,False,,,,,,,,"{'amount': '12.20', 'currency_code': 'USD', 'currency_id': '1072fc76-1862-41ab-82c2-485837590762'}","{'amount': '11.80', 'currency_code': 'USD', 'currency_id': '1072fc76-1862-41ab-82c2-485837590762'}",,False,,,,,,False,True,False,True,0,,,,,False,,order_finalized,,
af8d9cd4-1b06-456e-9be1-af7482f65fe7,6fe00aaf-1927-4275-864e-50599d368810,https://api.robinhood.com/orders/af8d9cd4-1b06-456e-9be1-af7482f65fe7/,https://api.robinhood.com/accounts/5SE25445/,fa785cc9-e75d-40e1-ad49-9dad4a009457,https://api.robinhood.com/positions/5SE25445/6bff5af5-3c35-460e-b020-ee158d42ca99/,,https://api.robinhood.com/instruments/6bff5af5-3c35-460e-b020-ee158d42ca99/,6bff5af5-3c35-460e-b020-ee158d42ca99,3.00000000,3.39000000,0.02,filled,filled,,market,sell,gfd,immediate,,,3.00000000,,2018-01-02T18:46:39.578866Z,2018-01-02T18:46:39.983731Z,2018-01-02T18:46:39Z,"[{'price': '3.39120000', 'quantity': '3.00000000', 'rounded_notional': None, 'settlement_date': '2018-01-04', 'timestamp': '2018-01-02T18:46:39Z', 'id': '091bbdc5-0ed4-449a-b8eb-c240200855be', 'ipo_access_execution_rank': None, 'trade_execution_date': None}]",False,regular_hours,False,False,,,,,,,,,"{'amount': '10.17', 'currency_code': 'USD', 'currency_id': '1072fc76-1862-41ab-82c2-485837590762'}",,False,,,,,,False,True,False,True,0,,,,,False,,order_finalized,,
2c770be8-f2b7-474c-a9f6-d680fd935654,b81ff7ef-4f3b-4d74-b1dc-149ec3f0c405,https://api.robinhood.com/orders/2c770be8-f2b7-474c-a9f6-d680fd935654/,https://api.robinhood.com/accounts/5SE25445/,fa785cc9-e75d-40e1-ad49-9dad4a009457,https://api.robinhood.com/positions/5SE25445/47b3ea92-713b-4f7b-bb63-8e441491950a/,,https://api.robinhood.com/instruments/47b3ea92-713b-4f7b-bb63-8e441491950a/,47b3ea92-713b-4f7b-bb63-8e441491950a,11.00000000,3.07000000,0.00,filled,filled,,market,buy,gfd,immediate,3.22000000,,11.00000000,,2018-01-02T18:45:10.655064Z,2018-01-02T18:45:10.973615Z,2018-01-02T18:45:10.808000Z,"[{'price': '3.07000000', 'quantity': '11.00000000', 'rounded_notional': None, 'settlement_date': '2018-01-04', 'timestamp': '2018-01-02T18:45:10.808000Z', 'id': 'd041a390-9918-44d6-be34-d8ba479c92aa', 'ipo_access_execution_rank': None, 'trade_execution_date': None}]",False,regular_hours,False,False,,,,,,,,"{'amount': '35.42', 'currency_code': 'USD', 'currency_id': '1072fc76-1862-41ab-82c2-485837590762'}","{'amount': '33.77', 'currency_code': 'USD', 'currency_id': '1072fc76-1862-41ab-82c2-485837590762'}",,False,,,,,,False,True,False,True,0,,,,,False,,order_finalized,,
3c7e593a-9458-491a-92ee-2fa1da8e73e7,353868b1-5557-4d87-8739-24309258b511,https://api.robinhood.com/orders/3c7e593a-9458-491a-92ee-2fa1da8e73e7/,https://api.robinhood.com/accounts/5SE25445/,fa785cc9-e75d-40e1-ad49-9dad4a009457,https://api.robinhood.com/positions/5SE25445/846ae64b-c4dd-432c-9f26-44afd60ed82b/,,https://api.robinhood.com/instruments/846ae64b-c4dd-432c-9f26-44afd60ed82b/,846ae64b-c4dd-432c-9f26-44afd60ed82b,1.00000000,35.96000000,0.00,filled,filled,,market,buy,gfd,immediate,37.56000000,,1.00000000,,2018-01-02T18:44:43.206963Z,2018-01-02T18:44:43.536624Z,2018-01-02T18:44:43.359000Z,"[{'price': '35.96000000', 'quantity': '1.00000000', 'rounded_notional': None, 'settlement_date': '2018-01-04', 'timestamp': '2018-01-02T18:44:43.359000Z', 'id': '066c3c84-f7fc-4fb8-a67e-81ea22826283', 'ipo_access_execution_rank': None, 'trade_execution_date': None}]",False,regular_hours,False,False,,,,,,,,"{'amount': '37.56', 'currency_code': 'USD', 'currency_id': '1072fc76-1862-41ab-82c2-485837590762'}","{'amount': '35.96', 'currency_code': 'USD', 'currency_id': '1072fc76-1862-41ab-82c2-485837590762'}",,False,,,,,,False,True,False,True,0,,,,,False,,order_finalized,,
8c298461-400d-498b-823e-d1bb40ab0dbd,9835b68b-bb66-469c-abc8-df0ee7194e91,https://api.robinhood.com/orders/8c298461-400d-498b-823e-d1bb40ab0dbd/,https://api.robinhood.com/accounts/5SE25445/,fa785cc9-e75d-40e1-ad49-9dad4a009457,https://api.robinhood.com/positions/5SE25445/2bbdb493-dbb1-4e9c-ac98-6e7c93b117c0/,,https://api.robinhood.com/instruments/2bbdb493-dbb1-4e9c-ac98-6e7c93b117c0/,2bbdb493-dbb1-4e9c-ac98-6e7c93b117c0,4.00000000,18.08500000,0.02,filled,filled,,market,sell,gfd,immediate,,,4.00000000,,2018-01-02T17:52:32.120669Z,2018-01-02T17:52:32.428431Z,2018-01-02T17:52:32.260000Z,"[{'price': '18.08500000', 'quantity': '4.00000000', 'rounded_notional': None, 'settlement_date': '2018-01-04', 'timestamp': '2018-01-02T17:52:32.260000Z', 'id': 'fb4ed3e9-80fc-4904-a7e5-42988c2e7255', 'ipo_access_execution_rank': None, 'trade_execution_date': None}]",False,regular_hours,False,False,,,,,,,,,"{'amount': '72.34', 'currency_code': 'USD', 'currency_id': '1072fc76-1862-41ab-82c2-485837590762'}",,False,,,,,,False,True,False,True,0,,,,,False,,order_finalized,,
0e3f351b-a9c0-4be6-84c7-c82acfa4b2e9,4e8b583c-5134-42b1-a2d5-c52a25d54f86,https://api.robinhood.com/orders/0e3f351b-a9c0-4be6-84c7-c82acfa4b2e9/,https://api.robinhood.com/accounts/5SE25445/,fa785cc9-e75d-40e1-ad49-9dad4a009457,https://api.robinhood.com/positions/5SE25445/b4bec397-894b-4c7a-8f6d-ea07ccc5c844/,,https://api.robinhood.com/instruments/b4bec397-894b-4c7a-8f6d-ea07ccc5c844/,b4bec397-894b-4c7a-8f6d-ea07ccc5c844,2.00000000,1.28000000,0.00,filled,filled,,market,buy,gfd,immediate,1.33000000,,2.00000000,,2017-12-29T16:50:28.151908Z,2017-12-29T16:50:28.506421Z,2017-12-29T16:50:28.350000Z,"[{'price': '1.27900000', 'quantity': '2.00000000', 'rounded_notional': None, 'settlement_date': '2018-01-03', 'timestamp': '2017-12-29T16:50:28.350000Z', 'id': 'c37b473b-78a2-4c20-bcde-5c56579e189e', 'ipo_access_execution_rank': None, 'trade_execution_date': None}]",False,regular_hours,False,False,,,,,,,,"{'amount': '2.66', 'currency_code': 'USD', 'currency_id': '1072fc76-1862-41ab-82c2-485837590762'}","{'amount': '2.56', 'currency_code': 'USD', 'currency_id': '1072fc76-1862-41ab-82c2-485837590762'}",,False,,,,,,False,True,False,True,0,,,,,False,,order_finalized,,
90de413a-8072-45dd-b3ff-0557227a0549,78932167-7432-4e5f-a77f-98c8088068f7,https://api.robinhood.com/orders/90de413a-8072-45dd-b3ff-0557227a0549/,https://api.robinhood.com/accounts/5SE25445/,fa785cc9-e75d-40e1-ad49-9dad4a009457,https://api.robinhood.com/positions/5SE25445/6bff5af5-3c35-460e-b020-ee158d42ca99/,,https://api.robinhood.com/instruments/6bff5af5-3c35-460e-b020-ee158d42ca99/,6bff5af5-3c35-460e-b020-ee158d42ca99,1.00000000,3.43000000,0.00,filled,filled,,market,buy,gfd,immediate,3.60000000,,1.00000000,,2017-12-29T16:49:24.175176Z,2017-12-29T16:49:24.532892Z,2017-12-29T16:49:24Z,"[{'price': '3.42980000', 'quantity': '1.00000000', 'rounded_notional': None, 'settlement_date': '2018-01-03', 'timestamp': '2017-12-29T16:49:24Z', 'id': 'd186faa8-1ffe-4ae1-9409-52e109e054cf', 'ipo_access_execution_rank': None, 'trade_execution_date': None}]",False,regular_hours,False,False,,,,,,,,"{'amount': '3.60', 'currency_code': 'USD', 'currency_id': '1072fc76-1862-41ab-82c2-485837590762'}","{'amount': '3.43', 'currency_code': 'USD', 'currency_id': '1072fc76-1862-41ab-82c2-485837590762'}",,False,,,,,,False,True,False,True,0,,,,,False,,order_finalized,,
181eeea1-a119-4d4d-a3a5-794977a519fb,722f9896-7351-4dbb-af2a-c478982395b7,https://api.robinhood.com/orders/181eeea1-a119-4d4d-a3a5-794977a519fb/,https://api.robinhood.com/accounts/5SE25445/,fa785cc9-e75d-40e1-ad49-9dad4a009457,https://api.robinhood.com/positions/5SE25445/92e85187-3829-472a-a60b-d81d8cd5b8b3/,,https://api.robinhood.com/instruments/92e85187-3829-472a-a60b-d81d8cd5b8b3/,92e85187-3829-472a-a60b-d81d8cd5b8b3,1.00000000,11.23000000,0.00,filled,filled,,market,buy,gfd,immediate,11.79000000,,1.00000000,,2017-12-27T17:15:27.669019Z,2017-12-27T17:15:28.045517Z,2017-12-27T17:15:27Z,"[{'price': '11.22960000', 'quantity': '1.00000000', 'rounded_notional': None, 'settlement_date': '2017-12-29', 'timestamp': '2017-12-27T17:15:27Z', 'id': '16026f31-6ac0-4581-9c04-d2436b460910', 'ipo_access_execution_rank': None, 'trade_execution_date': None}]",False,regular_hours,False,False,,,,,,,,"{'amount': '11.79', 'currency_code': 'USD', 'currency_id': '1072fc76-1862-41ab-82c2-485837590762'}","{'amount': '11.23', 'currency_code': 'USD', 'currency_id': '1072fc76-1862-41ab-82c2-485837590762'}",,False,,,,,,False,True,False,True,0,,,,,False,,order_finalized,,
b64f8bc3-abaf-4544-af23-cc7a8b5a72a5,d39b9ca2-2322-418c-9b48-cdc81badf49e,https://api.robinhood.com/orders/b64f8bc3-abaf-4544-af23-cc7a8b5a72a5/,https://api.robinhood.com/accounts/5SE25445/,fa785cc9-e75d-40e1-ad49-9dad4a009457,https://api.robinhood.com/positions/5SE25445/e5016f28-0d89-45a2-a791-4ad20b692b8d/,,https://api.robinhood.com/instruments/e5016f28-0d89-45a2-a791-4ad20b692b8d/,e5016f28-0d89-45a2-a791-4ad20b692b8d,1.00000000,16.61000000,0.00,filled,filled,,market,buy,gfd,immediate,17.43000000,,1.00000000,,2017-12-27T17:14:37.420647Z,2017-12-27T17:14:37.755235Z,2017-12-27T17:14:37Z,"[{'price': '16.61000000', 'quantity': '1.00000000', 'rounded_notional': None, 'settlement_date': '2017-12-29', 'timestamp': '2017-12-27T17:14:37Z', 'id': 'f7a1aef6-45fc-4058-a4c1-d7161af51bdc', 'ipo_access_execution_rank': None, 'trade_execution_date': None}]",False,regular_hours,False,False,,,,,,,,"{'amount': '17.43', 'currency_code': 'USD', 'currency_id': '1072fc76-1862-41ab-82c2-485837590762'}","{'amount': '16.61', 'currency_code': 'USD', 'currency_id': '1072fc76-1862-41ab-82c2-485837590762'}",,False,,,,,,False,True,False,True,0,,,,,False,,order_finalized,,
7dac1d6a-9764-4524-91d5-947ee011412d,bc41ce2b-b5fd-4067-a903-beef63fb2802,https://api.robinhood.com/orders/7dac1d6a-9764-4524-91d5-947ee011412d/,https://api.robinhood.com/accounts/5SE25445/,fa785cc9-e75d-40e1-ad49-9dad4a009457,https://api.robinhood.com/positions/5SE25445/b003dff4-7071-46ae-9a8d-6e4b4222edf0/,,https://api.robinhood.com/instruments/b003dff4-7071-46ae-9a8d-6e4b4222edf0/,b003dff4-7071-46ae-9a8d-6e4b4222edf0,1.00000000,9.49000000,0.00,filled,filled,,market,buy,gfd,immediate,9.96000000,,1.00000000,,2017-12-27T17:14:10.446225Z,2017-12-27T17:14:10.782919Z,2017-12-27T17:14:10.621000Z,"[{'price': '9.49000000', 'quantity': '1.00000000', 'rounded_notional': None, 'settlement_date': '2017-12-29', 'timestamp': '2017-12-27T17:14:10.621000Z', 'id': '94357466-31fc-4251-9250-c854c8476172', 'ipo_access_execution_rank': None, 'trade_execution_date': None}]",False,regular_hours,False,False,,,,,,,,"{'amount': '9.96', 'currency_code': 'USD', 'currency_id': '1072fc76-1862-41ab-82c2-485837590762'}","{'amount': '9.49', 'currency_code': 'USD', 'currency_id': '1072fc76-1862-41ab-82c2-485837590762'}",,False,,,,,,False,True,False,True,0,,,,,False,,order_finalized,,
9d824328-6ae2-47c8-8981-7e124487d41b,77e68ae1-3282-4e5f-86c4-aec3f8fd98c0,https://api.robinhood.com/orders/9d824328-6ae2-47c8-8981-7e124487d41b/,https://api.robinhood.com/accounts/5SE25445/,fa785cc9-e75d-40e1-ad49-9dad4a009457,https://api.robinhood.com/positions/5SE25445/6bff5af5-3c35-460e-b020-ee158d42ca99/,,https://api.robinhood.com/instruments/6bff5af5-3c35-460e-b020-ee158d42ca99/,6bff5af5-3c35-460e-b020-ee158d42ca99,2.00000000,4.05000000,0.00,filled,filled,,market,buy,gfd,immediate,4.24000000,,2.00000000,,2017-12-27T17:07:47.379411Z,2017-12-27T17:07:47.728519Z,2017-12-27T17:07:47Z,"[{'price': '4.04980000', 'quantity': '2.00000000', 'rounded_notional': None, 'settlement_date': '2017-12-29', 'timestamp': '2017-12-27T17:07:47Z', 'id': '83995780-5943-45f2-86b8-0a04ea109024', 'ipo_access_execution_rank': None, 'trade_execution_date': None}]",False,regular_hours,False,False,,,,,,,,"{'amount': '8.48', 'currency_code': 'USD', 'currency_id': '1072fc76-1862-41ab-82c2-485837590762'}","{'amount': '8.10', 'currency_code': 'USD', 'currency_id': '1072fc76-1862-41ab-82c2-485837590762'}",,False,,,,,,False,True,False,True,0,,,,,False,,order_finalized,,
17720161-6680-4679-941a-106132ddc045,f3f9b5b5-9a2b-484b-93ba-8d617af839cd,https://api.robinhood.com/orders/17720161-6680-4679-941a-106132ddc045/,https://api.robinhood.com/accounts/5SE25445/,fa785cc9-e75d-40e1-ad49-9dad4a009457,https://api.robinhood.com/positions/5SE25445/2b456f6a-3287-4757-abf9-327383d2c708/,,https://api.robinhood.com/instruments/2b456f6a-3287-4757-abf9-327383d2c708/,2b456f6a-3287-4757-abf9-327383d2c708,1.00000000,39.05000000,0.00,filled,filled,,market,buy,gfd,immediate,40.99000000,,1.00000000,,2017-12-27T16:38:44.393238Z,2017-12-27T16:38:44.705943Z,2017-12-27T16:38:44.520000Z,"[{'price': '39.04900000', 'quantity': '1.00000000', 'rounded_notional': None, 'settlement_date': '2017-12-29', 'timestamp': '2017-12-27T16:38:44.520000Z', 'id': '914a40ed-1ef6-42e0-9cd5-8b27bb9dbf96', 'ipo_access_execution_rank': None, 'trade_execution_date': None}]",False,regular_hours,False,False,,,,,,,,"{'amount': '40.99', 'currency_code': 'USD', 'currency_id': '1072fc76-1862-41ab-82c2-485837590762'}","{'amount': '39.05', 'currency_code': 'USD', 'currency_id': '1072fc76-1862-41ab-82c2-485837590762'}",,False,,,,,,False,True,False,True,0,,,,,False,,order_finalized,,
4efcde15-be85-4148-94c2-1f81d69c7e23,0875a011-aa69-4881-adda-133dc76449b6,https://api.robinhood.com/orders/4efcde15-be85-4148-94c2-1f81d69c7e23/,https://api.robinhood.com/accounts/5SE25445/,fa785cc9-e75d-40e1-ad49-9dad4a009457,https://api.robinhood.com/positions/5SE25445/39ff611b-84e7-425b-bfb8-6fe2a983fcf3/,,https://api.robinhood.com/instruments/39ff611b-84e7-425b-bfb8-6fe2a983fcf3/,39ff611b-84e7-425b-bfb8-6fe2a983fcf3,1.00000000,17.51000000,0.00,filled,filled,,market,buy,gfd,immediate,18.38000000,,1.00000000,,2017-12-27T16:37:04.095519Z,2017-12-27T16:37:04.479145Z,2017-12-27T16:37:04.320000Z,"[{'price': '17.50900000', 'quantity': '1.00000000', 'rounded_notional': None, 'settlement_date': '2017-12-29', 'timestamp': '2017-12-27T16:37:04.320000Z', 'id': 'dda91497-ff02-4f53-b873-e5f7863285bd', 'ipo_access_execution_rank': None, 'trade_execution_date': None}]",False,regular_hours,False,False,,,,,,,,"{'amount': '18.38', 'currency_code': 'USD', 'currency_id': '1072fc76-1862-41ab-82c2-485837590762'}","{'amount': '17.51', 'currency_code': 'USD', 'currency_id': '1072fc76-1862-41ab-82c2-485837590762'}",,False,,,,,,False,True,False,True,0,,,,,False,,order_finalized,,
bbf6fb8b-be37-4653-bf8a-d0e4d82bb537,f35327ab-6090-4fdc-9d26-1c605c529d9e,https://api.robinhood.com/orders/bbf6fb8b-be37-4653-bf8a-d0e4d82bb537/,https://api.robinhood.com/accounts/5SE25445/,fa785cc9-e75d-40e1-ad49-9dad4a009457,https://api.robinhood.com/positions/5SE25445/6df56bd0-0bf2-44ab-8875-f94fd8526942/,,https://api.robinhood.com/instruments/6df56bd0-0bf2-44ab-8875-f94fd8526942/,6df56bd0-0bf2-44ab-8875-f94fd8526942,1.00000000,12.53000000,0.00,filled,filled,,market,buy,gfd,immediate,13.15000000,,1.00000000,,2017-12-27T16:36:23.719893Z,2017-12-27T16:36:24.084341Z,2017-12-27T16:36:23.920000Z,"[{'price': '12.52900000', 'quantity': '1.00000000', 'rounded_notional': None, 'settlement_date': '2017-12-29', 'timestamp': '2017-12-27T16:36:23.920000Z', 'id': '2ec1a0ff-b26f-45d0-a33f-6de7cfa25f52', 'ipo_access_execution_rank': None, 'trade_execution_date': None}]",False,regular_hours,False,False,,,,,,,,"{'amount': '13.15', 'currency_code': 'USD', 'currency_id': '1072fc76-1862-41ab-82c2-485837590762'}","{'amount': '12.53', 'currency_code': 'USD', 'currency_id': '1072fc76-1862-41ab-82c2-485837590762'}",,False,,,,,,False,True,False,True,0,,,,,False,,order_finalized,,
b18ba9ba-506d-45de-9538-18dfe3fb4ad3,c2b1b479-f5bc-4f7b-bd8c-82ee86a257d8,https://api.robinhood.com/orders/b18ba9ba-506d-45de-9538-18dfe3fb4ad3/,https://api.robinhood.com/accounts/5SE25445/,fa785cc9-e75d-40e1-ad49-9dad4a009457,https://api.robinhood.com/positions/5SE25445/47b3ea92-713b-4f7b-bb63-8e441491950a/,,https://api.robinhood.com/instruments/47b3ea92-713b-4f7b-bb63-8e441491950a/,47b3ea92-713b-4f7b-bb63-8e441491950a,15.00000000,2.79130000,0.02,filled,filled,,market,sell,gfd,immediate,,,15.00000000,,2017-12-27T16:33:03.245825Z,2017-12-27T16:33:03.584361Z,2017-12-27T16:33:03.426000Z,"[{'price': '2.79100000', 'quantity': '15.00000000', 'rounded_notional': None, 'settlement_date': '2017-12-29', 'timestamp': '2017-12-27T16:33:03.426000Z', 'id': 'e9183495-a368-44c7-9c03-20e52a284f00', 'ipo_access_execution_rank': None, 'trade_execution_date': None}]",False,regular_hours,False,False,,,,,,,,,"{'amount': '41.87', 'currency_code': 'USD', 'currency_id': '1072fc76-1862-41ab-82c2-485837590762'}",,False,,,,,,False,True,False,True,0,,,,,False,,order_finalized,,
5451473a-9028-47e2-bf5b-d3d54fa0a922,500196cb-5ae5-4bb7-a351-f69696821ccc,https://api.robinhood.com/orders/5451473a-9028-47e2-bf5b-d3d54fa0a922/,https://api.robinhood.com/accounts/5SE25445/,fa785cc9-e75d-40e1-ad49-9dad4a009457,https://api.robinhood.com/positions/5SE25445/846ae64b-c4dd-432c-9f26-44afd60ed82b/,,https://api.robinhood.com/instruments/846ae64b-c4dd-432c-9f26-44afd60ed82b/,846ae64b-c4dd-432c-9f26-44afd60ed82b,2.00000000,26.95000000,0.02,filled,filled,,market,sell,gfd,immediate,,,2.00000000,,2017-12-27T15:52:57.516111Z,2017-12-27T15:52:57.880021Z,2017-12-27T15:52:57.720000Z,"[{'price': '26.95010000', 'quantity': '2.00000000', 'rounded_notional': None, 'settlement_date': '2017-12-29', 'timestamp': '2017-12-27T15:52:57.720000Z', 'id': 'bab85ae2-816b-4940-93dc-3a0bfb721dbc', 'ipo_access_execution_rank': None, 'trade_execution_date': None}]",False,regular_hours,False,False,,,,,,,,,"{'amount': '53.90', 'currency_code': 'USD', 'currency_id': '1072fc76-1862-41ab-82c2-485837590762'}",,False,,,,,,False,True,False,True,0,,,,,False,,order_finalized,,
9d101c13-f0ba-4038-9abe-906fcc5edab5,aba8b118-e0f1-412a-92bf-7920a9bcbc2c,https://api.robinhood.com/orders/9d101c13-f0ba-4038-9abe-906fcc5edab5/,https://api.robinhood.com/accounts/5SE25445/,fa785cc9-e75d-40e1-ad49-9dad4a009457,https://api.robinhood.com/positions/5SE25445/25ca6a25-4add-433e-abda-71884c28020a/,,https://api.robinhood.com/instruments/25ca6a25-4add-433e-abda-71884c28020a/,25ca6a25-4add-433e-abda-71884c28020a,13.00000000,1.95080000,0.02,filled,filled,,market,sell,gfd,immediate,,,13.00000000,,2017-12-27T15:52:47.519793Z,2017-12-27T15:52:47.835745Z,2017-12-27T15:52:47Z,"[{'price': '1.95060000', 'quantity': '13.00000000', 'rounded_notional': None, 'settlement_date': '2017-12-29', 'timestamp': '2017-12-27T15:52:47Z', 'id': 'c52b764e-47d4-4546-ae87-970de3213386', 'ipo_access_execution_rank': None, 'trade_execution_date': None}]",False,regular_hours,False,False,,,,,,,,,"{'amount': '25.36', 'currency_code': 'USD', 'currency_id': '1072fc76-1862-41ab-82c2-485837590762'}",,False,,,,,,False,True,False,True,0,,,,,False,,order_finalized,,
d9f41a9d-2758-41df-ac82-6624b182d536,a4be039a-08a7-4ab1-846b-cc52db8d09da,https://api.robinhood.com/orders/d9f41a9d-2758-41df-ac82-6624b182d536/,https://api.robinhood.com/accounts/5SE25445/,fa785cc9-e75d-40e1-ad49-9dad4a009457,https://api.robinhood.com/positions/5SE25445/ca4203f3-ef9c-4c4b-a7be-7472f061cc20/,,https://api.robinhood.com/instruments/ca4203f3-ef9c-4c4b-a7be-7472f061cc20/,ca4203f3-ef9c-4c4b-a7be-7472f061cc20,3.00000000,0.41000000,0.00,filled,filled,,market,buy,gfd,immediate,0.41860000,,3.00000000,,2017-12-20T20:51:06.639289Z,2017-12-20T20:51:07.004741Z,2017-12-20T20:51:06Z,"[{'price': '0.40844300', 'quantity': '3.00000000', 'rounded_notional': None, 'settlement_date': '2017-12-22', 'timestamp': '2017-12-20T20:51:06Z', 'id': 'a272ede6-e6bd-4e36-a910-adf71837e22d', 'ipo_access_execution_rank': None, 'trade_execution_date': None}]",False,regular_hours,False,False,,,,,,,,"{'amount': '1.26', 'currency_code': 'USD', 'currency_id': '1072fc76-1862-41ab-82c2-485837590762'}","{'amount': '1.23', 'currency_code': 'USD', 'currency_id': '1072fc76-1862-41ab-82c2-485837590762'}",,False,,,,,,False,True,False,True,0,,,,,False,,order_finalized,,
204640af-51d0-41fd-bce5-938769808c2e,c278c7d3-9696-49aa-85a2-2572724981f3,https://api.robinhood.com/orders/204640af-51d0-41fd-bce5-938769808c2e/,https://api.robinhood.com/accounts/5SE25445/,fa785cc9-e75d-40e1-ad49-9dad4a009457,https://api.robinhood.com/positions/5SE25445/25ca6a25-4add-433e-abda-71884c28020a/,,https://api.robinhood.com/instruments/25ca6a25-4add-433e-abda-71884c28020a/,25ca6a25-4add-433e-abda-71884c28020a,6.00000000,1.67000000,0.00,filled,filled,,market,buy,gfd,immediate,1.76000000,,6.00000000,,2017-12-20T20:49:14.697336Z,2017-12-20T20:49:15.115619Z,2017-12-20T20:49:14.938000Z,"[{'price': '1.67000000', 'quantity': '2.00000000', 'rounded_notional': None, 'settlement_date': '2017-12-22', 'timestamp': '2017-12-20T20:49:14.938000Z', 'id': 'f318ba00-5146-43aa-b225-654673781b05', 'ipo_access_execution_rank': None, 'trade_execution_date': None}, {'price': '1.67000000', 'quantity': '4.00000000', 'rounded_notional': None, 'settlement_date': '2017-12-22', 'timestamp': '2017-12-20T20:49:14.938000Z', 'id': '03eeb7ea-c773-450a-b5d5-697031f0e91b', 'ipo_access_execution_rank': None, 'trade_execution_date': None}]",False,regular_hours,False,False,,,,,,,,"{'amount': '10.56', 'currency_code': 'USD', 'currency_id': '1072fc76-1862-41ab-82c2-485837590762'}","{'amount': '10.02', 'currency_code': 'USD', 'currency_id': '1072fc76-1862-41ab-82c2-485837590762'}",,False,,,,,,False,True,False,True,0,,,,,False,,order_finalized,,
4d0c7f55-55c4-44aa-8e9c-7afcb505f84b,e1edd7bf-e819-40db-91e4-a611dd5e1630,https://api.robinhood.com/orders/4d0c7f55-55c4-44aa-8e9c-7afcb505f84b/,https://api.robinhood.com/accounts/5SE25445/,fa785cc9-e75d-40e1-ad49-9dad4a009457,https://api.robinhood.com/positions/5SE25445/2bbdb493-dbb1-4e9c-ac98-6e7c93b117c0/,,https://api.robinhood.com/instruments/2bbdb493-dbb1-4e9c-ac98-6e7c93b117c0/,2bbdb493-dbb1-4e9c-ac98-6e7c93b117c0,1.00000000,18.24000000,0.00,filled,filled,,market,buy,gfd,immediate,19.14000000,,1.00000000,,2017-12-20T20:49:01.153949Z,2017-12-20T20:49:01.490366Z,2017-12-20T20:49:01.337000Z,"[{'price': '18.23900000', 'quantity': '1.00000000', 'rounded_notional': None, 'settlement_date': '2017-12-22', 'timestamp': '2017-12-20T20:49:01.337000Z', 'id': '0a10828b-f8f9-4d1d-a5a3-41be81781c14', 'ipo_access_execution_rank': None, 'trade_execution_date': None}]",False,regular_hours,False,False,,,,,,,,"{'amount': '19.14', 'currency_code': 'USD', 'currency_id': '1072fc76-1862-41ab-82c2-485837590762'}","{'amount': '18.24', 'currency_code': 'USD', 'currency_id': '1072fc76-1862-41ab-82c2-485837590762'}",,False,,,,,,False,True,False,True,0,,,,,False,,order_finalized,,
28735020-8991-4152-805e-728390731e1b,f97ed9a4-93ca-47dd-8774-b3bac84b8186,https://api.robinhood.com/orders/28735020-8991-4152-805e-728390731e1b/,https://api.robinhood.com/accounts/5SE25445/,fa785cc9-e75d-40e1-ad49-9dad4a009457,https://api.robinhood.com/positions/5SE25445/940fc3f5-1db5-4fed-b452-f3a2e4562b5f/,,https://api.robinhood.com/instruments/940fc3f5-1db5-4fed-b452-f3a2e4562b5f/,940fc3f5-1db5-4fed-b452-f3a2e4562b5f,1.00000000,10.99000000,0.00,filled,filled,,market,buy,gfd,immediate,11.53000000,,1.00000000,,2017-12-20T20:47:10.190226Z,2017-12-20T20:47:10.593762Z,2017-12-20T20:47:10.437000Z,"[{'price': '10.98900000', 'quantity': '1.00000000', 'rounded_notional': None, 'settlement_date': '2017-12-22', 'timestamp': '2017-12-20T20:47:10.437000Z', 'id': 'b95cb46d-0334-403e-84f9-e9eafbebdde1', 'ipo_access_execution_rank': None, 'trade_execution_date': None}]",False,regular_hours,False,False,,,,,,,,"{'amount': '11.53', 'currency_code': 'USD', 'currency_id': '1072fc76-1862-41ab-82c2-485837590762'}","{'amount': '10.99', 'currency_code': 'USD', 'currency_id': '1072fc76-1862-41ab-82c2-485837590762'}",,False,,,,,,False,True,False,True,0,,,,,False,,order_finalized,,
918b8758-04d0-471a-81c8-31bad19d5812,46d74d38-a329-463b-8bdc-93c0ee1324b3,https://api.robinhood.com/orders/918b8758-04d0-471a-81c8-31bad19d5812/,https://api.robinhood.com/accounts/5SE25445/,fa785cc9-e75d-40e1-ad49-9dad4a009457,https://api.robinhood.com/positions/5SE25445/846ae64b-c4dd-432c-9f26-44afd60ed82b/,,https://api.robinhood.com/instruments/846ae64b-c4dd-432c-9f26-44afd60ed82b/,846ae64b-c4dd-432c-9f26-44afd60ed82b,1.00000000,24.75000000,0.00,filled,filled,,market,buy,gfd,immediate,25.95000000,,1.00000000,,2017-12-20T20:46:37.858812Z,2017-12-20T20:46:38.189129Z,2017-12-20T20:46:38.037000Z,"[{'price': '24.75000000', 'quantity': '1.00000000', 'rounded_notional': None, 'settlement_date': '2017-12-22', 'timestamp': '2017-12-20T20:46:38.037000Z', 'id': 'd3b91617-1176-440b-b0d2-c3d99c599c1b', 'ipo_access_execution_rank': None, 'trade_execution_date': None}]",False,regular_hours,False,False,,,,,,,,"{'amount': '25.95', 'currency_code': 'USD', 'currency_id': '1072fc76-1862-41ab-82c2-485837590762'}","{'amount': '24.75', 'currency_code': 'USD', 'currency_id': '1072fc76-1862-41ab-82c2-485837590762'}",,False,,,,,,False,True,False,True,0,,,,,False,,order_finalized,,
09d92521-af67-4705-9042-64991b8de8ca,aeddea56-1f31-48e0-b91c-db2d41a5cacd,https://api.robinhood.com/orders/09d92521-af67-4705-9042-64991b8de8ca/,https://api.robinhood.com/accounts/5SE25445/,fa785cc9-e75d-40e1-ad49-9dad4a009457,https://api.robinhood.com/positions/5SE25445/2b456f6a-3287-4757-abf9-327383d2c708/,,https://api.robinhood.com/instruments/2b456f6a-3287-4757-abf9-327383d2c708/,2b456f6a-3287-4757-abf9-327383d2c708,1.00000000,38.60000000,0.02,filled,filled,,market,sell,gfd,immediate,,,1.00000000,,2017-12-20T20:46:15.184247Z,2017-12-20T20:46:15.674006Z,2017-12-20T20:46:15.525000Z,"[{'price': '38.60000000', 'quantity': '1.00000000', 'rounded_notional': None, 'settlement_date': '2017-12-22', 'timestamp': '2017-12-20T20:46:15.525000Z', 'id': '50b2bfec-b3bb-4e76-bc9b-08f06a54f680', 'ipo_access_execution_rank': None, 'trade_execution_date': None}]",False,regular_hours,False,False,,,,,,,,,"{'amount': '38.60', 'currency_code': 'USD', 'currency_id': '1072fc76-1862-41ab-82c2-485837590762'}",,False,,,,,,False,True,False,True,0,,,,,False,,order_finalized,,
efb33498-7745-4422-ba42-17eef1348ac0,c262a19a-71c4-4314-80e5-c8570dc1e4d6,https://api.robinhood.com/orders/efb33498-7745-4422-ba42-17eef1348ac0/,https://api.robinhood.com/accounts/5SE25445/,fa785cc9-e75d-40e1-ad49-9dad4a009457,https://api.robinhood.com/positions/5SE25445/940fc3f5-1db5-4fed-b452-f3a2e4562b5f/,,https://api.robinhood.com/instruments/940fc3f5-1db5-4fed-b452-f3a2e4562b5f/,940fc3f5-1db5-4fed-b452-f3a2e4562b5f,1.00000000,10.97000000,0.00,filled,filled,,market,buy,gfd,immediate,11.50000000,,1.00000000,,2017-12-20T20:18:21.589644Z,2017-12-20T20:18:21.899400Z,2017-12-20T20:18:21.742000Z,"[{'price': '10.96900000', 'quantity': '1.00000000', 'rounded_notional': None, 'settlement_date': '2017-12-22', 'timestamp': '2017-12-20T20:18:21.742000Z', 'id': '24bb30e4-5218-4911-b3c3-5c430c272b7e', 'ipo_access_execution_rank': None, 'trade_execution_date': None}]",False,regular_hours,False,False,,,,,,,,"{'amount': '11.50', 'currency_code': 'USD', 'currency_id': '1072fc76-1862-41ab-82c2-485837590762'}","{'amount': '10.97', 'currency_code': 'USD', 'currency_id': '1072fc76-1862-41ab-82c2-485837590762'}",,False,,,,,,False,True,False,True,0,,,,,False,,order_finalized,,
a330a0f9-c17f-433e-b5e4-999e48a859f2,8fe82cf6-025b-41fb-92b5-4d5130da9b5f,https://api.robinhood.com/orders/a330a0f9-c17f-433e-b5e4-999e48a859f2/,https://api.robinhood.com/accounts/5SE25445/,fa785cc9-e75d-40e1-ad49-9dad4a009457,https://api.robinhood.com/positions/5SE25445/6bff5af5-3c35-460e-b020-ee158d42ca99/,,https://api.robinhood.com/instruments/6bff5af5-3c35-460e-b020-ee158d42ca99/,6bff5af5-3c35-460e-b020-ee158d42ca99,3.00000000,5.29000000,0.02,filled,filled,,market,sell,gfd,immediate,,,3.00000000,,2017-12-20T20:18:05.792597Z,2017-12-20T20:18:06.136983Z,2017-12-20T20:18:05Z,"[{'price': '5.29030000', 'quantity': '3.00000000', 'rounded_notional': None, 'settlement_date': '2017-12-22', 'timestamp': '2017-12-20T20:18:05Z', 'id': '72f5bd77-2e66-4e07-9a72-905646643951', 'ipo_access_execution_rank': None, 'trade_execution_date': None}]",False,regular_hours,False,False,,,,,,,,,"{'amount': '15.87', 'currency_code': 'USD', 'currency_id': '1072fc76-1862-41ab-82c2-485837590762'}",,False,,,,,,False,True,False,True,0,,,,,False,,order_finalized,,
a443090e-8d79-4a11-ac1c-73599c4adbf7,1414510f-ec1a-4e38-b7f9-974e84e3eda3,https://api.robinhood.com/orders/a443090e-8d79-4a11-ac1c-73599c4adbf7/,https://api.robinhood.com/accounts/5SE25445/,fa785cc9-e75d-40e1-ad49-9dad4a009457,https://api.robinhood.com/positions/5SE25445/25ca6a25-4add-433e-abda-71884c28020a/,,https://api.robinhood.com/instruments/25ca6a25-4add-433e-abda-71884c28020a/,25ca6a25-4add-433e-abda-71884c28020a,6.00000000,1.67000000,0.00,filled,filled,,market,buy,gfd,immediate,1.74000000,,6.00000000,,2017-12-20T20:16:53.961334Z,2017-12-20T20:16:54.502542Z,2017-12-20T20:16:54.342000Z,"[{'price': '1.67000000', 'quantity': '6.00000000', 'rounded_notional': None, 'settlement_date': '2017-12-22', 'timestamp': '2017-12-20T20:16:54.342000Z', 'id': 'e17270c6-8a6d-40a0-94aa-7aea1764c26c', 'ipo_access_execution_rank': None, 'trade_execution_date': None}]",False,regular_hours,False,False,,,,,,,,"{'amount': '10.44', 'currency_code': 'USD', 'currency_id': '1072fc76-1862-41ab-82c2-485837590762'}","{'amount': '10.02', 'currency_code': 'USD', 'currency_id': '1072fc76-1862-41ab-82c2-485837590762'}",,False,,,,,,False,True,False,True,0,,,,,False,,order_finalized,,
4db9819a-fe4a-4c94-906d-f6a55b739787,d6c71194-39f5-4b51-a9a5-5869cc63d251,https://api.robinhood.com/orders/4db9819a-fe4a-4c94-906d-f6a55b739787/,https://api.robinhood.com/accounts/5SE25445/,fa785cc9-e75d-40e1-ad49-9dad4a009457,https://api.robinhood.com/positions/5SE25445/52b016e5-fedc-4bd0-a335-d3475afb39b1/,,https://api.robinhood.com/instruments/52b016e5-fedc-4bd0-a335-d3475afb39b1/,52b016e5-fedc-4bd0-a335-d3475afb39b1,1.00000000,1.26000000,0.02,filled,filled,,market,sell,gfd,immediate,,,1.00000000,,2017-12-20T20:15:24.659488Z,2017-12-20T20:15:24.997567Z,2017-12-20T20:15:24.837000Z,"[{'price': '1.26100000', 'quantity': '1.00000000', 'rounded_notional': None, 'settlement_date': '2017-12-22', 'timestamp': '2017-12-20T20:15:24.837000Z', 'id': '3b9a29f8-63a4-4d53-9a11-6be8cb30993c', 'ipo_access_execution_rank': None, 'trade_execution_date': None}]",False,regular_hours,False,False,,,,,,,,,"{'amount': '1.26', 'currency_code': 'USD', 'currency_id': '1072fc76-1862-41ab-82c2-485837590762'}",,False,,,,,,False,True,False,True,0,,,,,False,,order_finalized,,
7d38df33-6ab4-4eb5-8b00-7e752fa67773,c786f566-03fa-40eb-ad84-5102313c45e7,https://api.robinhood.com/orders/7d38df33-6ab4-4eb5-8b00-7e752fa67773/,https://api.robinhood.com/accounts/5SE25445/,fa785cc9-e75d-40e1-ad49-9dad4a009457,https://api.robinhood.com/positions/5SE25445/db96273a-788f-4351-8d6d-3d716c1e12b5/,,https://api.robinhood.com/instruments/db96273a-788f-4351-8d6d-3d716c1e12b5/,db96273a-788f-4351-8d6d-3d716c1e12b5,1.00000000,2.04000000,0.02,filled,filled,,market,sell,gfd,immediate,,,1.00000000,,2017-12-20T20:15:13.695969Z,2017-12-20T20:15:14.006057Z,2017-12-20T20:15:13.851000Z,"[{'price': '2.03500000', 'quantity': '1.00000000', 'rounded_notional': None, 'settlement_date': '2017-12-22', 'timestamp': '2017-12-20T20:15:13.851000Z', 'id': '4d3bf7af-fd45-464c-b7ff-5f1e3d24e52f', 'ipo_access_execution_rank': None, 'trade_execution_date': None}]",False,regular_hours,False,False,,,,,,,,,"{'amount': '2.04', 'currency_code': 'USD', 'currency_id': '1072fc76-1862-41ab-82c2-485837590762'}",,False,,,,,,False,True,False,True,0,,,,,False,,order_finalized,,
f3a08917-fe38-49c5-9175-bf7daf055036,ccd8466a-06ff-44e6-ad65-0697a15dc238,https://api.robinhood.com/orders/f3a08917-fe38-49c5-9175-bf7daf055036/,https://api.robinhood.com/accounts/5SE25445/,fa785cc9-e75d-40e1-ad49-9dad4a009457,https://api.robinhood.com/positions/5SE25445/ee9ff5fd-abf3-4e11-bd82-c2ca55880f19/,,https://api.robinhood.com/instruments/ee9ff5fd-abf3-4e11-bd82-c2ca55880f19/,ee9ff5fd-abf3-4e11-bd82-c2ca55880f19,1.00000000,0.71000000,0.02,filled,filled,,market,sell,gfd,immediate,,,1.00000000,,2017-12-20T20:14:51.012980Z,2017-12-20T20:14:51.339499Z,2017-12-20T20:14:51Z,"[{'price': '0.71069000', 'quantity': '1.00000000', 'rounded_notional': None, 'settlement_date': '2017-12-22', 'timestamp': '2017-12-20T20:14:51Z', 'id': '1aa37892-d02f-45fb-b713-9916a1d071dc', 'ipo_access_execution_rank': None, 'trade_execution_date': None}]",False,regular_hours,False,False,,,,,,,,,"{'amount': '0.71', 'currency_code': 'USD', 'currency_id': '1072fc76-1862-41ab-82c2-485837590762'}",,False,,,,,,False,True,False,True,0,,,,,False,,order_finalized,,
2929e5ea-2b14-4c19-9d17-a602115fe052,8ee954dc-3253-4572-bcea-a0eed53916f7,https://api.robinhood.com/orders/2929e5ea-2b14-4c19-9d17-a602115fe052/,https://api.robinhood.com/accounts/5SE25445/,fa785cc9-e75d-40e1-ad49-9dad4a009457,https://api.robinhood.com/positions/5SE25445/9532594b-d489-4edc-9a2a-715ac09843fe/,,https://api.robinhood.com/instruments/9532594b-d489-4edc-9a2a-715ac09843fe/,9532594b-d489-4edc-9a2a-715ac09843fe,1.00000000,1.21000000,0.02,filled,filled,,market,sell,gfd,immediate,,,1.00000000,,2017-12-20T20:14:39.080962Z,2017-12-20T20:14:39.503722Z,2017-12-20T20:14:39.337000Z,"[{'price': '1.21100000', 'quantity': '1.00000000', 'rounded_notional': None, 'settlement_date': '2017-12-22', 'timestamp': '2017-12-20T20:14:39.337000Z', 'id': 'c56c02b6-cda7-433b-ac2a-e2ad48b24472', 'ipo_access_execution_rank': None, 'trade_execution_date': None}]",False,regular_hours,False,False,,,,,,,,,"{'amount': '1.21', 'currency_code': 'USD', 'currency_id': '1072fc76-1862-41ab-82c2-485837590762'}",,False,,,,,,False,True,False,True,0,,,,,False,,order_finalized,,
8fa96ec2-6cc7-4713-b0bd-5e89ac959511,d59b3e32-75b2-409a-b0c2-e39779647710,https://api.robinhood.com/orders/8fa96ec2-6cc7-4713-b0bd-5e89ac959511/,https://api.robinhood.com/accounts/5SE25445/,fa785cc9-e75d-40e1-ad49-9dad4a009457,https://api.robinhood.com/positions/5SE25445/53f6737c-4a9f-47c0-a9ae-21c70dde8bd6/,,https://api.robinhood.com/instruments/53f6737c-4a9f-47c0-a9ae-21c70dde8bd6/,53f6737c-4a9f-47c0-a9ae-21c70dde8bd6,22.00000000,0.13000000,0.02,filled,filled,,market,sell,gfd,immediate,,,22.00000000,,2017-12-20T20:14:12.938461Z,2017-12-20T20:14:13.280085Z,2017-12-20T20:14:13.120000Z,"[{'price': '0.13000000', 'quantity': '22.00000000', 'rounded_notional': None, 'settlement_date': '2017-12-22', 'timestamp': '2017-12-20T20:14:13.120000Z', 'id': 'e5ef2fc2-ee7d-47c6-8c63-cb42766a26b9', 'ipo_access_execution_rank': None, 'trade_execution_date': None}]",False,,False,False,,,,,,,,,"{'amount': '2.86', 'currency_code': 'USD', 'currency_id': '1072fc76-1862-41ab-82c2-485837590762'}",,False,,,,,,False,True,False,True,0,,,,,False,,order_finalized,,
772893e2-1f45-4aa2-91ba-5391decaf51d,b994dfab-0c89-4f93-948b-74699cd4dcc7,https://api.robinhood.com/orders/772893e2-1f45-4aa2-91ba-5391decaf51d/,https://api.robinhood.com/accounts/5SE25445/,fa785cc9-e75d-40e1-ad49-9dad4a009457,https://api.robinhood.com/positions/5SE25445/2bbdb493-dbb1-4e9c-ac98-6e7c93b117c0/,,https://api.robinhood.com/instruments/2bbdb493-dbb1-4e9c-ac98-6e7c93b117c0/,2bbdb493-dbb1-4e9c-ac98-6e7c93b117c0,1.00000000,18.25000000,0.00,filled,filled,,market,buy,gfd,immediate,19.15000000,,1.00000000,,2017-12-20T20:09:32.353675Z,2017-12-20T20:09:32.703612Z,2017-12-20T20:09:32.537000Z,"[{'price': '18.24900000', 'quantity': '1.00000000', 'rounded_notional': None, 'settlement_date': '2017-12-22', 'timestamp': '2017-12-20T20:09:32.537000Z', 'id': 'e6e42bef-a7d8-4cd1-85a6-580b2ec621e7', 'ipo_access_execution_rank': None, 'trade_execution_date': None}]",False,regular_hours,False,False,,,,,,,,"{'amount': '19.15', 'currency_code': 'USD', 'currency_id': '1072fc76-1862-41ab-82c2-485837590762'}","{'amount': '18.25', 'currency_code': 'USD', 'currency_id': '1072fc76-1862-41ab-82c2-485837590762'}",,False,,,,,,False,True,False,True,0,,,,,False,,order_finalized,,
cbf23cd9-e77d-4b4f-bf63-e51ed0b107e5,a2097c48-72ef-489a-a09f-635bce313fad,https://api.robinhood.com/orders/cbf23cd9-e77d-4b4f-bf63-e51ed0b107e5/,https://api.robinhood.com/accounts/5SE25445/,fa785cc9-e75d-40e1-ad49-9dad4a009457,https://api.robinhood.com/positions/5SE25445/e19d0a68-a377-4b22-80df-fd51871a87f2/,,https://api.robinhood.com/instruments/e19d0a68-a377-4b22-80df-fd51871a87f2/,e19d0a68-a377-4b22-80df-fd51871a87f2,6.00000000,0.24670000,0.02,filled,filled,,market,sell,gfd,immediate,,,6.00000000,,2017-12-20T20:06:15.472750Z,2017-12-20T20:06:15.800773Z,2017-12-20T20:06:15Z,"[{'price': '0.24730400', 'quantity': '6.00000000', 'rounded_notional': None, 'settlement_date': '2017-12-22', 'timestamp': '2017-12-20T20:06:15Z', 'id': '2ea79cbe-6ae7-4afa-9fae-28272a98052c', 'ipo_access_execution_rank': None, 'trade_execution_date': None}]",False,regular_hours,False,False,,,,,,,,,"{'amount': '1.48', 'currency_code': 'USD', 'currency_id': '1072fc76-1862-41ab-82c2-485837590762'}",,False,,,,,,False,True,False,True,0,,,,,False,,order_finalized,,
d8c35951-bf67-43c5-9247-61d3219485e1,4da465b4-aed0-4dc2-adbe-4147482611f5,https://api.robinhood.com/orders/d8c35951-bf67-43c5-9247-61d3219485e1/,https://api.robinhood.com/accounts/5SE25445/,fa785cc9-e75d-40e1-ad49-9dad4a009457,https://api.robinhood.com/positions/5SE25445/ca4203f3-ef9c-4c4b-a7be-7472f061cc20/,,https://api.robinhood.com/instruments/ca4203f3-ef9c-4c4b-a7be-7472f061cc20/,ca4203f3-ef9c-4c4b-a7be-7472f061cc20,1.00000000,0.39000000,0.02,filled,filled,,market,sell,gfd,immediate,,,1.00000000,,2017-12-20T20:05:37.162553Z,2017-12-20T20:05:37.513280Z,2017-12-20T20:05:37Z,"[{'price': '0.39072400', 'quantity': '1.00000000', 'rounded_notional': None, 'settlement_date': '2017-12-22', 'timestamp': '2017-12-20T20:05:37Z', 'id': '66cd96b6-ab1f-4be2-b381-983f4700587b', 'ipo_access_execution_rank': None, 'trade_execution_date': None}]",False,regular_hours,False,False,,,,,,,,,"{'amount': '0.39', 'currency_code': 'USD', 'currency_id': '1072fc76-1862-41ab-82c2-485837590762'}",,False,,,,,,False,True,False,True,0,,,,,False,,order_finalized,,
8a5feb2d-8f00-4877-9fa9-fe44eaa8dc80,be105c4e-9c36-443e-b628-0ac098094518,https://api.robinhood.com/orders/8a5feb2d-8f00-4877-9fa9-fe44eaa8dc80/,https://api.robinhood.com/accounts/5SE25445/,fa785cc9-e75d-40e1-ad49-9dad4a009457,https://api.robinhood.com/positions/5SE25445/5c7b953c-a794-4349-84a1-3a7609b13420/,,https://api.robinhood.com/instruments/5c7b953c-a794-4349-84a1-3a7609b13420/,5c7b953c-a794-4349-84a1-3a7609b13420,2.00000000,5.25000000,0.02,filled,filled,,market,sell,gfd,immediate,,,2.00000000,,2017-12-20T20:05:20.425573Z,2017-12-20T20:05:20.815348Z,2017-12-20T20:05:20Z,"[{'price': '5.25000000', 'quantity': '2.00000000', 'rounded_notional': None, 'settlement_date': '2017-12-22', 'timestamp': '2017-12-20T20:05:20Z', 'id': '82847a32-4466-4b2e-a522-9facd73d2ec5', 'ipo_access_execution_rank': None, 'trade_execution_date': None}]",False,regular_hours,False,False,,,,,,,,,"{'amount': '10.50', 'currency_code': 'USD', 'currency_id': '1072fc76-1862-41ab-82c2-485837590762'}",,False,,,,,,False,True,False,True,0,,,,,False,,order_finalized,,
e1e052d9-c9b4-442a-ab1a-c02a3929f9f9,8420ded9-e6af-4abc-a9f2-3a514b169241,https://api.robinhood.com/orders/e1e052d9-c9b4-442a-ab1a-c02a3929f9f9/,https://api.robinhood.com/accounts/5SE25445/,fa785cc9-e75d-40e1-ad49-9dad4a009457,https://api.robinhood.com/positions/5SE25445/d15643d2-545c-4b83-a290-f85fe4575b0e/,,https://api.robinhood.com/instruments/d15643d2-545c-4b83-a290-f85fe4575b0e/,d15643d2-545c-4b83-a290-f85fe4575b0e,1.00000000,4.76000000,0.02,filled,filled,,market,sell,gfd,immediate,,,1.00000000,,2017-12-20T20:04:55.986432Z,2017-12-20T20:04:56.292441Z,2017-12-20T20:04:56.137000Z,"[{'price': '4.76100000', 'quantity': '1.00000000', 'rounded_notional': None, 'settlement_date': '2017-12-22', 'timestamp': '2017-12-20T20:04:56.137000Z', 'id': '7f264a61-180c-4ca7-b1c9-224b107a1467', 'ipo_access_execution_rank': None, 'trade_execution_date': None}]",False,regular_hours,False,False,,,,,,,,,"{'amount': '4.76', 'currency_code': 'USD', 'currency_id': '1072fc76-1862-41ab-82c2-485837590762'}",,False,,,,,,False,True,False,True,0,,,,,False,,order_finalized,,
56c7e3cf-ad5c-46ac-8dbb-f8bb278b9bc7,c2daef8a-738a-4e61-8878-26228df6292e,https://api.robinhood.com/orders/56c7e3cf-ad5c-46ac-8dbb-f8bb278b9bc7/,https://api.robinhood.com/accounts/5SE25445/,fa785cc9-e75d-40e1-ad49-9dad4a009457,https://api.robinhood.com/positions/5SE25445/6bff5af5-3c35-460e-b020-ee158d42ca99/,,https://api.robinhood.com/instruments/6bff5af5-3c35-460e-b020-ee158d42ca99/,6bff5af5-3c35-460e-b020-ee158d42ca99,2.00000000,5.07000000,0.00,filled,filled,,market,buy,gfd,immediate,5.28000000,,2.00000000,,2017-12-19T14:38:53.467475Z,2017-12-19T14:38:54.207423Z,2017-12-19T14:38:54.031000Z,"[{'price': '5.07000000', 'quantity': '2.00000000', 'rounded_notional': None, 'settlement_date': '2017-12-21', 'timestamp': '2017-12-19T14:38:54.031000Z', 'id': '7466022f-92be-40ab-ab8b-a7004c0b8ab9', 'ipo_access_execution_rank': None, 'trade_execution_date': None}]",False,regular_hours,False,False,,,,,,,,"{'amount': '10.56', 'currency_code': 'USD', 'currency_id': '1072fc76-1862-41ab-82c2-485837590762'}","{'amount': '10.14', 'currency_code': 'USD', 'currency_id': '1072fc76-1862-41ab-82c2-485837590762'}",,False,,,,,,False,True,False,True,0,,,,,False,,order_finalized,,
6febbb46-6dee-4c17-adc6-c6b58e421ae7,77dc0322-7adb-4953-ad80-97fe90fe5780,https://api.robinhood.com/orders/6febbb46-6dee-4c17-adc6-c6b58e421ae7/,https://api.robinhood.com/accounts/5SE25445/,fa785cc9-e75d-40e1-ad49-9dad4a009457,https://api.robinhood.com/positions/5SE25445/681574a9-a045-490d-a5f2-889f188c4605/,,https://api.robinhood.com/instruments/681574a9-a045-490d-a5f2-889f188c4605/,681574a9-a045-490d-a5f2-889f188c4605,1.00000000,15.10000000,0.02,filled,filled,,market,sell,gfd,immediate,,,1.00000000,,2017-12-19T14:37:46.192974Z,2017-12-19T14:37:46.639986Z,2017-12-19T14:37:46.450000Z,"[{'price': '15.10000000', 'quantity': '1.00000000', 'rounded_notional': None, 'settlement_date': '2017-12-21', 'timestamp': '2017-12-19T14:37:46.450000Z', 'id': 'd225e4ad-27cf-40da-adc8-083ea5cfac2e', 'ipo_access_execution_rank': None, 'trade_execution_date': None}]",False,regular_hours,False,False,,,,,,,,,"{'amount': '15.10', 'currency_code': 'USD', 'currency_id': '1072fc76-1862-41ab-82c2-485837590762'}",,False,,,,,,False,True,False,True,0,,,,,False,,order_finalized,,
e20fa3cb-365c-48f9-8ac7-2145fc31416a,8076a290-1b9e-4b99-8dfc-acf1513f569a,https://api.robinhood.com/orders/e20fa3cb-365c-48f9-8ac7-2145fc31416a/,https://api.robinhood.com/accounts/5SE25445/,fa785cc9-e75d-40e1-ad49-9dad4a009457,https://api.robinhood.com/positions/5SE25445/ca4203f3-ef9c-4c4b-a7be-7472f061cc20/,,https://api.robinhood.com/instruments/ca4203f3-ef9c-4c4b-a7be-7472f061cc20/,ca4203f3-ef9c-4c4b-a7be-7472f061cc20,1.00000000,0.43000000,0.00,filled,filled,,market,buy,gfd,immediate,0.44830000,,1.00000000,,2017-12-15T17:53:59.536493Z,2017-12-15T17:53:59.889605Z,2017-12-15T17:53:59.747000Z,"[{'price': '0.43000000', 'quantity': '1.00000000', 'rounded_notional': None, 'settlement_date': '2017-12-19', 'timestamp': '2017-12-15T17:53:59.747000Z', 'id': '0c95885f-8f41-47c6-b4b2-6a45b5710889', 'ipo_access_execution_rank': None, 'trade_execution_date': None}]",False,regular_hours,False,False,,,,,,,,"{'amount': '0.45', 'currency_code': 'USD', 'currency_id': '1072fc76-1862-41ab-82c2-485837590762'}","{'amount': '0.43', 'currency_code': 'USD', 'currency_id': '1072fc76-1862-41ab-82c2-485837590762'}",,False,,,,,,False,True,False,True,0,,,,,False,,order_finalized,,
42510004-d791-44bb-904f-b89628baf0f8,c1869b51-20ab-47d1-9d90-23b74248d2ff,https://api.robinhood.com/orders/42510004-d791-44bb-904f-b89628baf0f8/,https://api.robinhood.com/accounts/5SE25445/,fa785cc9-e75d-40e1-ad49-9dad4a009457,https://api.robinhood.com/positions/5SE25445/6bff5af5-3c35-460e-b020-ee158d42ca99/,,https://api.robinhood.com/instruments/6bff5af5-3c35-460e-b020-ee158d42ca99/,6bff5af5-3c35-460e-b020-ee158d42ca99,1.00000000,4.85000000,0.00,filled,filled,,market,buy,gfd,immediate,5.08000000,,1.00000000,,2017-12-15T15:59:11.387639Z,2017-12-15T15:59:11.764823Z,2017-12-15T15:59:11.607000Z,"[{'price': '4.85000000', 'quantity': '1.00000000', 'rounded_notional': None, 'settlement_date': '2017-12-19', 'timestamp': '2017-12-15T15:59:11.607000Z', 'id': 'e51f29e3-b344-479f-a1dd-74a1decdf411', 'ipo_access_execution_rank': None, 'trade_execution_date': None}]",False,regular_hours,False,False,,,,,,,,"{'amount': '5.08', 'currency_code': 'USD', 'currency_id': '1072fc76-1862-41ab-82c2-485837590762'}","{'amount': '4.85', 'currency_code': 'USD', 'currency_id': '1072fc76-1862-41ab-82c2-485837590762'}",,False,,,,,,False,True,False,True,0,,,,,False,,order_finalized,,
44fb2719-eca5-4917-ab47-843d49acc393,840afdb0-8a8b-4af5-a4fa-842494d000de,https://api.robinhood.com/orders/44fb2719-eca5-4917-ab47-843d49acc393/,https://api.robinhood.com/accounts/5SE25445/,fa785cc9-e75d-40e1-ad49-9dad4a009457,https://api.robinhood.com/positions/5SE25445/d15643d2-545c-4b83-a290-f85fe4575b0e/,,https://api.robinhood.com/instruments/d15643d2-545c-4b83-a290-f85fe4575b0e/,d15643d2-545c-4b83-a290-f85fe4575b0e,1.00000000,5.16000000,0.00,filled,filled,,market,buy,gfd,immediate,5.41000000,,1.00000000,,2017-12-15T15:58:30.210861Z,2017-12-15T15:58:30.592168Z,2017-12-15T15:58:30.439000Z,"[{'price': '5.16000000', 'quantity': '1.00000000', 'rounded_notional': None, 'settlement_date': '2017-12-19', 'timestamp': '2017-12-15T15:58:30.439000Z', 'id': '1bbe2061-7267-4be0-bc1e-82df0d0b1105', 'ipo_access_execution_rank': None, 'trade_execution_date': None}]",False,regular_hours,False,False,,,,,,,,"{'amount': '5.41', 'currency_code': 'USD', 'currency_id': '1072fc76-1862-41ab-82c2-485837590762'}","{'amount': '5.16', 'currency_code': 'USD', 'currency_id': '1072fc76-1862-41ab-82c2-485837590762'}",,False,,,,,,False,True,False,True,0,,,,,False,,order_finalized,,
b3443ef3-66f4-4773-9ce2-80e0db3a8fc2,4fce9f1a-4f33-48e2-bf63-24ae50ac3dc5,https://api.robinhood.com/orders/b3443ef3-66f4-4773-9ce2-80e0db3a8fc2/,https://api.robinhood.com/accounts/5SE25445/,fa785cc9-e75d-40e1-ad49-9dad4a009457,https://api.robinhood.com/positions/5SE25445/2b456f6a-3287-4757-abf9-327383d2c708/,,https://api.robinhood.com/instruments/2b456f6a-3287-4757-abf9-327383d2c708/,2b456f6a-3287-4757-abf9-327383d2c708,1.00000000,38.04000000,0.00,filled,filled,,market,buy,gfd,immediate,39.94000000,,1.00000000,,2017-12-15T15:08:59.610388Z,2017-12-15T15:08:59.996289Z,2017-12-15T15:08:59.831000Z,"[{'price': '38.04000000', 'quantity': '1.00000000', 'rounded_notional': None, 'settlement_date': '2017-12-19', 'timestamp': '2017-12-15T15:08:59.831000Z', 'id': 'a4bba612-35a7-4348-adf4-883c865e3cab', 'ipo_access_execution_rank': None, 'trade_execution_date': None}]",False,regular_hours,False,False,,,,,,,,"{'amount': '39.94', 'currency_code': 'USD', 'currency_id': '1072fc76-1862-41ab-82c2-485837590762'}","{'amount': '38.04', 'currency_code': 'USD', 'currency_id': '1072fc76-1862-41ab-82c2-485837590762'}",,False,,,,,,False,True,False,True,0,,,,,False,,order_finalized,,
68eeab60-69f0-4e29-ba37-2c09b5fa5e7e,f1d725a0-9be9-4122-a306-989e52ebb8e6,https://api.robinhood.com/orders/68eeab60-69f0-4e29-ba37-2c09b5fa5e7e/,https://api.robinhood.com/accounts/5SE25445/,fa785cc9-e75d-40e1-ad49-9dad4a009457,https://api.robinhood.com/positions/5SE25445/077f2174-931c-447c-bfdd-cfbf7658b1f9/,,https://api.robinhood.com/instruments/077f2174-931c-447c-bfdd-cfbf7658b1f9/,077f2174-931c-447c-bfdd-cfbf7658b1f9,25.00000000,0.14120000,0.02,filled,filled,,market,sell,gfd,immediate,,,25.00000000,,2017-12-15T15:05:48.865142Z,2017-12-15T15:05:49.295154Z,2017-12-15T15:05:49.131000Z,"[{'price': '0.14120000', 'quantity': '25.00000000', 'rounded_notional': None, 'settlement_date': '2017-12-19', 'timestamp': '2017-12-15T15:05:49.131000Z', 'id': '9bdf65ab-17de-4929-b3c1-ff36337ddec4', 'ipo_access_execution_rank': None, 'trade_execution_date': None}]",False,regular_hours,False,False,,,,,,,,,"{'amount': '3.53', 'currency_code': 'USD', 'currency_id': '1072fc76-1862-41ab-82c2-485837590762'}",,False,,,,,,False,True,False,True,0,,,,,False,,order_finalized,,
90ead1d2-50ab-464b-89b7-66506eb13d3a,9d447667-362a-452e-9970-2a655b5027e7,https://api.robinhood.com/orders/90ead1d2-50ab-464b-89b7-66506eb13d3a/,https://api.robinhood.com/accounts/5SE25445/,fa785cc9-e75d-40e1-ad49-9dad4a009457,https://api.robinhood.com/positions/5SE25445/ca4203f3-ef9c-4c4b-a7be-7472f061cc20/,,https://api.robinhood.com/instruments/ca4203f3-ef9c-4c4b-a7be-7472f061cc20/,ca4203f3-ef9c-4c4b-a7be-7472f061cc20,5.00000000,0.38000000,0.02,filled,filled,,market,sell,gfd,immediate,,,5.00000000,,2017-12-15T15:05:32.551110Z,2017-12-15T15:05:32.883883Z,2017-12-15T15:05:32Z,"[{'price': '0.38029800', 'quantity': '5.00000000', 'rounded_notional': None, 'settlement_date': '2017-12-19', 'timestamp': '2017-12-15T15:05:32Z', 'id': '68fe9e7b-6a82-4f14-a882-ea65c8546525', 'ipo_access_execution_rank': None, 'trade_execution_date': None}]",False,regular_hours,False,False,,,,,,,,,"{'amount': '1.90', 'currency_code': 'USD', 'currency_id': '1072fc76-1862-41ab-82c2-485837590762'}",,False,,,,,,False,True,False,True,0,,,,,False,,order_finalized,,
b6186759-e295-46f3-84be-b8ccf6db7335,b2609d74-27bb-4407-871f-31dc47b6aa27,https://api.robinhood.com/orders/b6186759-e295-46f3-84be-b8ccf6db7335/,https://api.robinhood.com/accounts/5SE25445/,fa785cc9-e75d-40e1-ad49-9dad4a009457,https://api.robinhood.com/positions/5SE25445/1092a709-620a-4c81-b09a-2d3872180002/,,https://api.robinhood.com/instruments/1092a709-620a-4c81-b09a-2d3872180002/,1092a709-620a-4c81-b09a-2d3872180002,2.00000000,3.22000000,0.02,filled,filled,,market,sell,gfd,immediate,,,2.00000000,,2017-12-15T15:05:14.205087Z,2017-12-15T15:05:14.573652Z,2017-12-15T15:05:14.407000Z,"[{'price': '3.22000000', 'quantity': '2.00000000', 'rounded_notional': None, 'settlement_date': '2017-12-19', 'timestamp': '2017-12-15T15:05:14.407000Z', 'id': '8b8cbf5b-924f-42be-bbda-a09cf4162054', 'ipo_access_execution_rank': None, 'trade_execution_date': None}]",False,regular_hours,False,False,,,,,,,,,"{'amount': '6.44', 'currency_code': 'USD', 'currency_id': '1072fc76-1862-41ab-82c2-485837590762'}",,False,,,,,,False,True,False,True,0,,,,,False,,order_finalized,,
a2cdc8ad-4ac5-4e72-aeed-b7331455834f,65dcf44a-5c2d-46cc-ba40-da83e34ea50d,https://api.robinhood.com/orders/a2cdc8ad-4ac5-4e72-aeed-b7331455834f/,https://api.robinhood.com/accounts/5SE25445/,fa785cc9-e75d-40e1-ad49-9dad4a009457,https://api.robinhood.com/positions/5SE25445/846ae64b-c4dd-432c-9f26-44afd60ed82b/,,https://api.robinhood.com/instruments/846ae64b-c4dd-432c-9f26-44afd60ed82b/,846ae64b-c4dd-432c-9f26-44afd60ed82b,1.00000000,23.00000000,0.00,filled,filled,,market,buy,gfd,immediate,23.73000000,,1.00000000,,2017-12-15T14:14:49.726134Z,2017-12-15T14:30:13.603916Z,2017-12-15T14:30:00.478000Z,"[{'price': '23.00000000', 'quantity': '1.00000000', 'rounded_notional': None, 'settlement_date': '2017-12-19', 'timestamp': '2017-12-15T14:30:00.478000Z', 'id': 'f903c580-610a-4a62-9698-713977171172', 'ipo_access_execution_rank': None, 'trade_execution_date': None}]",False,,False,False,,,,,,,,"{'amount': '23.73', 'currency_code': 'USD', 'currency_id': '1072fc76-1862-41ab-82c2-485837590762'}","{'amount': '23.00', 'currency_code': 'USD', 'currency_id': '1072fc76-1862-41ab-82c2-485837590762'}",,False,,,,,,False,True,False,True,0,,,,,False,,order_finalized,,
a6230af3-8731-471e-980c-0968d073a898,8c7c5843-0530-4f91-bdae-d6b074f805ee,https://api.robinhood.com/orders/a6230af3-8731-471e-980c-0968d073a898/,https://api.robinhood.com/accounts/5SE25445/,fa785cc9-e75d-40e1-ad49-9dad4a009457,https://api.robinhood.com/positions/5SE25445/e19d0a68-a377-4b22-80df-fd51871a87f2/,,https://api.robinhood.com/instruments/e19d0a68-a377-4b22-80df-fd51871a87f2/,e19d0a68-a377-4b22-80df-fd51871a87f2,91.00000000,0.28000000,0.02,filled,filled,,limit,sell,gfd,immediate,0.28000000,,91.00000000,,2017-12-15T14:07:53.461752Z,2017-12-15T14:30:30.248525Z,2017-12-15T14:30:02.664000Z,"[{'price': '0.28000000', 'quantity': '91.00000000', 'rounded_notional': None, 'settlement_date': '2017-12-19', 'timestamp': '2017-12-15T14:30:02.664000Z', 'id': '7a70cd68-0330-4e41-93ec-4532b27c7d56', 'ipo_access_execution_rank': None, 'trade_execution_date': None}]",False,regular_hours,False,False,,,,,,,,"{'amount': '25.48', 'currency_code': 'USD', 'currency_id': '1072fc76-1862-41ab-82c2-485837590762'}","{'amount': '25.48', 'currency_code': 'USD', 'currency_id': '1072fc76-1862-41ab-82c2-485837590762'}",,False,,,,,,False,True,False,True,0,,,,,False,,order_finalized,,
3d806c69-2328-4ebe-9283-e64efae6d556,fe3841c9-62b2-494b-8911-74e8fd800ede,https://api.robinhood.com/orders/3d806c69-2328-4ebe-9283-e64efae6d556/,https://api.robinhood.com/accounts/5SE25445/,fa785cc9-e75d-40e1-ad49-9dad4a009457,https://api.robinhood.com/positions/5SE25445/e19d0a68-a377-4b22-80df-fd51871a87f2/,,https://api.robinhood.com/instruments/e19d0a68-a377-4b22-80df-fd51871a87f2/,e19d0a68-a377-4b22-80df-fd51871a87f2,0.00000000,,0.00,cancelled,cancelled,,market,sell,gfd,immediate,,,90.00000000,,2017-12-15T14:04:12.056111Z,2017-12-15T14:07:12.321392Z,2017-12-15T14:07:12.171000Z,[],False,regular_hours,False,False,,,,,,,,,,,False,,,,,,False,True,False,True,0,,,,,False,,order_finalized,,
beba09af-34fa-412f-a41f-28431b86c6c8,8991eab7-5949-4b34-aec4-f9531f58c833,https://api.robinhood.com/orders/beba09af-34fa-412f-a41f-28431b86c6c8/,https://api.robinhood.com/accounts/5SE25445/,fa785cc9-e75d-40e1-ad49-9dad4a009457,https://api.robinhood.com/positions/5SE25445/681574a9-a045-490d-a5f2-889f188c4605/,,https://api.robinhood.com/instruments/681574a9-a045-490d-a5f2-889f188c4605/,681574a9-a045-490d-a5f2-889f188c4605,1.00000000,15.75000000,0.00,filled,filled,,market,buy,gfd,immediate,16.60000000,,1.00000000,,2017-12-15T14:03:19.943525Z,2017-12-15T14:30:21.485047Z,2017-12-15T14:30:01.025000Z,"[{'price': '15.75000000', 'quantity': '1.00000000', 'rounded_notional': None, 'settlement_date': '2017-12-19', 'timestamp': '2017-12-15T14:30:01.025000Z', 'id': '3a787531-5a86-41c4-b0c8-7ee2648bf0fe', 'ipo_access_execution_rank': None, 'trade_execution_date': None}]",False,regular_hours,False,False,,,,,,,,"{'amount': '16.60', 'currency_code': 'USD', 'currency_id': '1072fc76-1862-41ab-82c2-485837590762'}","{'amount': '15.75', 'currency_code': 'USD', 'currency_id': '1072fc76-1862-41ab-82c2-485837590762'}",,False,,,,,,False,True,False,True,0,,,,,False,,order_finalized,,
7e0dae7e-73e7-45a5-8630-3e599f5a2ef6,6285f176-d5ee-46ba-a538-4ecca690a2f1,https://api.robinhood.com/orders/7e0dae7e-73e7-45a5-8630-3e599f5a2ef6/,https://api.robinhood.com/accounts/5SE25445/,fa785cc9-e75d-40e1-ad49-9dad4a009457,https://api.robinhood.com/positions/5SE25445/ca4203f3-ef9c-4c4b-a7be-7472f061cc20/,,https://api.robinhood.com/instruments/ca4203f3-ef9c-4c4b-a7be-7472f061cc20/,ca4203f3-ef9c-4c4b-a7be-7472f061cc20,5.00000000,0.42000000,0.00,filled,filled,,market,buy,gfd,immediate,0.43260000,,5.00000000,,2017-12-13T18:56:31.474107Z,2017-12-13T18:56:31.822312Z,2017-12-13T18:56:31Z,"[{'price': '0.41923200', 'quantity': '5.00000000', 'rounded_notional': None, 'settlement_date': '2017-12-15', 'timestamp': '2017-12-13T18:56:31Z', 'id': 'cf1657d8-81ea-41f0-91c4-e593af108e5e', 'ipo_access_execution_rank': None, 'trade_execution_date': None}]",False,regular_hours,False,False,,,,,,,,"{'amount': '2.17', 'currency_code': 'USD', 'currency_id': '1072fc76-1862-41ab-82c2-485837590762'}","{'amount': '2.10', 'currency_code': 'USD', 'currency_id': '1072fc76-1862-41ab-82c2-485837590762'}",,False,,,,,,False,True,False,True,0,,,,,False,,order_finalized,,
783f09a1-096e-4a90-8183-bc2a77edf9e9,9e16dbed-5a82-49ea-ad0e-b5cbef247efa,https://api.robinhood.com/orders/783f09a1-096e-4a90-8183-bc2a77edf9e9/,https://api.robinhood.com/accounts/5SE25445/,fa785cc9-e75d-40e1-ad49-9dad4a009457,https://api.robinhood.com/positions/5SE25445/2bbdb493-dbb1-4e9c-ac98-6e7c93b117c0/,,https://api.robinhood.com/instruments/2bbdb493-dbb1-4e9c-ac98-6e7c93b117c0/,2bbdb493-dbb1-4e9c-ac98-6e7c93b117c0,1.00000000,18.81000000,0.00,filled,filled,,market,buy,gfd,immediate,19.74000000,,1.00000000,,2017-12-13T18:06:40.027301Z,2017-12-13T18:06:40.412337Z,2017-12-13T18:06:40Z,"[{'price': '18.81000000', 'quantity': '1.00000000', 'rounded_notional': None, 'settlement_date': '2017-12-15', 'timestamp': '2017-12-13T18:06:40Z', 'id': '80cefea5-c087-4356-ace9-89b94ef8876a', 'ipo_access_execution_rank': None, 'trade_execution_date': None}]",False,regular_hours,False,False,,,,,,,,"{'amount': '19.74', 'currency_code': 'USD', 'currency_id': '1072fc76-1862-41ab-82c2-485837590762'}","{'amount': '18.81', 'currency_code': 'USD', 'currency_id': '1072fc76-1862-41ab-82c2-485837590762'}",,False,,,,,,False,True,False,True,0,,,,,False,,order_finalized,,
75c3d4be-7185-48f8-9974-d93ab012ad49,30b986e0-a551-45be-a958-a0591f7493e9,https://api.robinhood.com/orders/75c3d4be-7185-48f8-9974-d93ab012ad49/,https://api.robinhood.com/accounts/5SE25445/,fa785cc9-e75d-40e1-ad49-9dad4a009457,https://api.robinhood.com/positions/5SE25445/681574a9-a045-490d-a5f2-889f188c4605/,,https://api.robinhood.com/instruments/681574a9-a045-490d-a5f2-889f188c4605/,681574a9-a045-490d-a5f2-889f188c4605,1.00000000,14.91000000,0.02,filled,filled,,market,sell,gfd,immediate,,,1.00000000,,2017-12-13T18:06:04.182789Z,2017-12-13T18:06:04.512561Z,2017-12-13T18:06:04Z,"[{'price': '14.90500000', 'quantity': '1.00000000', 'rounded_notional': None, 'settlement_date': '2017-12-15', 'timestamp': '2017-12-13T18:06:04Z', 'id': '150e7080-7cc4-41db-8570-bcc816f2b234', 'ipo_access_execution_rank': None, 'trade_execution_date': None}]",False,regular_hours,False,False,,,,,,,,,"{'amount': '14.91', 'currency_code': 'USD', 'currency_id': '1072fc76-1862-41ab-82c2-485837590762'}",,False,,,,,,False,True,False,True,0,,,,,False,,order_finalized,,
997acedc-af96-4934-944b-e7fde5449f7c,2858854f-a783-418e-961e-9390cbaecf72,https://api.robinhood.com/orders/997acedc-af96-4934-944b-e7fde5449f7c/,https://api.robinhood.com/accounts/5SE25445/,fa785cc9-e75d-40e1-ad49-9dad4a009457,https://api.robinhood.com/positions/5SE25445/7a1674ac-e43f-411c-ab00-eaa4acc32205/,,https://api.robinhood.com/instruments/7a1674ac-e43f-411c-ab00-eaa4acc32205/,7a1674ac-e43f-411c-ab00-eaa4acc32205,1.00000000,2.48000000,0.02,filled,filled,,market,sell,gfd,immediate,,,1.00000000,,2017-12-13T18:05:17.289123Z,2017-12-13T18:05:17.642915Z,2017-12-13T18:05:17Z,"[{'price': '2.48000000', 'quantity': '1.00000000', 'rounded_notional': None, 'settlement_date': '2017-12-15', 'timestamp': '2017-12-13T18:05:17Z', 'id': '76aae107-956c-4483-8c61-a8381d86717f', 'ipo_access_execution_rank': None, 'trade_execution_date': None}]",False,regular_hours,False,False,,,,,,,,,"{'amount': '2.48', 'currency_code': 'USD', 'currency_id': '1072fc76-1862-41ab-82c2-485837590762'}",,False,,,,,,False,True,False,True,0,,,,,False,,order_finalized,,
18356ca8-a38b-4996-b9c6-3e61dd5c9eee,3c9ef785-3aed-41dc-a117-0d0b95c3fb79,https://api.robinhood.com/orders/18356ca8-a38b-4996-b9c6-3e61dd5c9eee/,https://api.robinhood.com/accounts/5SE25445/,fa785cc9-e75d-40e1-ad49-9dad4a009457,https://api.robinhood.com/positions/5SE25445/b195ad3d-531f-4cde-9bbf-6c256e7e80fc/,,https://api.robinhood.com/instruments/b195ad3d-531f-4cde-9bbf-6c256e7e80fc/,b195ad3d-531f-4cde-9bbf-6c256e7e80fc,1.00000000,3.35000000,0.02,filled,filled,,market,sell,gfd,immediate,,,1.00000000,,2017-12-13T18:05:03.426740Z,2017-12-13T18:05:03.814315Z,2017-12-13T18:05:03Z,"[{'price': '3.35000000', 'quantity': '1.00000000', 'rounded_notional': None, 'settlement_date': '2017-12-15', 'timestamp': '2017-12-13T18:05:03Z', 'id': '87058c75-cc14-44c1-b780-b2806aec90d5', 'ipo_access_execution_rank': None, 'trade_execution_date': None}]",False,regular_hours,False,False,,,,,,,,,"{'amount': '3.35', 'currency_code': 'USD', 'currency_id': '1072fc76-1862-41ab-82c2-485837590762'}",,False,,,,,,False,True,False,True,0,,,,,False,,order_finalized,,
aad39850-b12c-4d38-b36a-cf6a1e0ebf02,7b854308-1daa-435f-98d7-30256b13d3df,https://api.robinhood.com/orders/aad39850-b12c-4d38-b36a-cf6a1e0ebf02/,https://api.robinhood.com/accounts/5SE25445/,fa785cc9-e75d-40e1-ad49-9dad4a009457,https://api.robinhood.com/positions/5SE25445/e19d0a68-a377-4b22-80df-fd51871a87f2/,,https://api.robinhood.com/instruments/e19d0a68-a377-4b22-80df-fd51871a87f2/,e19d0a68-a377-4b22-80df-fd51871a87f2,19.00000000,0.25840000,0.00,filled,filled,,market,buy,gfd,immediate,0.27060000,,19.00000000,,2017-12-13T18:04:44.920641Z,2017-12-13T18:04:45.336881Z,2017-12-13T18:04:45Z,"[{'price': '0.25856900', 'quantity': '19.00000000', 'rounded_notional': None, 'settlement_date': '2017-12-15', 'timestamp': '2017-12-13T18:04:45Z', 'id': 'ec6416b8-c3b1-40bd-b327-1319fe972204', 'ipo_access_execution_rank': None, 'trade_execution_date': None}]",False,regular_hours,False,False,,,,,,,,"{'amount': '5.15', 'currency_code': 'USD', 'currency_id': '1072fc76-1862-41ab-82c2-485837590762'}","{'amount': '4.91', 'currency_code': 'USD', 'currency_id': '1072fc76-1862-41ab-82c2-485837590762'}",,False,,,,,,False,True,False,True,0,,,,,False,,order_finalized,,
667d26c0-6b5d-45d1-b044-40f03cb4f525,0545651e-7ec8-4dce-951d-6ceb1dee8853,https://api.robinhood.com/orders/667d26c0-6b5d-45d1-b044-40f03cb4f525/,https://api.robinhood.com/accounts/5SE25445/,fa785cc9-e75d-40e1-ad49-9dad4a009457,https://api.robinhood.com/positions/5SE25445/ca4203f3-ef9c-4c4b-a7be-7472f061cc20/,,https://api.robinhood.com/instruments/ca4203f3-ef9c-4c4b-a7be-7472f061cc20/,ca4203f3-ef9c-4c4b-a7be-7472f061cc20,10.00000000,0.50300000,0.02,filled,filled,,market,sell,gfd,immediate,,,10.00000000,,2017-12-13T18:04:08.997512Z,2017-12-13T18:04:09.439384Z,2017-12-13T18:04:09Z,"[{'price': '0.50300000', 'quantity': '10.00000000', 'rounded_notional': None, 'settlement_date': '2017-12-15', 'timestamp': '2017-12-13T18:04:09Z', 'id': '7f4463a9-1c71-4eb3-84b3-979dcd15a33d', 'ipo_access_execution_rank': None, 'trade_execution_date': None}]",False,regular_hours,False,False,,,,,,,,,"{'amount': '5.03', 'currency_code': 'USD', 'currency_id': '1072fc76-1862-41ab-82c2-485837590762'}",,False,,,,,,False,True,False,True,0,,,,,False,,order_finalized,,
4b266af7-fbeb-448c-ab66-614f0ee71d32,a7057ccf-a0ce-4e63-9fc9-7f45a79a9c2b,https://api.robinhood.com/orders/4b266af7-fbeb-448c-ab66-614f0ee71d32/,https://api.robinhood.com/accounts/5SE25445/,fa785cc9-e75d-40e1-ad49-9dad4a009457,https://api.robinhood.com/positions/5SE25445/077f2174-931c-447c-bfdd-cfbf7658b1f9/,,https://api.robinhood.com/instruments/077f2174-931c-447c-bfdd-cfbf7658b1f9/,077f2174-931c-447c-bfdd-cfbf7658b1f9,15.00000000,0.15200000,0.00,filled,filled,,market,buy,gfd,immediate,0.16010000,,15.00000000,,2017-12-13T18:03:47.189067Z,2017-12-13T18:03:48.425975Z,2017-12-13T18:03:48Z,"[{'price': '0.15170000', 'quantity': '15.00000000', 'rounded_notional': None, 'settlement_date': '2017-12-15', 'timestamp': '2017-12-13T18:03:48Z', 'id': 'd1a60329-e649-4bab-98a4-9dd9bb370998', 'ipo_access_execution_rank': None, 'trade_execution_date': None}]",False,regular_hours,False,False,,,,,,,,"{'amount': '2.41', 'currency_code': 'USD', 'currency_id': '1072fc76-1862-41ab-82c2-485837590762'}","{'amount': '2.28', 'currency_code': 'USD', 'currency_id': '1072fc76-1862-41ab-82c2-485837590762'}",,False,,,,,,False,True,False,True,0,,,,,False,,order_finalized,,
681ee333-a315-4570-8444-b34229d4324a,98c5eb17-a6b4-4047-b3de-d8ed4badf2b3,https://api.robinhood.com/orders/681ee333-a315-4570-8444-b34229d4324a/,https://api.robinhood.com/accounts/5SE25445/,fa785cc9-e75d-40e1-ad49-9dad4a009457,https://api.robinhood.com/positions/5SE25445/b4bec397-894b-4c7a-8f6d-ea07ccc5c844/,,https://api.robinhood.com/instruments/b4bec397-894b-4c7a-8f6d-ea07ccc5c844/,b4bec397-894b-4c7a-8f6d-ea07ccc5c844,2.00000000,1.20000000,0.02,filled,filled,,market,sell,gfd,immediate,,,2.00000000,,2017-12-13T18:03:28.539447Z,2017-12-13T18:03:28.867775Z,2017-12-13T18:03:28.712000Z,"[{'price': '1.20100000', 'quantity': '2.00000000', 'rounded_notional': None, 'settlement_date': '2017-12-15', 'timestamp': '2017-12-13T18:03:28.712000Z', 'id': 'e2611714-a02d-47c7-b50a-1aa35bec0f02', 'ipo_access_execution_rank': None, 'trade_execution_date': None}]",False,regular_hours,False,False,,,,,,,,,"{'amount': '2.40', 'currency_code': 'USD', 'currency_id': '1072fc76-1862-41ab-82c2-485837590762'}",,False,,,,,,False,True,False,True,0,,,,,False,,order_finalized,,
f812dae8-404e-4b3c-a006-136e5bd981a5,e744e382-103e-4da3-a777-31de8caf5043,https://api.robinhood.com/orders/f812dae8-404e-4b3c-a006-136e5bd981a5/,https://api.robinhood.com/accounts/5SE25445/,fa785cc9-e75d-40e1-ad49-9dad4a009457,https://api.robinhood.com/positions/5SE25445/e19d0a68-a377-4b22-80df-fd51871a87f2/,,https://api.robinhood.com/instruments/e19d0a68-a377-4b22-80df-fd51871a87f2/,e19d0a68-a377-4b22-80df-fd51871a87f2,6.00000000,0.25830000,0.00,filled,filled,,market,buy,gfd,immediate,0.26990000,,6.00000000,,2017-12-13T18:02:51.324228Z,2017-12-13T18:02:51.713219Z,2017-12-13T18:02:51Z,"[{'price': '0.25856900', 'quantity': '6.00000000', 'rounded_notional': None, 'settlement_date': '2017-12-15', 'timestamp': '2017-12-13T18:02:51Z', 'id': '7c768d2a-0c6f-413f-a152-6d9d19ae3af9', 'ipo_access_execution_rank': None, 'trade_execution_date': None}]",False,regular_hours,False,False,,,,,,,,"{'amount': '1.62', 'currency_code': 'USD', 'currency_id': '1072fc76-1862-41ab-82c2-485837590762'}","{'amount': '1.55', 'currency_code': 'USD', 'currency_id': '1072fc76-1862-41ab-82c2-485837590762'}",,False,,,,,,False,True,False,True,0,,,,,False,,order_finalized,,
f63cb2db-b7f1-42e8-9546-bd8834c98d00,f57643db-c277-4050-bdd2-7d1e604c3f2c,https://api.robinhood.com/orders/f63cb2db-b7f1-42e8-9546-bd8834c98d00/,https://api.robinhood.com/accounts/5SE25445/,fa785cc9-e75d-40e1-ad49-9dad4a009457,https://api.robinhood.com/positions/5SE25445/46858296-57ce-4025-b73b-4c0cf38cd673/,,https://api.robinhood.com/instruments/46858296-57ce-4025-b73b-4c0cf38cd673/,46858296-57ce-4025-b73b-4c0cf38cd673,4.00000000,0.32250000,0.02,filled,filled,,market,sell,gfd,immediate,,,4.00000000,,2017-12-13T18:01:51.688276Z,2017-12-13T18:01:52.037321Z,2017-12-13T18:01:51.888000Z,"[{'price': '0.32250000', 'quantity': '4.00000000', 'rounded_notional': None, 'settlement_date': '2017-12-15', 'timestamp': '2017-12-13T18:01:51.888000Z', 'id': '5ac8fac0-4516-4d6b-a8df-8dec07a66ebb', 'ipo_access_execution_rank': None, 'trade_execution_date': None}]",False,regular_hours,False,False,,,,,,,,,"{'amount': '1.29', 'currency_code': 'USD', 'currency_id': '1072fc76-1862-41ab-82c2-485837590762'}",,False,,,,,,False,True,False,True,0,,,,,False,,order_finalized,,
9e8d6f01-4aad-4bc4-87cd-9e09964e2186,9d54648d-4724-49e3-954d-0f81a129b743,https://api.robinhood.com/orders/9e8d6f01-4aad-4bc4-87cd-9e09964e2186/,https://api.robinhood.com/accounts/5SE25445/,fa785cc9-e75d-40e1-ad49-9dad4a009457,https://api.robinhood.com/positions/5SE25445/e19d0a68-a377-4b22-80df-fd51871a87f2/,,https://api.robinhood.com/instruments/e19d0a68-a377-4b22-80df-fd51871a87f2/,e19d0a68-a377-4b22-80df-fd51871a87f2,19.00000000,0.25840000,0.00,filled,filled,,market,buy,gfd,immediate,0.27100000,,19.00000000,,2017-12-13T18:01:24.785708Z,2017-12-13T18:01:25.112175Z,2017-12-13T18:01:24Z,"[{'price': '0.25838600', 'quantity': '19.00000000', 'rounded_notional': None, 'settlement_date': '2017-12-15', 'timestamp': '2017-12-13T18:01:24Z', 'id': 'd35d82a5-c303-4453-ad23-7b2f2d0eb02c', 'ipo_access_execution_rank': None, 'trade_execution_date': None}]",False,regular_hours,False,False,,,,,,,,"{'amount': '5.15', 'currency_code': 'USD', 'currency_id': '1072fc76-1862-41ab-82c2-485837590762'}","{'amount': '4.91', 'currency_code': 'USD', 'currency_id': '1072fc76-1862-41ab-82c2-485837590762'}",,False,,,,,,False,True,False,True,0,,,,,False,,order_finalized,,
e3bb2c89-a58e-4086-9947-0857c7e5989f,182fa3da-8859-4a7b-b793-e1139b57d0b8,https://api.robinhood.com/orders/e3bb2c89-a58e-4086-9947-0857c7e5989f/,https://api.robinhood.com/accounts/5SE25445/,fa785cc9-e75d-40e1-ad49-9dad4a009457,https://api.robinhood.com/positions/5SE25445/a2d8c03a-4050-4a45-b816-870a56ef28fb/,,https://api.robinhood.com/instruments/a2d8c03a-4050-4a45-b816-870a56ef28fb/,a2d8c03a-4050-4a45-b816-870a56ef28fb,5.00000000,0.88200000,0.02,filled,filled,,market,sell,gfd,immediate,,,5.00000000,,2017-12-13T18:00:54.171288Z,2017-12-13T18:00:54.522534Z,2017-12-13T18:00:54Z,"[{'price': '0.88210000', 'quantity': '5.00000000', 'rounded_notional': None, 'settlement_date': '2017-12-15', 'timestamp': '2017-12-13T18:00:54Z', 'id': 'be091caa-f94b-42fa-b6b4-cfed35d6ece7', 'ipo_access_execution_rank': None, 'trade_execution_date': None}]",False,regular_hours,False,False,,,,,,,,,"{'amount': '4.41', 'currency_code': 'USD', 'currency_id': '1072fc76-1862-41ab-82c2-485837590762'}",,False,,,,,,False,True,False,True,0,,,,,False,,order_finalized,,
56d96c18-353f-44bc-ba60-1abb3a25f1bc,d80259b7-f165-46ec-beb6-ebad080b1363,https://api.robinhood.com/orders/56d96c18-353f-44bc-ba60-1abb3a25f1bc/,https://api.robinhood.com/accounts/5SE25445/,fa785cc9-e75d-40e1-ad49-9dad4a009457,https://api.robinhood.com/positions/5SE25445/e19d0a68-a377-4b22-80df-fd51871a87f2/,,https://api.robinhood.com/instruments/e19d0a68-a377-4b22-80df-fd51871a87f2/,e19d0a68-a377-4b22-80df-fd51871a87f2,53.00000000,0.25790000,0.00,filled,filled,,market,buy,gfd,immediate,0.27060000,,53.00000000,,2017-12-13T18:00:07.574801Z,2017-12-13T18:00:07.964916Z,2017-12-13T18:00:07.812000Z,"[{'price': '0.25800000', 'quantity': '53.00000000', 'rounded_notional': None, 'settlement_date': '2017-12-15', 'timestamp': '2017-12-13T18:00:07.812000Z', 'id': 'ce998b1f-e8d3-45b0-a466-7035b9dc8491', 'ipo_access_execution_rank': None, 'trade_execution_date': None}]",False,regular_hours,False,False,,,,,,,,"{'amount': '14.35', 'currency_code': 'USD', 'currency_id': '1072fc76-1862-41ab-82c2-485837590762'}","{'amount': '13.67', 'currency_code': 'USD', 'currency_id': '1072fc76-1862-41ab-82c2-485837590762'}",,False,,,,,,False,True,False,True,0,,,,,False,,order_finalized,,
d2db1427-c0b6-4ece-aad2-391bcec25ac4,20e24fa0-41a7-46c7-981c-db2290d99043,https://api.robinhood.com/orders/d2db1427-c0b6-4ece-aad2-391bcec25ac4/,https://api.robinhood.com/accounts/5SE25445/,fa785cc9-e75d-40e1-ad49-9dad4a009457,https://api.robinhood.com/positions/5SE25445/af8660a8-6516-41ef-97c7-7a5ea9067a23/,,https://api.robinhood.com/instruments/af8660a8-6516-41ef-97c7-7a5ea9067a23/,af8660a8-6516-41ef-97c7-7a5ea9067a23,1.00000000,1.83000000,0.02,filled,filled,,market,sell,gfd,immediate,,,1.00000000,,2017-12-13T17:50:54.198192Z,2017-12-13T17:50:54.535534Z,2017-12-13T17:50:54Z,"[{'price': '1.83020000', 'quantity': '1.00000000', 'rounded_notional': None, 'settlement_date': '2017-12-15', 'timestamp': '2017-12-13T17:50:54Z', 'id': '3c89bdad-4610-4f18-b371-6293bfe2d12b', 'ipo_access_execution_rank': None, 'trade_execution_date': None}]",False,regular_hours,False,False,,,,,,,,,"{'amount': '1.83', 'currency_code': 'USD', 'currency_id': '1072fc76-1862-41ab-82c2-485837590762'}",,False,,,,,,False,True,False,True,0,,,,,False,,order_finalized,,
9eafeb7e-5466-409e-9c73-a184f7b4f439,0de9b5df-5dfe-4c3e-8d63-29a0b59b23cd,https://api.robinhood.com/orders/9eafeb7e-5466-409e-9c73-a184f7b4f439/,https://api.robinhood.com/accounts/5SE25445/,fa785cc9-e75d-40e1-ad49-9dad4a009457,https://api.robinhood.com/positions/5SE25445/66de98cc-c7c1-439e-a6ee-7f7e59a4b71d/,,https://api.robinhood.com/instruments/66de98cc-c7c1-439e-a6ee-7f7e59a4b71d/,66de98cc-c7c1-439e-a6ee-7f7e59a4b71d,1.00000000,3.10000000,0.02,filled,filled,,market,sell,gfd,immediate,,,1.00000000,,2017-12-13T17:50:28.180615Z,2017-12-13T17:50:28.536366Z,2017-12-13T17:50:28.388000Z,"[{'price': '3.10000000', 'quantity': '1.00000000', 'rounded_notional': None, 'settlement_date': '2017-12-15', 'timestamp': '2017-12-13T17:50:28.388000Z', 'id': '9143449a-e8ed-459f-8fc8-c7f5b20e19ae', 'ipo_access_execution_rank': None, 'trade_execution_date': None}]",False,regular_hours,False,False,,,,,,,,,"{'amount': '3.10', 'currency_code': 'USD', 'currency_id': '1072fc76-1862-41ab-82c2-485837590762'}",,False,,,,,,False,True,False,True,0,,,,,False,,order_finalized,,
3e68c37f-01a3-4761-adef-1921f632bb86,e520aada-da1b-48c0-b4ba-24154ff3b181,https://api.robinhood.com/orders/3e68c37f-01a3-4761-adef-1921f632bb86/,https://api.robinhood.com/accounts/5SE25445/,fa785cc9-e75d-40e1-ad49-9dad4a009457,https://api.robinhood.com/positions/5SE25445/5c074821-62af-4d3f-883c-5ebba1ddddee/,,https://api.robinhood.com/instruments/5c074821-62af-4d3f-883c-5ebba1ddddee/,5c074821-62af-4d3f-883c-5ebba1ddddee,1.00000000,9.57000000,0.02,filled,filled,,market,sell,gfd,immediate,,,1.00000000,,2017-12-13T17:50:15.065070Z,2017-12-13T17:50:15.476005Z,2017-12-13T17:50:15.312000Z,"[{'price': '9.57100000', 'quantity': '1.00000000', 'rounded_notional': None, 'settlement_date': '2017-12-15', 'timestamp': '2017-12-13T17:50:15.312000Z', 'id': 'e5b92cf6-eb23-480e-b708-3c9d72d4c1b8', 'ipo_access_execution_rank': None, 'trade_execution_date': None}]",False,regular_hours,False,False,,,,,,,,,"{'amount': '9.57', 'currency_code': 'USD', 'currency_id': '1072fc76-1862-41ab-82c2-485837590762'}",,False,,,,,,False,True,False,True,0,,,,,False,,order_finalized,,
62d32882-6717-4ca6-a281-23b74d4e5243,14476f8e-9a31-4f20-82ee-3e95a5de1a38,https://api.robinhood.com/orders/62d32882-6717-4ca6-a281-23b74d4e5243/,https://api.robinhood.com/accounts/5SE25445/,fa785cc9-e75d-40e1-ad49-9dad4a009457,https://api.robinhood.com/positions/5SE25445/53f6737c-4a9f-47c0-a9ae-21c70dde8bd6/,,https://api.robinhood.com/instruments/53f6737c-4a9f-47c0-a9ae-21c70dde8bd6/,53f6737c-4a9f-47c0-a9ae-21c70dde8bd6,0.00000000,,0.00,cancelled,cancelled,,limit,buy,gfd,immediate,0.13000000,,1.00000000,,2017-12-12T20:47:06.531850Z,2017-12-12T21:01:24.189148Z,2017-12-12T21:01:24.011206Z,[],False,regular_hours,False,False,,,,,,,,"{'amount': '0.13', 'currency_code': 'USD', 'currency_id': '1072fc76-1862-41ab-82c2-485837590762'}",,,False,,,,,,False,True,False,True,0,,,,,False,,order_finalized,,
9f0241a7-f9f8-4234-9878-79d1b2798799,69d80a29-3089-46e9-8b95-25edd19a31ab,https://api.robinhood.com/orders/9f0241a7-f9f8-4234-9878-79d1b2798799/,https://api.robinhood.com/accounts/5SE25445/,fa785cc9-e75d-40e1-ad49-9dad4a009457,https://api.robinhood.com/positions/5SE25445/53f6737c-4a9f-47c0-a9ae-21c70dde8bd6/,,https://api.robinhood.com/instruments/53f6737c-4a9f-47c0-a9ae-21c70dde8bd6/,53f6737c-4a9f-47c0-a9ae-21c70dde8bd6,11.00000000,0.13360000,0.00,filled,filled,,market,buy,gfd,immediate,0.13860000,,11.00000000,,2017-12-12T20:46:28.324269Z,2017-12-12T20:46:28.731419Z,2017-12-12T20:46:28.568000Z,"[{'price': '0.13380000', 'quantity': '11.00000000', 'rounded_notional': None, 'settlement_date': '2017-12-14', 'timestamp': '2017-12-12T20:46:28.568000Z', 'id': '97c93681-2f1b-4fb6-90a4-c7539ed57c0a', 'ipo_access_execution_rank': None, 'trade_execution_date': None}]",False,regular_hours,False,False,,,,,,,,"{'amount': '1.53', 'currency_code': 'USD', 'currency_id': '1072fc76-1862-41ab-82c2-485837590762'}","{'amount': '1.47', 'currency_code': 'USD', 'currency_id': '1072fc76-1862-41ab-82c2-485837590762'}",,False,,,,,,False,True,False,True,0,,,,,False,,order_finalized,,
620ab282-e8b0-4ee1-8cbb-00dc4b3062b9,66ac5b33-76e6-483f-b9f7-5dbf0497bd68,https://api.robinhood.com/orders/620ab282-e8b0-4ee1-8cbb-00dc4b3062b9/,https://api.robinhood.com/accounts/5SE25445/,fa785cc9-e75d-40e1-ad49-9dad4a009457,https://api.robinhood.com/positions/5SE25445/47b3ea92-713b-4f7b-bb63-8e441491950a/,,https://api.robinhood.com/instruments/47b3ea92-713b-4f7b-bb63-8e441491950a/,47b3ea92-713b-4f7b-bb63-8e441491950a,1.00000000,2.62000000,0.00,filled,filled,,market,buy,gfd,immediate,2.75000000,,1.00000000,,2017-12-12T19:57:57.857106Z,2017-12-12T19:57:58.302610Z,2017-12-12T19:57:58.148000Z,"[{'price': '2.62000000', 'quantity': '1.00000000', 'rounded_notional': None, 'settlement_date': '2017-12-14', 'timestamp': '2017-12-12T19:57:58.148000Z', 'id': 'ac105fc4-e1dc-417a-95e2-93bcee93b879', 'ipo_access_execution_rank': None, 'trade_execution_date': None}]",False,regular_hours,False,False,,,,,,,,"{'amount': '2.75', 'currency_code': 'USD', 'currency_id': '1072fc76-1862-41ab-82c2-485837590762'}","{'amount': '2.62', 'currency_code': 'USD', 'currency_id': '1072fc76-1862-41ab-82c2-485837590762'}",,False,,,,,,False,True,False,True,0,,,,,False,,order_finalized,,
dd68869c-381d-49e8-a586-afe7f203149b,d095d621-99f6-4dae-9573-257e0694ba26,https://api.robinhood.com/orders/dd68869c-381d-49e8-a586-afe7f203149b/,https://api.robinhood.com/accounts/5SE25445/,fa785cc9-e75d-40e1-ad49-9dad4a009457,https://api.robinhood.com/positions/5SE25445/681574a9-a045-490d-a5f2-889f188c4605/,,https://api.robinhood.com/instruments/681574a9-a045-490d-a5f2-889f188c4605/,681574a9-a045-490d-a5f2-889f188c4605,1.00000000,15.80000000,0.00,filled,filled,,market,buy,gfd,immediate,16.50000000,,1.00000000,,2017-12-12T17:57:00.732399Z,2017-12-12T17:57:01.122602Z,2017-12-12T17:57:00.971000Z,"[{'price': '15.80000000', 'quantity': '1.00000000', 'rounded_notional': None, 'settlement_date': '2017-12-14', 'timestamp': '2017-12-12T17:57:00.971000Z', 'id': '5f70fd12-5c5e-48c9-a5e4-248167bc3171', 'ipo_access_execution_rank': None, 'trade_execution_date': None}]",False,regular_hours,False,False,,,,,,,,"{'amount': '16.50', 'currency_code': 'USD', 'currency_id': '1072fc76-1862-41ab-82c2-485837590762'}","{'amount': '15.80', 'currency_code': 'USD', 'currency_id': '1072fc76-1862-41ab-82c2-485837590762'}",,False,,,,,,False,True,False,True,0,,,,,False,,order_finalized,,
ad474305-1ab5-48d3-856b-a9813d001033,03a66793-0cf4-4eca-85b8-0c45a7d0ad73,https://api.robinhood.com/orders/ad474305-1ab5-48d3-856b-a9813d001033/,https://api.robinhood.com/accounts/5SE25445/,fa785cc9-e75d-40e1-ad49-9dad4a009457,https://api.robinhood.com/positions/5SE25445/ee9ff5fd-abf3-4e11-bd82-c2ca55880f19/,,https://api.robinhood.com/instruments/ee9ff5fd-abf3-4e11-bd82-c2ca55880f19/,ee9ff5fd-abf3-4e11-bd82-c2ca55880f19,1.00000000,0.71000000,0.00,filled,filled,,market,buy,gfd,immediate,0.74490000,,1.00000000,,2017-12-12T17:52:14.719241Z,2017-12-12T17:52:15.120798Z,2017-12-12T17:52:14.974000Z,"[{'price': '0.70970000', 'quantity': '1.00000000', 'rounded_notional': None, 'settlement_date': '2017-12-14', 'timestamp': '2017-12-12T17:52:14.974000Z', 'id': '8e70db25-09d5-4152-9f2f-c4225cacac9e', 'ipo_access_execution_rank': None, 'trade_execution_date': None}]",False,regular_hours,False,False,,,,,,,,"{'amount': '0.75', 'currency_code': 'USD', 'currency_id': '1072fc76-1862-41ab-82c2-485837590762'}","{'amount': '0.71', 'currency_code': 'USD', 'currency_id': '1072fc76-1862-41ab-82c2-485837590762'}",,False,,,,,,False,True,False,True,0,,,,,False,,order_finalized,,
7d645098-fd14-4be1-b1b4-d299ffb434ee,a4262190-1ca3-4d66-bfc1-9fbf0451284e,https://api.robinhood.com/orders/7d645098-fd14-4be1-b1b4-d299ffb434ee/,https://api.robinhood.com/accounts/5SE25445/,fa785cc9-e75d-40e1-ad49-9dad4a009457,https://api.robinhood.com/positions/5SE25445/47b3ea92-713b-4f7b-bb63-8e441491950a/,,https://api.robinhood.com/instruments/47b3ea92-713b-4f7b-bb63-8e441491950a/,47b3ea92-713b-4f7b-bb63-8e441491950a,7.00000000,2.77000000,0.00,filled,filled,,market,buy,gfd,immediate,2.90000000,,7.00000000,,2017-12-12T17:50:00.620588Z,2017-12-12T17:50:01.004348Z,2017-12-12T17:50:00.847000Z,"[{'price': '2.77000000', 'quantity': '7.00000000', 'rounded_notional': None, 'settlement_date': '2017-12-14', 'timestamp': '2017-12-12T17:50:00.847000Z', 'id': '2b944a27-2913-405c-977b-86f7558d9007', 'ipo_access_execution_rank': None, 'trade_execution_date': None}]",False,regular_hours,False,False,,,,,,,,"{'amount': '20.30', 'currency_code': 'USD', 'currency_id': '1072fc76-1862-41ab-82c2-485837590762'}","{'amount': '19.39', 'currency_code': 'USD', 'currency_id': '1072fc76-1862-41ab-82c2-485837590762'}",,False,,,,,,False,True,False,True,0,,,,,False,,order_finalized,,
95b2d240-9079-4bcc-89dd-2490ec7a2b6e,7d5612fa-00e5-404c-84ad-4a53cfef2117,https://api.robinhood.com/orders/95b2d240-9079-4bcc-89dd-2490ec7a2b6e/,https://api.robinhood.com/accounts/5SE25445/,fa785cc9-e75d-40e1-ad49-9dad4a009457,https://api.robinhood.com/positions/5SE25445/53f6737c-4a9f-47c0-a9ae-21c70dde8bd6/,,https://api.robinhood.com/instruments/53f6737c-4a9f-47c0-a9ae-21c70dde8bd6/,53f6737c-4a9f-47c0-a9ae-21c70dde8bd6,1.00000000,0.13000000,0.00,filled,filled,,market,buy,gfd,immediate,0.13960000,,1.00000000,,2017-12-12T14:58:02.132681Z,2017-12-12T14:58:02.522610Z,2017-12-12T14:58:02.368000Z,"[{'price': '0.13440000', 'quantity': '1.00000000', 'rounded_notional': None, 'settlement_date': '2017-12-14', 'timestamp': '2017-12-12T14:58:02.368000Z', 'id': 'fecc7dd7-bb18-4c70-be4c-69cb9456528c', 'ipo_access_execution_rank': None, 'trade_execution_date': None}]",False,regular_hours,False,False,,,,,,,,"{'amount': '0.14', 'currency_code': 'USD', 'currency_id': '1072fc76-1862-41ab-82c2-485837590762'}","{'amount': '0.13', 'currency_code': 'USD', 'currency_id': '1072fc76-1862-41ab-82c2-485837590762'}",,False,,,,,,False,True,False,True,0,,,,,False,,order_finalized,,
dc9a7ea2-ca5d-43ba-a2f0-0be50c05637a,4d41d67b-e0b3-4c35-8548-c2cb1d5501d9,https://api.robinhood.com/orders/dc9a7ea2-ca5d-43ba-a2f0-0be50c05637a/,https://api.robinhood.com/accounts/5SE25445/,fa785cc9-e75d-40e1-ad49-9dad4a009457,https://api.robinhood.com/positions/5SE25445/46858296-57ce-4025-b73b-4c0cf38cd673/,,https://api.robinhood.com/instruments/46858296-57ce-4025-b73b-4c0cf38cd673/,46858296-57ce-4025-b73b-4c0cf38cd673,4.00000000,0.35500000,0.00,filled,filled,,market,buy,gfd,immediate,0.37000000,,4.00000000,,2017-12-12T14:46:59.848627Z,2017-12-12T14:47:00.242497Z,2017-12-12T14:47:00.068000Z,"[{'price': '0.35540000', 'quantity': '4.00000000', 'rounded_notional': None, 'settlement_date': '2017-12-14', 'timestamp': '2017-12-12T14:47:00.068000Z', 'id': '4b21fba1-dbcc-4859-abd4-c72081f0dbe8', 'ipo_access_execution_rank': None, 'trade_execution_date': None}]",False,regular_hours,False,False,,,,,,,,"{'amount': '1.48', 'currency_code': 'USD', 'currency_id': '1072fc76-1862-41ab-82c2-485837590762'}","{'amount': '1.42', 'currency_code': 'USD', 'currency_id': '1072fc76-1862-41ab-82c2-485837590762'}",,False,,,,,,False,True,False,True,0,,,,,False,,order_finalized,,
438d211d-2232-45ea-bfa9-ecbe603b088a,6fdad658-4193-41a0-94f1-740f30ff6b75,https://api.robinhood.com/orders/438d211d-2232-45ea-bfa9-ecbe603b088a/,https://api.robinhood.com/accounts/5SE25445/,fa785cc9-e75d-40e1-ad49-9dad4a009457,https://api.robinhood.com/positions/5SE25445/1092a709-620a-4c81-b09a-2d3872180002/,,https://api.robinhood.com/instruments/1092a709-620a-4c81-b09a-2d3872180002/,1092a709-620a-4c81-b09a-2d3872180002,2.00000000,3.57000000,0.00,filled,filled,,market,buy,gfd,immediate,3.73000000,,2.00000000,,2017-12-12T14:46:41.680191Z,2017-12-12T14:46:42.017058Z,2017-12-12T14:46:41.868000Z,"[{'price': '3.57000000', 'quantity': '2.00000000', 'rounded_notional': None, 'settlement_date': '2017-12-14', 'timestamp': '2017-12-12T14:46:41.868000Z', 'id': 'cb256108-f3dd-494a-9599-66f61aa19979', 'ipo_access_execution_rank': None, 'trade_execution_date': None}]",False,regular_hours,False,False,,,,,,,,"{'amount': '7.46', 'currency_code': 'USD', 'currency_id': '1072fc76-1862-41ab-82c2-485837590762'}","{'amount': '7.14', 'currency_code': 'USD', 'currency_id': '1072fc76-1862-41ab-82c2-485837590762'}",,False,,,,,,False,True,False,True,0,,,,,False,,order_finalized,,
7c44ed41-de78-4683-b254-c2b91a64cc2f,86f0ae55-b912-4a3d-be58-1d9b629515e3,https://api.robinhood.com/orders/7c44ed41-de78-4683-b254-c2b91a64cc2f/,https://api.robinhood.com/accounts/5SE25445/,fa785cc9-e75d-40e1-ad49-9dad4a009457,https://api.robinhood.com/positions/5SE25445/53f6737c-4a9f-47c0-a9ae-21c70dde8bd6/,,https://api.robinhood.com/instruments/53f6737c-4a9f-47c0-a9ae-21c70dde8bd6/,53f6737c-4a9f-47c0-a9ae-21c70dde8bd6,10.00000000,0.13500000,0.00,filled,filled,,market,buy,gfd,immediate,0.14120000,,10.00000000,,2017-12-12T14:46:07.652883Z,2017-12-12T14:46:08.028286Z,2017-12-12T14:46:07.869000Z,"[{'price': '0.13450000', 'quantity': '10.00000000', 'rounded_notional': None, 'settlement_date': '2017-12-14', 'timestamp': '2017-12-12T14:46:07.869000Z', 'id': '616ce48b-958b-435d-89ec-f5895859f977', 'ipo_access_execution_rank': None, 'trade_execution_date': None}]",False,regular_hours,False,False,,,,,,,,"{'amount': '1.42', 'currency_code': 'USD', 'currency_id': '1072fc76-1862-41ab-82c2-485837590762'}","{'amount': '1.35', 'currency_code': 'USD', 'currency_id': '1072fc76-1862-41ab-82c2-485837590762'}",,False,,,,,,False,True,False,True,0,,,,,False,,order_finalized,,
408d838b-3dbe-4064-a734-54f510940d53,5119027a-392d-4f6d-8544-0805e0f3f0da,https://api.robinhood.com/orders/408d838b-3dbe-4064-a734-54f510940d53/,https://api.robinhood.com/accounts/5SE25445/,fa785cc9-e75d-40e1-ad49-9dad4a009457,https://api.robinhood.com/positions/5SE25445/a2d8c03a-4050-4a45-b816-870a56ef28fb/,,https://api.robinhood.com/instruments/a2d8c03a-4050-4a45-b816-870a56ef28fb/,a2d8c03a-4050-4a45-b816-870a56ef28fb,5.00000000,0.98000000,0.00,filled,filled,,market,buy,gfd,immediate,1.03000000,,5.00000000,,2017-12-12T14:45:37.351912Z,2017-12-12T14:45:37.725295Z,2017-12-12T14:45:37.568000Z,"[{'price': '0.98000000', 'quantity': '5.00000000', 'rounded_notional': None, 'settlement_date': '2017-12-14', 'timestamp': '2017-12-12T14:45:37.568000Z', 'id': '43f79db4-93ad-4b3a-8863-1f56b7d22198', 'ipo_access_execution_rank': None, 'trade_execution_date': None}]",False,regular_hours,False,False,,,,,,,,"{'amount': '5.15', 'currency_code': 'USD', 'currency_id': '1072fc76-1862-41ab-82c2-485837590762'}","{'amount': '4.90', 'currency_code': 'USD', 'currency_id': '1072fc76-1862-41ab-82c2-485837590762'}",,False,,,,,,False,True,False,True,0,,,,,False,,order_finalized,,
5937e324-5aef-4894-a83a-6c2d3da13702,978cb45d-b418-463c-a11e-9eee738fe623,https://api.robinhood.com/orders/5937e324-5aef-4894-a83a-6c2d3da13702/,https://api.robinhood.com/accounts/5SE25445/,fa785cc9-e75d-40e1-ad49-9dad4a009457,https://api.robinhood.com/positions/5SE25445/af8660a8-6516-41ef-97c7-7a5ea9067a23/,,https://api.robinhood.com/instruments/af8660a8-6516-41ef-97c7-7a5ea9067a23/,af8660a8-6516-41ef-97c7-7a5ea9067a23,1.00000000,1.70000000,0.00,filled,filled,,market,buy,gfd,immediate,1.77000000,,1.00000000,,2017-12-12T14:45:01.867834Z,2017-12-12T14:45:02.217415Z,2017-12-12T14:45:02.068000Z,"[{'price': '1.70000000', 'quantity': '1.00000000', 'rounded_notional': None, 'settlement_date': '2017-12-14', 'timestamp': '2017-12-12T14:45:02.068000Z', 'id': '83a04d17-8285-473d-985f-149420d97c5b', 'ipo_access_execution_rank': None, 'trade_execution_date': None}]",False,regular_hours,False,False,,,,,,,,"{'amount': '1.77', 'currency_code': 'USD', 'currency_id': '1072fc76-1862-41ab-82c2-485837590762'}","{'amount': '1.70', 'currency_code': 'USD', 'currency_id': '1072fc76-1862-41ab-82c2-485837590762'}",,False,,,,,,False,True,False,True,0,,,,,False,,order_finalized,,
0b09e552-84a2-4027-b61b-94dc9c1d3a24,fe1217ac-5db4-40b3-ab07-51a10619d506,https://api.robinhood.com/orders/0b09e552-84a2-4027-b61b-94dc9c1d3a24/,https://api.robinhood.com/accounts/5SE25445/,fa785cc9-e75d-40e1-ad49-9dad4a009457,https://api.robinhood.com/positions/5SE25445/ee9ff5fd-abf3-4e11-bd82-c2ca55880f19/,,https://api.robinhood.com/instruments/ee9ff5fd-abf3-4e11-bd82-c2ca55880f19/,ee9ff5fd-abf3-4e11-bd82-c2ca55880f19,10.00000000,0.74500000,0.02,filled,filled,,market,sell,gfd,immediate,,,10.00000000,,2017-12-12T14:39:55.404448Z,2017-12-12T14:39:55.721302Z,2017-12-12T14:39:55.573000Z,"[{'price': '0.74500000', 'quantity': '10.00000000', 'rounded_notional': None, 'settlement_date': '2017-12-14', 'timestamp': '2017-12-12T14:39:55.573000Z', 'id': '6c8537a1-36bb-4965-ab6a-a52a16465cce', 'ipo_access_execution_rank': None, 'trade_execution_date': None}]",False,regular_hours,False,False,,,,,,,,,"{'amount': '7.45', 'currency_code': 'USD', 'currency_id': '1072fc76-1862-41ab-82c2-485837590762'}",,False,,,,,,False,True,False,True,0,,,,,False,,order_finalized,,
efcdcc9a-4c2c-4f9e-9337-03fa5d0dbfdb,842bde82-fb38-4210-b501-c4d6c1b47dcd,https://api.robinhood.com/orders/efcdcc9a-4c2c-4f9e-9337-03fa5d0dbfdb/,https://api.robinhood.com/accounts/5SE25445/,fa785cc9-e75d-40e1-ad49-9dad4a009457,https://api.robinhood.com/positions/5SE25445/d79db4e0-c54c-489d-8876-f8653f035bb9/,,https://api.robinhood.com/instruments/d79db4e0-c54c-489d-8876-f8653f035bb9/,d79db4e0-c54c-489d-8876-f8653f035bb9,13.00000000,0.71000000,0.02,filled,filled,,market,sell,gfd,immediate,,,13.00000000,,2017-12-12T14:39:35.261831Z,2017-12-12T14:39:35.546442Z,2017-12-12T14:39:35Z,"[{'price': '0.71000000', 'quantity': '13.00000000', 'rounded_notional': None, 'settlement_date': '2017-12-14', 'timestamp': '2017-12-12T14:39:35Z', 'id': 'aac54555-0681-4b9d-85ea-fc130fdfd0b2', 'ipo_access_execution_rank': None, 'trade_execution_date': None}]",False,regular_hours,False,False,,,,,,,,,"{'amount': '9.23', 'currency_code': 'USD', 'currency_id': '1072fc76-1862-41ab-82c2-485837590762'}",,False,,,,,,False,True,False,True,0,,,,,False,,order_finalized,,
26dac08b-baa0-452f-ac28-7b004e2f652a,7a672d4b-01aa-482b-a7a7-b9569c8864c8,https://api.robinhood.com/orders/26dac08b-baa0-452f-ac28-7b004e2f652a/,https://api.robinhood.com/accounts/5SE25445/,fa785cc9-e75d-40e1-ad49-9dad4a009457,https://api.robinhood.com/positions/5SE25445/b4bec397-894b-4c7a-8f6d-ea07ccc5c844/,,https://api.robinhood.com/instruments/b4bec397-894b-4c7a-8f6d-ea07ccc5c844/,b4bec397-894b-4c7a-8f6d-ea07ccc5c844,2.00000000,1.31000000,0.00,filled,filled,,market,buy,gfd,immediate,1.36000000,,2.00000000,,2017-12-11T20:52:44.907082Z,2017-12-11T20:52:45.314624Z,2017-12-11T20:52:45.152000Z,"[{'price': '1.30900000', 'quantity': '2.00000000', 'rounded_notional': None, 'settlement_date': '2017-12-13', 'timestamp': '2017-12-11T20:52:45.152000Z', 'id': '39210bcc-f381-4c5d-95a9-ac38954a30c0', 'ipo_access_execution_rank': None, 'trade_execution_date': None}]",False,regular_hours,False,False,,,,,,,,"{'amount': '2.72', 'currency_code': 'USD', 'currency_id': '1072fc76-1862-41ab-82c2-485837590762'}","{'amount': '2.62', 'currency_code': 'USD', 'currency_id': '1072fc76-1862-41ab-82c2-485837590762'}",,False,,,,,,False,True,False,True,0,,,,,False,,order_finalized,,
001584cc-9532-445c-9f5e-dc809c0d4165,5f0bbc8c-f478-4a33-b6e0-17eca7be727f,https://api.robinhood.com/orders/001584cc-9532-445c-9f5e-dc809c0d4165/,https://api.robinhood.com/accounts/5SE25445/,fa785cc9-e75d-40e1-ad49-9dad4a009457,https://api.robinhood.com/positions/5SE25445/077f2174-931c-447c-bfdd-cfbf7658b1f9/,,https://api.robinhood.com/instruments/077f2174-931c-447c-bfdd-cfbf7658b1f9/,077f2174-931c-447c-bfdd-cfbf7658b1f9,10.00000000,0.16500000,0.00,filled,filled,,market,buy,gfd,immediate,0.17310000,,10.00000000,,2017-12-11T20:46:18.767937Z,2017-12-11T20:46:19.162325Z,2017-12-11T20:46:19Z,"[{'price': '0.16494300', 'quantity': '10.00000000', 'rounded_notional': None, 'settlement_date': '2017-12-13', 'timestamp': '2017-12-11T20:46:19Z', 'id': '8013ba8a-3cb4-48f6-8d3e-825f8235b521', 'ipo_access_execution_rank': None, 'trade_execution_date': None}]",False,regular_hours,False,False,,,,,,,,"{'amount': '1.74', 'currency_code': 'USD', 'currency_id': '1072fc76-1862-41ab-82c2-485837590762'}","{'amount': '1.65', 'currency_code': 'USD', 'currency_id': '1072fc76-1862-41ab-82c2-485837590762'}",,False,,,,,,False,True,False,True,0,,,,,False,,order_finalized,,
10875282-15db-4623-87c9-b4bfff3f7b3e,ca0127e4-33cd-4d31-bf84-5bc2c2edba64,https://api.robinhood.com/orders/10875282-15db-4623-87c9-b4bfff3f7b3e/,https://api.robinhood.com/accounts/5SE25445/,fa785cc9-e75d-40e1-ad49-9dad4a009457,https://api.robinhood.com/positions/5SE25445/25ca6a25-4add-433e-abda-71884c28020a/,,https://api.robinhood.com/instruments/25ca6a25-4add-433e-abda-71884c28020a/,25ca6a25-4add-433e-abda-71884c28020a,1.00000000,1.48000000,0.00,filled,filled,,market,buy,gfd,immediate,1.55000000,,1.00000000,,2017-12-11T19:26:31.337357Z,2017-12-11T19:26:31.737686Z,2017-12-11T19:26:31Z,"[{'price': '1.48000000', 'quantity': '1.00000000', 'rounded_notional': None, 'settlement_date': '2017-12-13', 'timestamp': '2017-12-11T19:26:31Z', 'id': 'c5985d63-5053-479b-98bc-d874c6c43b83', 'ipo_access_execution_rank': None, 'trade_execution_date': None}]",False,regular_hours,False,False,,,,,,,,"{'amount': '1.55', 'currency_code': 'USD', 'currency_id': '1072fc76-1862-41ab-82c2-485837590762'}","{'amount': '1.48', 'currency_code': 'USD', 'currency_id': '1072fc76-1862-41ab-82c2-485837590762'}",,False,,,,,,False,True,False,True,0,,,,,False,,order_finalized,,
ca6b67d3-c626-4726-a733-6b78a3272632,1b9c7902-a428-444b-953e-38851765fdab,https://api.robinhood.com/orders/ca6b67d3-c626-4726-a733-6b78a3272632/,https://api.robinhood.com/accounts/5SE25445/,fa785cc9-e75d-40e1-ad49-9dad4a009457,https://api.robinhood.com/positions/5SE25445/7a1674ac-e43f-411c-ab00-eaa4acc32205/,,https://api.robinhood.com/instruments/7a1674ac-e43f-411c-ab00-eaa4acc32205/,7a1674ac-e43f-411c-ab00-eaa4acc32205,1.00000000,2.70000000,0.00,filled,filled,,market,buy,gfd,immediate,2.83000000,,1.00000000,,2017-12-11T19:26:12.813036Z,2017-12-11T19:26:13.197974Z,2017-12-11T19:26:13.038000Z,"[{'price': '2.70000000', 'quantity': '1.00000000', 'rounded_notional': None, 'settlement_date': '2017-12-13', 'timestamp': '2017-12-11T19:26:13.038000Z', 'id': '30a3c636-47bd-42ba-a1e8-2e2120caf4e1', 'ipo_access_execution_rank': None, 'trade_execution_date': None}]",False,regular_hours,False,False,,,,,,,,"{'amount': '2.83', 'currency_code': 'USD', 'currency_id': '1072fc76-1862-41ab-82c2-485837590762'}","{'amount': '2.70', 'currency_code': 'USD', 'currency_id': '1072fc76-1862-41ab-82c2-485837590762'}",,False,,,,,,False,True,False,True,0,,,,,False,,order_finalized,,
04198b15-6ef4-49e2-a599-42f93c909096,c100b46a-ffed-4152-b750-ae04711a22e1,https://api.robinhood.com/orders/04198b15-6ef4-49e2-a599-42f93c909096/,https://api.robinhood.com/accounts/5SE25445/,fa785cc9-e75d-40e1-ad49-9dad4a009457,https://api.robinhood.com/positions/5SE25445/52b016e5-fedc-4bd0-a335-d3475afb39b1/,,https://api.robinhood.com/instruments/52b016e5-fedc-4bd0-a335-d3475afb39b1/,52b016e5-fedc-4bd0-a335-d3475afb39b1,1.00000000,1.24000000,0.00,filled,filled,,market,buy,gfd,immediate,1.30000000,,1.00000000,,2017-12-11T19:25:59.589009Z,2017-12-11T19:25:59.910291Z,2017-12-11T19:25:59.752000Z,"[{'price': '1.23900000', 'quantity': '1.00000000', 'rounded_notional': None, 'settlement_date': '2017-12-13', 'timestamp': '2017-12-11T19:25:59.752000Z', 'id': '58d41a36-6925-4d49-9acd-edbd17d70e25', 'ipo_access_execution_rank': None, 'trade_execution_date': None}]",False,regular_hours,False,False,,,,,,,,"{'amount': '1.30', 'currency_code': 'USD', 'currency_id': '1072fc76-1862-41ab-82c2-485837590762'}","{'amount': '1.24', 'currency_code': 'USD', 'currency_id': '1072fc76-1862-41ab-82c2-485837590762'}",,False,,,,,,False,True,False,True,0,,,,,False,,order_finalized,,
d462bd09-1cdd-4b1e-a238-d6007efff80b,d65f2e71-5d45-4d6b-9dcd-e0a17f1346f8,https://api.robinhood.com/orders/d462bd09-1cdd-4b1e-a238-d6007efff80b/,https://api.robinhood.com/accounts/5SE25445/,fa785cc9-e75d-40e1-ad49-9dad4a009457,https://api.robinhood.com/positions/5SE25445/db96273a-788f-4351-8d6d-3d716c1e12b5/,,https://api.robinhood.com/instruments/db96273a-788f-4351-8d6d-3d716c1e12b5/,db96273a-788f-4351-8d6d-3d716c1e12b5,1.00000000,1.94000000,0.00,filled,filled,,market,buy,gfd,immediate,2.02000000,,1.00000000,,2017-12-11T19:25:37.813964Z,2017-12-11T19:25:38.148157Z,2017-12-11T19:25:38Z,"[{'price': '1.93980000', 'quantity': '1.00000000', 'rounded_notional': None, 'settlement_date': '2017-12-13', 'timestamp': '2017-12-11T19:25:38Z', 'id': 'c4e72146-be43-4235-a72b-5eda31ceb93a', 'ipo_access_execution_rank': None, 'trade_execution_date': None}]",False,regular_hours,False,False,,,,,,,,"{'amount': '2.02', 'currency_code': 'USD', 'currency_id': '1072fc76-1862-41ab-82c2-485837590762'}","{'amount': '1.94', 'currency_code': 'USD', 'currency_id': '1072fc76-1862-41ab-82c2-485837590762'}",,False,,,,,,False,True,False,True,0,,,,,False,,order_finalized,,
aac5ed73-8ca2-4186-bfac-e6521a16d9b5,a7a8d7b3-251d-4aa0-9efb-1aaf8a713d9e,https://api.robinhood.com/orders/aac5ed73-8ca2-4186-bfac-e6521a16d9b5/,https://api.robinhood.com/accounts/5SE25445/,fa785cc9-e75d-40e1-ad49-9dad4a009457,https://api.robinhood.com/positions/5SE25445/b195ad3d-531f-4cde-9bbf-6c256e7e80fc/,,https://api.robinhood.com/instruments/b195ad3d-531f-4cde-9bbf-6c256e7e80fc/,b195ad3d-531f-4cde-9bbf-6c256e7e80fc,1.00000000,3.45000000,0.00,filled,filled,,market,buy,gfd,immediate,3.60000000,,1.00000000,,2017-12-11T19:25:25.974102Z,2017-12-11T19:25:26.365522Z,2017-12-11T19:25:26Z,"[{'price': '3.44500000', 'quantity': '1.00000000', 'rounded_notional': None, 'settlement_date': '2017-12-13', 'timestamp': '2017-12-11T19:25:26Z', 'id': '23e97f3b-3a5a-4fa1-ac61-67751c280a00', 'ipo_access_execution_rank': None, 'trade_execution_date': None}]",False,regular_hours,False,False,,,,,,,,"{'amount': '3.60', 'currency_code': 'USD', 'currency_id': '1072fc76-1862-41ab-82c2-485837590762'}","{'amount': '3.45', 'currency_code': 'USD', 'currency_id': '1072fc76-1862-41ab-82c2-485837590762'}",,False,,,,,,False,True,False,True,0,,,,,False,,order_finalized,,
3df51cc0-f4a2-465c-ae74-d38d271f59f3,ff791b84-ca77-44d3-a0e8-6808c7b01efa,https://api.robinhood.com/orders/3df51cc0-f4a2-465c-ae74-d38d271f59f3/,https://api.robinhood.com/accounts/5SE25445/,fa785cc9-e75d-40e1-ad49-9dad4a009457,https://api.robinhood.com/positions/5SE25445/5c7b953c-a794-4349-84a1-3a7609b13420/,,https://api.robinhood.com/instruments/5c7b953c-a794-4349-84a1-3a7609b13420/,5c7b953c-a794-4349-84a1-3a7609b13420,2.00000000,5.63000000,0.00,filled,filled,,market,buy,gfd,immediate,5.91000000,,2.00000000,,2017-12-11T19:24:35.297750Z,2017-12-11T19:24:35.631452Z,2017-12-11T19:24:35Z,"[{'price': '5.62980000', 'quantity': '2.00000000', 'rounded_notional': None, 'settlement_date': '2017-12-13', 'timestamp': '2017-12-11T19:24:35Z', 'id': '5b0195bf-d5aa-4476-9baa-c7c6603ece09', 'ipo_access_execution_rank': None, 'trade_execution_date': None}]",False,regular_hours,False,False,,,,,,,,"{'amount': '11.82', 'currency_code': 'USD', 'currency_id': '1072fc76-1862-41ab-82c2-485837590762'}","{'amount': '11.26', 'currency_code': 'USD', 'currency_id': '1072fc76-1862-41ab-82c2-485837590762'}",,False,,,,,,False,True,False,True,0,,,,,False,,order_finalized,,
eeffe426-0997-4a08-823f-d91a449379b3,c43a5b55-fe1a-4e41-951f-0fc93de075da,https://api.robinhood.com/orders/eeffe426-0997-4a08-823f-d91a449379b3/,https://api.robinhood.com/accounts/5SE25445/,fa785cc9-e75d-40e1-ad49-9dad4a009457,https://api.robinhood.com/positions/5SE25445/ca4203f3-ef9c-4c4b-a7be-7472f061cc20/,,https://api.robinhood.com/instruments/ca4203f3-ef9c-4c4b-a7be-7472f061cc20/,ca4203f3-ef9c-4c4b-a7be-7472f061cc20,10.00000000,0.55800000,0.00,filled,filled,,market,buy,gfd,immediate,0.58610000,,10.00000000,,2017-12-11T19:22:16.582018Z,2017-12-11T19:22:16.951706Z,2017-12-11T19:22:16Z,"[{'price': '0.55794000', 'quantity': '10.00000000', 'rounded_notional': None, 'settlement_date': '2017-12-13', 'timestamp': '2017-12-11T19:22:16Z', 'id': '4727b706-4580-48d0-ae45-4a06b282802f', 'ipo_access_execution_rank': None, 'trade_execution_date': None}]",False,regular_hours,False,False,,,,,,,,"{'amount': '5.87', 'currency_code': 'USD', 'currency_id': '1072fc76-1862-41ab-82c2-485837590762'}","{'amount': '5.58', 'currency_code': 'USD', 'currency_id': '1072fc76-1862-41ab-82c2-485837590762'}",,False,,,,,,False,True,False,True,0,,,,,False,,order_finalized,,
72154d33-23da-4c5c-a1c9-a5f3fc6fc5d9,998e8b88-7bce-42f5-b213-21ecf155d158,https://api.robinhood.com/orders/72154d33-23da-4c5c-a1c9-a5f3fc6fc5d9/,https://api.robinhood.com/accounts/5SE25445/,fa785cc9-e75d-40e1-ad49-9dad4a009457,https://api.robinhood.com/positions/5SE25445/ee9ff5fd-abf3-4e11-bd82-c2ca55880f19/,,https://api.robinhood.com/instruments/ee9ff5fd-abf3-4e11-bd82-c2ca55880f19/,ee9ff5fd-abf3-4e11-bd82-c2ca55880f19,10.00000000,0.80800000,0.00,filled,filled,,market,buy,gfd,immediate,0.84100000,,10.00000000,,2017-12-11T19:21:45.852467Z,2017-12-11T19:21:46.200919Z,2017-12-11T19:21:46.043000Z,"[{'price': '0.80800000', 'quantity': '10.00000000', 'rounded_notional': None, 'settlement_date': '2017-12-13', 'timestamp': '2017-12-11T19:21:46.043000Z', 'id': 'b0826181-9bcb-4d35-bb60-12993176bb76', 'ipo_access_execution_rank': None, 'trade_execution_date': None}]",False,regular_hours,False,False,,,,,,,,"{'amount': '8.41', 'currency_code': 'USD', 'currency_id': '1072fc76-1862-41ab-82c2-485837590762'}","{'amount': '8.08', 'currency_code': 'USD', 'currency_id': '1072fc76-1862-41ab-82c2-485837590762'}",,False,,,,,,False,True,False,True,0,,,,,False,,order_finalized,,
ac9e7906-9b20-4f7d-9699-7032e260aea5,6ce6eea8-a740-4780-a261-7c20ce4ea0fc,https://api.robinhood.com/orders/ac9e7906-9b20-4f7d-9699-7032e260aea5/,https://api.robinhood.com/accounts/5SE25445/,fa785cc9-e75d-40e1-ad49-9dad4a009457,https://api.robinhood.com/positions/5SE25445/d79db4e0-c54c-489d-8876-f8653f035bb9/,,https://api.robinhood.com/instruments/d79db4e0-c54c-489d-8876-f8653f035bb9/,d79db4e0-c54c-489d-8876-f8653f035bb9,3.00000000,0.75000000,0.00,filled,filled,,market,buy,gfd,immediate,0.78220000,,3.00000000,,2017-12-11T15:06:28.362091Z,2017-12-11T15:06:28.750752Z,2017-12-11T15:06:28Z,"[{'price': '0.74980000', 'quantity': '3.00000000', 'rounded_notional': None, 'settlement_date': '2017-12-13', 'timestamp': '2017-12-11T15:06:28Z', 'id': '407f77cb-dca0-4aa9-a300-4a24cb2bc285', 'ipo_access_execution_rank': None, 'trade_execution_date': None}]",False,regular_hours,False,False,,,,,,,,"{'amount': '2.35', 'currency_code': 'USD', 'currency_id': '1072fc76-1862-41ab-82c2-485837590762'}","{'amount': '2.25', 'currency_code': 'USD', 'currency_id': '1072fc76-1862-41ab-82c2-485837590762'}",,False,,,,,,False,True,False,True,0,,,,,False,,order_finalized,,
60873989-59a2-42c3-908a-e64c0b127d33,fa0cd7f1-7d91-4b26-ae91-669800cbcfb3,https://api.robinhood.com/orders/60873989-59a2-42c3-908a-e64c0b127d33/,https://api.robinhood.com/accounts/5SE25445/,fa785cc9-e75d-40e1-ad49-9dad4a009457,https://api.robinhood.com/positions/5SE25445/2bbdb493-dbb1-4e9c-ac98-6e7c93b117c0/,,https://api.robinhood.com/instruments/2bbdb493-dbb1-4e9c-ac98-6e7c93b117c0/,2bbdb493-dbb1-4e9c-ac98-6e7c93b117c0,1.00000000,18.82000000,0.00,filled,filled,,market,buy,gfd,immediate,19.76000000,,1.00000000,,2017-12-11T15:03:32.610323Z,2017-12-11T15:03:32.944519Z,2017-12-11T15:03:32Z,"[{'price': '18.82000000', 'quantity': '1.00000000', 'rounded_notional': None, 'settlement_date': '2017-12-13', 'timestamp': '2017-12-11T15:03:32Z', 'id': 'dd508c43-cd9f-459c-b492-7b17a752465f', 'ipo_access_execution_rank': None, 'trade_execution_date': None}]",False,regular_hours,False,False,,,,,,,,"{'amount': '19.76', 'currency_code': 'USD', 'currency_id': '1072fc76-1862-41ab-82c2-485837590762'}","{'amount': '18.82', 'currency_code': 'USD', 'currency_id': '1072fc76-1862-41ab-82c2-485837590762'}",,False,,,,,,False,True,False,True,0,,,,,False,,order_finalized,,
980bc145-5877-45de-beb8-54d7485c83c0,393e410b-22e0-4a05-8f04-95e80c22a465,https://api.robinhood.com/orders/980bc145-5877-45de-beb8-54d7485c83c0/,https://api.robinhood.com/accounts/5SE25445/,fa785cc9-e75d-40e1-ad49-9dad4a009457,https://api.robinhood.com/positions/5SE25445/7edab638-a576-4157-bdc7-40277ab26fe1/,,https://api.robinhood.com/instruments/7edab638-a576-4157-bdc7-40277ab26fe1/,7edab638-a576-4157-bdc7-40277ab26fe1,1.00000000,19.95000000,0.02,filled,filled,,market,sell,gfd,immediate,,,1.00000000,,2017-12-11T15:01:25.310708Z,2017-12-11T15:01:25.695808Z,2017-12-11T15:01:25.538000Z,"[{'price': '19.95000000', 'quantity': '1.00000000', 'rounded_notional': None, 'settlement_date': '2017-12-13', 'timestamp': '2017-12-11T15:01:25.538000Z', 'id': '8c664b14-a2cd-43df-acfc-4da6c1f3db46', 'ipo_access_execution_rank': None, 'trade_execution_date': None}]",False,regular_hours,False,False,,,,,,,,,"{'amount': '19.95', 'currency_code': 'USD', 'currency_id': '1072fc76-1862-41ab-82c2-485837590762'}",,False,,,,,,False,True,False,True,0,,,,,False,,order_finalized,,
e10bee15-f11a-4d18-af2f-b50dd085ed7f,341ef9dc-35b7-45e6-bdb6-595c19abaa70,https://api.robinhood.com/orders/e10bee15-f11a-4d18-af2f-b50dd085ed7f/,https://api.robinhood.com/accounts/5SE25445/,fa785cc9-e75d-40e1-ad49-9dad4a009457,https://api.robinhood.com/positions/5SE25445/66de98cc-c7c1-439e-a6ee-7f7e59a4b71d/,,https://api.robinhood.com/instruments/66de98cc-c7c1-439e-a6ee-7f7e59a4b71d/,66de98cc-c7c1-439e-a6ee-7f7e59a4b71d,1.00000000,2.67000000,0.00,filled,filled,,market,buy,gfd,immediate,2.80000000,,1.00000000,,2017-12-11T14:58:13.515517Z,2017-12-11T14:58:13.816940Z,2017-12-11T14:58:13.653000Z,"[{'price': '2.66900000', 'quantity': '1.00000000', 'rounded_notional': None, 'settlement_date': '2017-12-13', 'timestamp': '2017-12-11T14:58:13.653000Z', 'id': '3b38b474-66c3-4886-b97d-12c4a21a9435', 'ipo_access_execution_rank': None, 'trade_execution_date': None}]",False,regular_hours,False,False,,,,,,,,"{'amount': '2.80', 'currency_code': 'USD', 'currency_id': '1072fc76-1862-41ab-82c2-485837590762'}","{'amount': '2.67', 'currency_code': 'USD', 'currency_id': '1072fc76-1862-41ab-82c2-485837590762'}",,False,,,,,,False,True,False,True,0,,,,,False,,order_finalized,,
3e46f87e-1c7e-4631-b0ab-ca4dd6db515c,5a3dcb7f-f7ae-46bc-b330-903d5cc65a2e,https://api.robinhood.com/orders/3e46f87e-1c7e-4631-b0ab-ca4dd6db515c/,https://api.robinhood.com/accounts/5SE25445/,fa785cc9-e75d-40e1-ad49-9dad4a009457,https://api.robinhood.com/positions/5SE25445/b4bec397-894b-4c7a-8f6d-ea07ccc5c844/,,https://api.robinhood.com/instruments/b4bec397-894b-4c7a-8f6d-ea07ccc5c844/,b4bec397-894b-4c7a-8f6d-ea07ccc5c844,3.00000000,1.31000000,0.02,filled,filled,,market,sell,gfd,immediate,,,3.00000000,,2017-12-11T14:55:33.993919Z,2017-12-11T14:55:34.310680Z,2017-12-11T14:55:34.152000Z,"[{'price': '1.31010000', 'quantity': '3.00000000', 'rounded_notional': None, 'settlement_date': '2017-12-13', 'timestamp': '2017-12-11T14:55:34.152000Z', 'id': '0c1cd40d-ad38-4947-a503-a0485d5a05de', 'ipo_access_execution_rank': None, 'trade_execution_date': None}]",False,regular_hours,False,False,,,,,,,,,"{'amount': '3.93', 'currency_code': 'USD', 'currency_id': '1072fc76-1862-41ab-82c2-485837590762'}",,False,,,,,,False,True,False,True,0,,,,,False,,order_finalized,,
c31454a9-2451-40fa-9025-16b576718524,ea92caaa-9e77-46c1-b0ce-79b7739b33f6,https://api.robinhood.com/orders/c31454a9-2451-40fa-9025-16b576718524/,https://api.robinhood.com/accounts/5SE25445/,fa785cc9-e75d-40e1-ad49-9dad4a009457,https://api.robinhood.com/positions/5SE25445/b4bec397-894b-4c7a-8f6d-ea07ccc5c844/,,https://api.robinhood.com/instruments/b4bec397-894b-4c7a-8f6d-ea07ccc5c844/,b4bec397-894b-4c7a-8f6d-ea07ccc5c844,1.00000000,1.53000000,0.00,filled,filled,,limit,buy,gfd,immediate,1.53000000,,1.00000000,,2017-12-05T20:03:54.809316Z,2017-12-05T20:20:17.498394Z,2017-12-05T20:20:17.282000Z,"[{'price': '1.53000000', 'quantity': '1.00000000', 'rounded_notional': None, 'settlement_date': '2017-12-07', 'timestamp': '2017-12-05T20:20:17.282000Z', 'id': 'ec348516-d97e-4b4e-83ed-a775fe66c420', 'ipo_access_execution_rank': None, 'trade_execution_date': None}]",False,regular_hours,False,False,,,,,,,,"{'amount': '1.53', 'currency_code': 'USD', 'currency_id': '1072fc76-1862-41ab-82c2-485837590762'}","{'amount': '1.53', 'currency_code': 'USD', 'currency_id': '1072fc76-1862-41ab-82c2-485837590762'}",,False,,,,,,False,True,False,True,0,,,,,False,,order_finalized,,
0cd74b2a-6013-4189-94d9-19cb5ee5c53a,22eadc7f-8b06-4b41-991c-385032523022,https://api.robinhood.com/orders/0cd74b2a-6013-4189-94d9-19cb5ee5c53a/,https://api.robinhood.com/accounts/5SE25445/,fa785cc9-e75d-40e1-ad49-9dad4a009457,https://api.robinhood.com/positions/5SE25445/b4bec397-894b-4c7a-8f6d-ea07ccc5c844/,,https://api.robinhood.com/instruments/b4bec397-894b-4c7a-8f6d-ea07ccc5c844/,b4bec397-894b-4c7a-8f6d-ea07ccc5c844,1.00000000,1.54000000,0.00,filled,filled,,market,buy,gfd,immediate,1.61000000,,1.00000000,,2017-12-05T20:03:26.789721Z,2017-12-05T20:03:27.110719Z,2017-12-05T20:03:26.961000Z,"[{'price': '1.54000000', 'quantity': '1.00000000', 'rounded_notional': None, 'settlement_date': '2017-12-07', 'timestamp': '2017-12-05T20:03:26.961000Z', 'id': '4939fee1-93ee-4276-a38c-ec478bf5fc23', 'ipo_access_execution_rank': None, 'trade_execution_date': None}]",False,regular_hours,False,False,,,,,,,,"{'amount': '1.61', 'currency_code': 'USD', 'currency_id': '1072fc76-1862-41ab-82c2-485837590762'}","{'amount': '1.54', 'currency_code': 'USD', 'currency_id': '1072fc76-1862-41ab-82c2-485837590762'}",,False,,,,,,False,True,False,True,0,,,,,False,,order_finalized,,
b11b45fa-fbf3-4a95-8c5d-4a53352c2904,4fadfdef-410c-497c-bd0f-7d7d94e89118,https://api.robinhood.com/orders/b11b45fa-fbf3-4a95-8c5d-4a53352c2904/,https://api.robinhood.com/accounts/5SE25445/,fa785cc9-e75d-40e1-ad49-9dad4a009457,https://api.robinhood.com/positions/5SE25445/7edab638-a576-4157-bdc7-40277ab26fe1/,,https://api.robinhood.com/instruments/7edab638-a576-4157-bdc7-40277ab26fe1/,7edab638-a576-4157-bdc7-40277ab26fe1,1.00000000,21.37000000,0.00,filled,filled,,market,buy,gfd,immediate,22.42000000,,1.00000000,,2017-12-05T20:03:03.520012Z,2017-12-05T20:03:03.876384Z,2017-12-05T20:03:03.725000Z,"[{'price': '21.37000000', 'quantity': '1.00000000', 'rounded_notional': None, 'settlement_date': '2017-12-07', 'timestamp': '2017-12-05T20:03:03.725000Z', 'id': 'e6723fd5-e316-40e4-8781-d0a9ede28b21', 'ipo_access_execution_rank': None, 'trade_execution_date': None}]",False,regular_hours,False,False,,,,,,,,"{'amount': '22.42', 'currency_code': 'USD', 'currency_id': '1072fc76-1862-41ab-82c2-485837590762'}","{'amount': '21.37', 'currency_code': 'USD', 'currency_id': '1072fc76-1862-41ab-82c2-485837590762'}",,False,,,,,,False,True,False,True,0,,,,,False,,order_finalized,,
5c63fd0c-cba8-42e2-8790-8e38046e23ca,38548c3d-dcae-4bfb-8890-b522883e2b6c,https://api.robinhood.com/orders/5c63fd0c-cba8-42e2-8790-8e38046e23ca/,https://api.robinhood.com/accounts/5SE25445/,fa785cc9-e75d-40e1-ad49-9dad4a009457,https://api.robinhood.com/positions/5SE25445/d79db4e0-c54c-489d-8876-f8653f035bb9/,,https://api.robinhood.com/instruments/d79db4e0-c54c-489d-8876-f8653f035bb9/,d79db4e0-c54c-489d-8876-f8653f035bb9,10.00000000,0.76600000,0.00,filled,filled,,market,buy,gfd,immediate,0.79900000,,10.00000000,,2017-12-05T20:02:40.065484Z,2017-12-05T20:02:40.416170Z,2017-12-05T20:02:40.260000Z,"[{'price': '0.76630000', 'quantity': '10.00000000', 'rounded_notional': None, 'settlement_date': '2017-12-07', 'timestamp': '2017-12-05T20:02:40.260000Z', 'id': '396d77fc-23b4-4b6d-bed0-53dd2097eb32', 'ipo_access_execution_rank': None, 'trade_execution_date': None}]",False,regular_hours,False,False,,,,,,,,"{'amount': '7.99', 'currency_code': 'USD', 'currency_id': '1072fc76-1862-41ab-82c2-485837590762'}","{'amount': '7.66', 'currency_code': 'USD', 'currency_id': '1072fc76-1862-41ab-82c2-485837590762'}",,False,,,,,,False,True,False,True,0,,,,,False,,order_finalized,,
7b47030c-32ee-4d11-b560-2739aadaf184,50202708-63ac-4825-9fd8-ad77a4f840a4,https://api.robinhood.com/orders/7b47030c-32ee-4d11-b560-2739aadaf184/,https://api.robinhood.com/accounts/5SE25445/,fa785cc9-e75d-40e1-ad49-9dad4a009457,https://api.robinhood.com/positions/5SE25445/5c074821-62af-4d3f-883c-5ebba1ddddee/,,https://api.robinhood.com/instruments/5c074821-62af-4d3f-883c-5ebba1ddddee/,5c074821-62af-4d3f-883c-5ebba1ddddee,1.00000000,8.06000000,0.00,filled,filled,,market,buy,gfd,immediate,8.43000000,,1.00000000,,2017-12-05T20:00:55.545248Z,2017-12-05T20:00:55.912433Z,2017-12-05T20:00:55Z,"[{'price': '8.05940000', 'quantity': '1.00000000', 'rounded_notional': None, 'settlement_date': '2017-12-07', 'timestamp': '2017-12-05T20:00:55Z', 'id': '4b8fb5b1-bc8d-4b0c-9804-b504cd45ee01', 'ipo_access_execution_rank': None, 'trade_execution_date': None}]",False,regular_hours,False,False,,,,,,,,"{'amount': '8.43', 'currency_code': 'USD', 'currency_id': '1072fc76-1862-41ab-82c2-485837590762'}","{'amount': '8.06', 'currency_code': 'USD', 'currency_id': '1072fc76-1862-41ab-82c2-485837590762'}",,False,,,,,,False,True,False,True,0,,,,,False,,order_finalized,,
662e8c7a-8a6a-4d62-9cec-5cefd5b8bb8b,00b2fc7c-0da8-4740-82e5-6f9412481796,https://api.robinhood.com/orders/662e8c7a-8a6a-4d62-9cec-5cefd5b8bb8b/,https://api.robinhood.com/accounts/5SE25445/,fa785cc9-e75d-40e1-ad49-9dad4a009457,https://api.robinhood.com/positions/5SE25445/940fc3f5-1db5-4fed-b452-f3a2e4562b5f/,,https://api.robinhood.com/instruments/940fc3f5-1db5-4fed-b452-f3a2e4562b5f/,940fc3f5-1db5-4fed-b452-f3a2e4562b5f,1.00000000,9.93000000,0.00,filled,filled,,market,buy,gfd,immediate,10.42000000,,1.00000000,,2017-12-05T19:59:29.741736Z,2017-12-05T19:59:30.074820Z,2017-12-05T19:59:29.930000Z,"[{'price': '9.92900000', 'quantity': '1.00000000', 'rounded_notional': None, 'settlement_date': '2017-12-07', 'timestamp': '2017-12-05T19:59:29.930000Z', 'id': '3aff22df-a65c-4059-8ee9-b9fd9cda3a29', 'ipo_access_execution_rank': None, 'trade_execution_date': None}]",False,regular_hours,False,False,,,,,,,,"{'amount': '10.42', 'currency_code': 'USD', 'currency_id': '1072fc76-1862-41ab-82c2-485837590762'}","{'amount': '9.93', 'currency_code': 'USD', 'currency_id': '1072fc76-1862-41ab-82c2-485837590762'}",,False,,,,,,False,True,False,True,0,,,,,False,,order_finalized,,
636a00c4-fd34-4567-8fd9-159beb904fcc,2465f753-0351-44bc-9585-9285a0f9ef73,https://api.robinhood.com/orders/636a00c4-fd34-4567-8fd9-159beb904fcc/,https://api.robinhood.com/accounts/5SE25445/,fa785cc9-e75d-40e1-ad49-9dad4a009457,https://api.robinhood.com/positions/5SE25445/9532594b-d489-4edc-9a2a-715ac09843fe/,,https://api.robinhood.com/instruments/9532594b-d489-4edc-9a2a-715ac09843fe/,9532594b-d489-4edc-9a2a-715ac09843fe,1.00000000,1.22000000,0.00,filled,filled,,market,buy,gfd,immediate,1.28000000,,1.00000000,,2017-11-21T19:36:02.253175Z,2017-11-21T19:36:02.498564Z,2017-11-21T19:36:02Z,"[{'price': '1.21980000', 'quantity': '1.00000000', 'rounded_notional': None, 'settlement_date': '2017-11-24', 'timestamp': '2017-11-21T19:36:02Z', 'id': 'a5e3cb2b-1912-479a-bf56-3330edbd67c9', 'ipo_access_execution_rank': None, 'trade_execution_date': None}]",False,regular_hours,False,False,,,,,,,,"{'amount': '1.28', 'currency_code': 'USD', 'currency_id': '1072fc76-1862-41ab-82c2-485837590762'}","{'amount': '1.22', 'currency_code': 'USD', 'currency_id': '1072fc76-1862-41ab-82c2-485837590762'}",,False,,,,,,False,True,False,True,0,,,,,False,,order_finalized,,
51d021c2-925d-4aaf-9b28-95f2d3698fa4,9459345f-60bc-416d-bc64-a42f26ec6e32,https://api.robinhood.com/orders/51d021c2-925d-4aaf-9b28-95f2d3698fa4/,https://api.robinhood.com/accounts/5SE25445/,fa785cc9-e75d-40e1-ad49-9dad4a009457,https://api.robinhood.com/positions/5SE25445/b4bec397-894b-4c7a-8f6d-ea07ccc5c844/,,https://api.robinhood.com/instruments/b4bec397-894b-4c7a-8f6d-ea07ccc5c844/,b4bec397-894b-4c7a-8f6d-ea07ccc5c844,1.00000000,1.52000000,0.00,filled,filled,,market,buy,gfd,immediate,1.59000000,,1.00000000,,2017-11-21T19:35:20.344060Z,2017-11-21T19:35:20.599899Z,2017-11-21T19:35:20.548000Z,"[{'price': '1.52000000', 'quantity': '1.00000000', 'rounded_notional': None, 'settlement_date': '2017-11-24', 'timestamp': '2017-11-21T19:35:20.548000Z', 'id': '0b014d57-a6c4-4530-a09e-b1fb20f7d5ed', 'ipo_access_execution_rank': None, 'trade_execution_date': None}]",False,regular_hours,False,False,,,,,,,,"{'amount': '1.59', 'currency_code': 'USD', 'currency_id': '1072fc76-1862-41ab-82c2-485837590762'}","{'amount': '1.52', 'currency_code': 'USD', 'currency_id': '1072fc76-1862-41ab-82c2-485837590762'}",,False,,,,,,False,True,False,True,0,,,,,False,,order_finalized,,
88ebfffb-bdac-445a-b33f-6eef48b83f41,6750b6f5-f6e5-475c-bb75-61104e3a6383,https://api.robinhood.com/orders/88ebfffb-bdac-445a-b33f-6eef48b83f41/,https://api.robinhood.com/accounts/5SE25445/,fa785cc9-e75d-40e1-ad49-9dad4a009457,https://api.robinhood.com/positions/5SE25445/47b3ea92-713b-4f7b-bb63-8e441491950a/,,https://api.robinhood.com/instruments/47b3ea92-713b-4f7b-bb63-8e441491950a/,47b3ea92-713b-4f7b-bb63-8e441491950a,7.00000000,2.38570000,0.00,filled,filled,,market,buy,gfd,immediate,2.50000000,,7.00000000,,2017-11-21T19:34:54.887320Z,2017-11-21T19:34:55.200293Z,2017-11-21T19:34:55.149000Z,"[{'price': '2.38500000', 'quantity': '7.00000000', 'rounded_notional': None, 'settlement_date': '2017-11-24', 'timestamp': '2017-11-21T19:34:55.149000Z', 'id': '85c60507-4ea4-4dc3-acc7-34009aced865', 'ipo_access_execution_rank': None, 'trade_execution_date': None}]",False,regular_hours,False,False,,,,,,,,"{'amount': '17.50', 'currency_code': 'USD', 'currency_id': '1072fc76-1862-41ab-82c2-485837590762'}","{'amount': '16.70', 'currency_code': 'USD', 'currency_id': '1072fc76-1862-41ab-82c2-485837590762'}",,False,,,,,,False,True,False,True,0,,,,,False,,order_finalized,,
cb43b471-dd71-48f9-a876-20d4436508d2,e8dc9990-1cf7-4a91-9c99-67a058a8c6cd,https://api.robinhood.com/orders/cb43b471-dd71-48f9-a876-20d4436508d2/,https://api.robinhood.com/accounts/5SE25445/,fa785cc9-e75d-40e1-ad49-9dad4a009457,https://api.robinhood.com/positions/5SE25445/e0887a39-0efd-488d-bc14-0e6278457b71/,,https://api.robinhood.com/instruments/e0887a39-0efd-488d-bc14-0e6278457b71/,e0887a39-0efd-488d-bc14-0e6278457b71,1.00000000,7.64000000,0.02,filled,filled,,market,sell,gfd,immediate,,,1.00000000,,2017-11-20T18:14:55.918883Z,2017-11-20T18:14:56.131743Z,2017-11-20T18:14:56Z,"[{'price': '7.64340000', 'quantity': '1.00000000', 'rounded_notional': None, 'settlement_date': '2017-11-22', 'timestamp': '2017-11-20T18:14:56Z', 'id': 'e9b3c4fe-c228-4c05-b9b0-973a12e0ed4b', 'ipo_access_execution_rank': None, 'trade_execution_date': None}]",False,regular_hours,False,False,,,,,,,,,"{'amount': '7.64', 'currency_code': 'USD', 'currency_id': '1072fc76-1862-41ab-82c2-485837590762'}",,False,,,,,,False,True,False,True,0,,,,,False,,order_finalized,,
e3bdd02d-c1b5-4282-8e4f-88faa392c031,ffdce23c-2e9a-4e32-877e-a04710548106,https://api.robinhood.com/orders/e3bdd02d-c1b5-4282-8e4f-88faa392c031/,https://api.robinhood.com/accounts/5SE25445/,fa785cc9-e75d-40e1-ad49-9dad4a009457,https://api.robinhood.com/positions/5SE25445/940fc3f5-1db5-4fed-b452-f3a2e4562b5f/,,https://api.robinhood.com/instruments/940fc3f5-1db5-4fed-b452-f3a2e4562b5f/,940fc3f5-1db5-4fed-b452-f3a2e4562b5f,1.00000000,11.32000000,0.02,filled,filled,,market,sell,gfd,immediate,,,1.00000000,,2017-11-20T18:13:43.442279Z,2017-11-20T18:13:43.703356Z,2017-11-20T18:13:43.673000Z,"[{'price': '11.32000000', 'quantity': '1.00000000', 'rounded_notional': None, 'settlement_date': '2017-11-22', 'timestamp': '2017-11-20T18:13:43.673000Z', 'id': '0331ca4b-eae4-4ec3-a563-53fc9085796e', 'ipo_access_execution_rank': None, 'trade_execution_date': None}]",False,regular_hours,False,False,,,,,,,,,"{'amount': '11.32', 'currency_code': 'USD', 'currency_id': '1072fc76-1862-41ab-82c2-485837590762'}",,False,,,,,,False,True,False,True,0,,,,,False,,order_finalized,,
ca051705-5ae7-4261-8132-f1b224756b73,1fbe2dad-1e6d-45ed-b79c-407312bc89a5,https://api.robinhood.com/orders/ca051705-5ae7-4261-8132-f1b224756b73/,https://api.robinhood.com/accounts/5SE25445/,fa785cc9-e75d-40e1-ad49-9dad4a009457,https://api.robinhood.com/positions/5SE25445/940fc3f5-1db5-4fed-b452-f3a2e4562b5f/,,https://api.robinhood.com/instruments/940fc3f5-1db5-4fed-b452-f3a2e4562b5f/,940fc3f5-1db5-4fed-b452-f3a2e4562b5f,1.00000000,11.58000000,0.00,filled,filled,,market,buy,gfd,immediate,12.15000000,,1.00000000,,2017-11-17T17:37:01.669851Z,2017-11-17T17:37:01.916563Z,2017-11-17T17:37:01.881000Z,"[{'price': '11.57900000', 'quantity': '1.00000000', 'rounded_notional': None, 'settlement_date': '2017-11-21', 'timestamp': '2017-11-17T17:37:01.881000Z', 'id': 'a1cad73e-88de-404e-b3d1-19b38d187fc2', 'ipo_access_execution_rank': None, 'trade_execution_date': None}]",False,regular_hours,False,False,,,,,,,,"{'amount': '12.15', 'currency_code': 'USD', 'currency_id': '1072fc76-1862-41ab-82c2-485837590762'}","{'amount': '11.58', 'currency_code': 'USD', 'currency_id': '1072fc76-1862-41ab-82c2-485837590762'}",,False,,,,,,False,True,False,True,0,,,,,False,,order_finalized,,
b5410d44-dc10-41d2-b52e-4e9965822275,e71af6b1-9cd5-4490-82b5-0990286d40de,https://api.robinhood.com/orders/b5410d44-dc10-41d2-b52e-4e9965822275/,https://api.robinhood.com/accounts/5SE25445/,fa785cc9-e75d-40e1-ad49-9dad4a009457,https://api.robinhood.com/positions/5SE25445/e0887a39-0efd-488d-bc14-0e6278457b71/,,https://api.robinhood.com/instruments/e0887a39-0efd-488d-bc14-0e6278457b71/,e0887a39-0efd-488d-bc14-0e6278457b71,1.00000000,7.79000000,0.00,filled,filled,,market,buy,gfd,immediate,8.09000000,,1.00000000,,2017-11-17T17:35:59.841823Z,2017-11-17T17:36:00.017492Z,2017-11-17T17:35:59.982000Z,"[{'price': '7.79000000', 'quantity': '1.00000000', 'rounded_notional': None, 'settlement_date': '2017-11-21', 'timestamp': '2017-11-17T17:35:59.982000Z', 'id': 'ed596ab8-c7aa-4d62-bf3d-763e1bcff7ca', 'ipo_access_execution_rank': None, 'trade_execution_date': None}]",False,regular_hours,False,False,,,,,,,,"{'amount': '8.09', 'currency_code': 'USD', 'currency_id': '1072fc76-1862-41ab-82c2-485837590762'}","{'amount': '7.79', 'currency_code': 'USD', 'currency_id': '1072fc76-1862-41ab-82c2-485837590762'}",,False,,,,,,False,True,False,True,0,,,,,False,,order_finalized,,
1a454355-d5cd-4896-a9c2-63a32313eea7,b14f41d0-43e0-4ba0-a6fa-3bbd94a286c4,https://api.robinhood.com/orders/1a454355-d5cd-4896-a9c2-63a32313eea7/,https://api.robinhood.com/accounts/5SE25445/,fa785cc9-e75d-40e1-ad49-9dad4a009457,https://api.robinhood.com/positions/5SE25445/b4bec397-894b-4c7a-8f6d-ea07ccc5c844/,,https://api.robinhood.com/instruments/b4bec397-894b-4c7a-8f6d-ea07ccc5c844/,b4bec397-894b-4c7a-8f6d-ea07ccc5c844,144.00000000,2.03100000,0.03,filled,filled,,market,sell,gfd,immediate,,,144.00000000,,2017-07-07T14:30:20.981374Z,2017-07-07T14:30:21.189957Z,2017-07-07T14:30:21.156000Z,"[{'price': '2.03100000', 'quantity': '144.00000000', 'rounded_notional': None, 'settlement_date': '2017-07-12', 'timestamp': '2017-07-07T14:30:21.156000Z', 'id': '720f1c93-cd72-4509-be62-b33d738b822c', 'ipo_access_execution_rank': None, 'trade_execution_date': None}]",False,regular_hours,False,False,,,,,,,,,"{'amount': '292.46', 'currency_code': 'USD', 'currency_id': '1072fc76-1862-41ab-82c2-485837590762'}",,False,,,,,,False,True,False,True,0,,,,,False,,order_finalized,,
301126f3-dabb-4d75-b25d-e3eb0db2a3fe,0861b129-e463-4e35-84d8-c3032fe1c099,https://api.robinhood.com/orders/301126f3-dabb-4d75-b25d-e3eb0db2a3fe/,https://api.robinhood.com/accounts/5SE25445/,fa785cc9-e75d-40e1-ad49-9dad4a009457,https://api.robinhood.com/positions/5SE25445/b4bec397-894b-4c7a-8f6d-ea07ccc5c844/,,https://api.robinhood.com/instruments/b4bec397-894b-4c7a-8f6d-ea07ccc5c844/,b4bec397-894b-4c7a-8f6d-ea07ccc5c844,0.00000000,,0.00,cancelled,cancelled,,limit,sell,gtc,immediate,2.17000000,,144.00000000,,2017-07-06T15:19:42.623159Z,2017-07-07T14:29:57.952566Z,2017-07-07T14:29:57.920000Z,[],False,regular_hours,False,False,,,,,,,,"{'amount': '312.48', 'currency_code': 'USD', 'currency_id': '1072fc76-1862-41ab-82c2-485837590762'}",,,False,,,,,,False,True,False,True,0,,,,,False,,order_finalized,,
da7571ae-879e-4c35-ae9a-77cf2eff25a8,3c5b5418-fa01-4fa8-9d36-2f064533831e,https://api.robinhood.com/orders/da7571ae-879e-4c35-ae9a-77cf2eff25a8/,https://api.robinhood.com/accounts/5SE25445/,fa785cc9-e75d-40e1-ad49-9dad4a009457,https://api.robinhood.com/positions/5SE25445/b4bec397-894b-4c7a-8f6d-ea07ccc5c844/,,https://api.robinhood.com/instruments/b4bec397-894b-4c7a-8f6d-ea07ccc5c844/,b4bec397-894b-4c7a-8f6d-ea07ccc5c844,0.00000000,,0.00,cancelled,cancelled,,market,sell,gfd,stop,,1.95000000,144.00000000,,2017-06-30T14:45:40.886818Z,2017-06-30T20:01:34.951823Z,2017-06-30T20:01:34.792000Z,[],False,regular_hours,False,False,,,,,,,,,,,False,,,,,,False,True,False,True,0,,,,,False,,order_finalized,,
07390521-2abb-444f-a1bd-1ca2341a7e5d,9fe1c53c-aa07-40c8-a04f-50fd8ce85803,https://api.robinhood.com/orders/07390521-2abb-444f-a1bd-1ca2341a7e5d/,https://api.robinhood.com/accounts/5SE25445/,fa785cc9-e75d-40e1-ad49-9dad4a009457,https://api.robinhood.com/positions/5SE25445/b4bec397-894b-4c7a-8f6d-ea07ccc5c844/,,https://api.robinhood.com/instruments/b4bec397-894b-4c7a-8f6d-ea07ccc5c844/,b4bec397-894b-4c7a-8f6d-ea07ccc5c844,0.00000000,,0.00,cancelled,cancelled,,limit,sell,gfd,immediate,2.20000000,,144.00000000,,2017-06-28T14:07:32.193715Z,2017-06-28T20:01:17.215700Z,2017-06-28T20:01:17.178000Z,[],False,regular_hours,False,False,,,,,,,,"{'amount': '316.80', 'currency_code': 'USD', 'currency_id': '1072fc76-1862-41ab-82c2-485837590762'}",,,False,,,,,,False,True,False,True,0,,,,,False,,order_finalized,,
853d5190-342c-4119-880b-034d7e5a9365,fd4cc06d-d145-481e-ac28-fa198a05c9b2,https://api.robinhood.com/orders/853d5190-342c-4119-880b-034d7e5a9365/,https://api.robinhood.com/accounts/5SE25445/,fa785cc9-e75d-40e1-ad49-9dad4a009457,https://api.robinhood.com/positions/5SE25445/b4bec397-894b-4c7a-8f6d-ea07ccc5c844/,,https://api.robinhood.com/instruments/b4bec397-894b-4c7a-8f6d-ea07ccc5c844/,b4bec397-894b-4c7a-8f6d-ea07ccc5c844,12.00000000,2.12000000,0.00,filled,filled,,limit,buy,gfd,immediate,2.12000000,,12.00000000,,2017-06-27T18:42:33.159710Z,2017-06-27T18:46:15.499975Z,2017-06-27T18:46:15.475000Z,"[{'price': '2.12000000', 'quantity': '12.00000000', 'rounded_notional': None, 'settlement_date': '2017-06-30', 'timestamp': '2017-06-27T18:46:15.475000Z', 'id': '8e8f8bf6-40f8-4702-8b56-a40427419599', 'ipo_access_execution_rank': None, 'trade_execution_date': None}]",False,regular_hours,False,False,,,,,,,,"{'amount': '25.44', 'currency_code': 'USD', 'currency_id': '1072fc76-1862-41ab-82c2-485837590762'}","{'amount': '25.44', 'currency_code': 'USD', 'currency_id': '1072fc76-1862-41ab-82c2-485837590762'}",,False,,,,,,False,True,False,True,0,,,,,False,,order_finalized,,
fdd7d14b-5498-4791-a5bc-9e38e5b46005,7c1836fd-b003-439d-8b31-3295b9828080,https://api.robinhood.com/orders/fdd7d14b-5498-4791-a5bc-9e38e5b46005/,https://api.robinhood.com/accounts/5SE25445/,fa785cc9-e75d-40e1-ad49-9dad4a009457,https://api.robinhood.com/positions/5SE25445/b4bec397-894b-4c7a-8f6d-ea07ccc5c844/,,https://api.robinhood.com/instruments/b4bec397-894b-4c7a-8f6d-ea07ccc5c844/,b4bec397-894b-4c7a-8f6d-ea07ccc5c844,70.00000000,2.12000000,0.00,filled,filled,,limit,buy,gfd,immediate,2.12000000,,70.00000000,,2017-06-27T18:39:48.602626Z,2017-06-27T18:44:17.600165Z,2017-06-27T18:44:17.570000Z,"[{'price': '2.12000000', 'quantity': '70.00000000', 'rounded_notional': None, 'settlement_date': '2017-06-30', 'timestamp': '2017-06-27T18:44:17.570000Z', 'id': '30f0a804-f461-4cb2-8c37-5c8abe4ef3ea', 'ipo_access_execution_rank': None, 'trade_execution_date': None}]",False,regular_hours,False,False,,,,,,,,"{'amount': '148.40', 'currency_code': 'USD', 'currency_id': '1072fc76-1862-41ab-82c2-485837590762'}","{'amount': '148.40', 'currency_code': 'USD', 'currency_id': '1072fc76-1862-41ab-82c2-485837590762'}",,False,,,,,,False,True,False,True,0,,,,,False,,order_finalized,,
1765309b-a76e-4c78-8377-274e0b677330,302b5c8a-2b2f-4e57-9560-6695f1a7d5de,https://api.robinhood.com/orders/1765309b-a76e-4c78-8377-274e0b677330/,https://api.robinhood.com/accounts/5SE25445/,fa785cc9-e75d-40e1-ad49-9dad4a009457,https://api.robinhood.com/positions/5SE25445/b4bec397-894b-4c7a-8f6d-ea07ccc5c844/,,https://api.robinhood.com/instruments/b4bec397-894b-4c7a-8f6d-ea07ccc5c844/,b4bec397-894b-4c7a-8f6d-ea07ccc5c844,62.00000000,2.15000000,0.00,filled,filled,,limit,buy,gfd,immediate,2.15000000,,62.00000000,,2017-06-27T15:44:41.603040Z,2017-06-27T15:55:56.514598Z,2017-06-27T15:55:56.448000Z,"[{'price': '2.15000000', 'quantity': '62.00000000', 'rounded_notional': None, 'settlement_date': '2017-06-30', 'timestamp': '2017-06-27T15:55:56.448000Z', 'id': '999f24f0-4967-4fc7-921c-d9c2c7bf0f9b', 'ipo_access_execution_rank': None, 'trade_execution_date': None}]",False,regular_hours,False,False,,,,,,,,"{'amount': '133.30', 'currency_code': 'USD', 'currency_id': '1072fc76-1862-41ab-82c2-485837590762'}","{'amount': '133.30', 'currency_code': 'USD', 'currency_id': '1072fc76-1862-41ab-82c2-485837590762'}",,False,,,,,,False,True,False,True,0,,,,,False,,order_finalized,,
003bc74d-231a-416b-be10-78307b738621,d7086f54-f0ce-400b-8902-f111d1903bb5,https://api.robinhood.com/orders/003bc74d-231a-416b-be10-78307b738621/,https://api.robinhood.com/accounts/5SE25445/,fa785cc9-e75d-40e1-ad49-9dad4a009457,https://api.robinhood.com/positions/5SE25445/47b3ea92-713b-4f7b-bb63-8e441491950a/,,https://api.robinhood.com/instruments/47b3ea92-713b-4f7b-bb63-8e441491950a/,47b3ea92-713b-4f7b-bb63-8e441491950a,0.00000000,,0.00,cancelled,cancelled,,limit,buy,gfd,immediate,1.75000000,,100.00000000,,2017-06-27T15:43:07.224297Z,2017-06-27T18:39:05.955391Z,2017-06-27T18:39:05.922000Z,[],False,regular_hours,False,False,,,,,,,,"{'amount': '175.00', 'currency_code': 'USD', 'currency_id': '1072fc76-1862-41ab-82c2-485837590762'}",,,False,,,,,,False,True,False,True,0,,,,,False,,order_finalized,,
32202beb-588d-4466-9b97-6f97cafa7f63,e053c7c4-4e90-42a1-950d-d2206790cd95,https://api.robinhood.com/orders/32202beb-588d-4466-9b97-6f97cafa7f63/,https://api.robinhood.com/accounts/5SE25445/,fa785cc9-e75d-40e1-ad49-9dad4a009457,https://api.robinhood.com/positions/5SE25445/6d97a28c-1e6a-41f8-adc8-6b12ba7af516/,,https://api.robinhood.com/instruments/6d97a28c-1e6a-41f8-adc8-6b12ba7af516/,6d97a28c-1e6a-41f8-adc8-6b12ba7af516,1.00000000,55.05000000,0.02,filled,filled,,limit,sell,gfd,immediate,55.05000000,,1.00000000,,2017-06-23T17:27:36.613611Z,2017-06-23T17:27:36.901965Z,2017-06-23T17:27:36.864000Z,"[{'price': '55.05000000', 'quantity': '1.00000000', 'rounded_notional': None, 'settlement_date': '2017-06-28', 'timestamp': '2017-06-23T17:27:36.864000Z', 'id': 'b24a25bb-6ab4-4f9b-b64e-ea51e0caa4c0', 'ipo_access_execution_rank': None, 'trade_execution_date': None}]",False,regular_hours,False,False,,,,,,,,"{'amount': '55.05', 'currency_code': 'USD', 'currency_id': '1072fc76-1862-41ab-82c2-485837590762'}","{'amount': '55.05', 'currency_code': 'USD', 'currency_id': '1072fc76-1862-41ab-82c2-485837590762'}",,False,,,,,,False,True,False,True,0,,,,,False,,order_finalized,,
0d55b8c3-9392-4e10-b9b8-0ca1ad50b921,c6f71240-42a1-470b-b4fd-383609f9eee8,https://api.robinhood.com/orders/0d55b8c3-9392-4e10-b9b8-0ca1ad50b921/,https://api.robinhood.com/accounts/5SE25445/,fa785cc9-e75d-40e1-ad49-9dad4a009457,https://api.robinhood.com/positions/5SE25445/0dd811b3-7047-448d-96e0-7bf6ee4cfe45/,,https://api.robinhood.com/instruments/0dd811b3-7047-448d-96e0-7bf6ee4cfe45/,0dd811b3-7047-448d-96e0-7bf6ee4cfe45,2.00000000,22.80000000,0.02,filled,filled,,limit,sell,gfd,immediate,22.80000000,,2.00000000,,2017-06-23T17:27:14.939097Z,2017-06-23T17:27:15.202772Z,2017-06-23T17:27:15.140000Z,"[{'price': '22.80000000', 'quantity': '2.00000000', 'rounded_notional': None, 'settlement_date': '2017-06-28', 'timestamp': '2017-06-23T17:27:15.140000Z', 'id': '7e259f52-ba68-4662-b763-46f3735c0818', 'ipo_access_execution_rank': None, 'trade_execution_date': None}]",False,regular_hours,False,False,,,,,,,,"{'amount': '45.60', 'currency_code': 'USD', 'currency_id': '1072fc76-1862-41ab-82c2-485837590762'}","{'amount': '45.60', 'currency_code': 'USD', 'currency_id': '1072fc76-1862-41ab-82c2-485837590762'}",,False,,,,,,False,True,False,True,0,,,,,False,,order_finalized,,
782147db-e77b-4fa4-8869-47c2b7892e54,1e4d921c-2558-4b57-a64c-d6f9480d1592,https://api.robinhood.com/orders/782147db-e77b-4fa4-8869-47c2b7892e54/,https://api.robinhood.com/accounts/5SE25445/,fa785cc9-e75d-40e1-ad49-9dad4a009457,https://api.robinhood.com/positions/5SE25445/0dd811b3-7047-448d-96e0-7bf6ee4cfe45/,,https://api.robinhood.com/instruments/0dd811b3-7047-448d-96e0-7bf6ee4cfe45/,0dd811b3-7047-448d-96e0-7bf6ee4cfe45,0.00000000,,0.00,cancelled,cancelled,,limit,sell,gtc,immediate,22.90000000,,2.00000000,,2017-06-23T16:04:13.449003Z,2017-06-23T17:26:23.735593Z,2017-06-23T17:26:23.693000Z,[],False,regular_hours,False,False,,,,,,,,"{'amount': '45.80', 'currency_code': 'USD', 'currency_id': '1072fc76-1862-41ab-82c2-485837590762'}",,,False,,,,,,False,True,False,True,0,,,,,False,,order_finalized,,
e039a1e6-5afd-4426-94c7-521edeb40c96,2a0b2fa0-dba4-4ee2-a140-4ed36c30c800,https://api.robinhood.com/orders/e039a1e6-5afd-4426-94c7-521edeb40c96/,https://api.robinhood.com/accounts/5SE25445/,fa785cc9-e75d-40e1-ad49-9dad4a009457,https://api.robinhood.com/positions/5SE25445/8f85511e-1b07-4e15-8376-1c717b95b288/,,https://api.robinhood.com/instruments/8f85511e-1b07-4e15-8376-1c717b95b288/,8f85511e-1b07-4e15-8376-1c717b95b288,1.00000000,38.90000000,0.02,filled,filled,,limit,sell,gtc,immediate,38.89000000,,1.00000000,,2017-06-23T15:08:24.498635Z,2017-06-23T15:08:24.738938Z,2017-06-23T15:08:24.686000Z,"[{'price': '38.90000000', 'quantity': '1.00000000', 'rounded_notional': None, 'settlement_date': '2017-06-28', 'timestamp': '2017-06-23T15:08:24.686000Z', 'id': 'd8ca6807-edb1-4454-b8e4-37cee738cc7a', 'ipo_access_execution_rank': None, 'trade_execution_date': None}]",False,regular_hours,False,False,,,,,,,,"{'amount': '38.89', 'currency_code': 'USD', 'currency_id': '1072fc76-1862-41ab-82c2-485837590762'}","{'amount': '38.90', 'currency_code': 'USD', 'currency_id': '1072fc76-1862-41ab-82c2-485837590762'}",,False,,,,,,False,True,False,True,0,,,,,False,,order_finalized,,
5ac4ef87-b608-44be-bc9c-aca39248436a,cf3a39a2-43f2-4edb-8850-e22aa36bd7b1,https://api.robinhood.com/orders/5ac4ef87-b608-44be-bc9c-aca39248436a/,https://api.robinhood.com/accounts/5SE25445/,fa785cc9-e75d-40e1-ad49-9dad4a009457,https://api.robinhood.com/positions/5SE25445/940fc3f5-1db5-4fed-b452-f3a2e4562b5f/,,https://api.robinhood.com/instruments/940fc3f5-1db5-4fed-b452-f3a2e4562b5f/,940fc3f5-1db5-4fed-b452-f3a2e4562b5f,2.00000000,14.43000000,0.02,filled,filled,,limit,sell,gfd,immediate,14.40000000,,2.00000000,,2017-06-23T14:16:54.858223Z,2017-06-23T14:16:55.160579Z,2017-06-23T14:16:55.102000Z,"[{'price': '14.43010000', 'quantity': '2.00000000', 'rounded_notional': None, 'settlement_date': '2017-06-28', 'timestamp': '2017-06-23T14:16:55Z', 'id': 'ee0964ee-c39e-4f54-82ec-2d06a133b259', 'ipo_access_execution_rank': None, 'trade_execution_date': None}]",False,regular_hours,False,False,,,,,,,,"{'amount': '28.80', 'currency_code': 'USD', 'currency_id': '1072fc76-1862-41ab-82c2-485837590762'}","{'amount': '28.86', 'currency_code': 'USD', 'currency_id': '1072fc76-1862-41ab-82c2-485837590762'}",,False,,,,,,False,True,False,True,0,,,,,False,,order_finalized,,
6872a529-1df5-49b9-bdf8-10f4f3eebaa9,f163e048-7712-42cc-ac1b-4bd78ad08bcc,https://api.robinhood.com/orders/6872a529-1df5-49b9-bdf8-10f4f3eebaa9/,https://api.robinhood.com/accounts/5SE25445/,fa785cc9-e75d-40e1-ad49-9dad4a009457,https://api.robinhood.com/positions/5SE25445/2bbdb493-dbb1-4e9c-ac98-6e7c93b117c0/,,https://api.robinhood.com/instruments/2bbdb493-dbb1-4e9c-ac98-6e7c93b117c0/,2bbdb493-dbb1-4e9c-ac98-6e7c93b117c0,3.00000000,20.57000000,0.02,filled,filled,,limit,sell,gfd,immediate,20.57000000,,3.00000000,,2017-06-23T14:16:14.803887Z,2017-06-23T14:55:05.397233Z,2017-06-23T14:55:05.349000Z,"[{'price': '20.57000000', 'quantity': '3.00000000', 'rounded_notional': None, 'settlement_date': '2017-06-28', 'timestamp': '2017-06-23T14:55:05.349000Z', 'id': 'f83b4718-c403-42db-9f46-a55473165c9d', 'ipo_access_execution_rank': None, 'trade_execution_date': None}]",False,regular_hours,False,False,,,,,,,,"{'amount': '61.71', 'currency_code': 'USD', 'currency_id': '1072fc76-1862-41ab-82c2-485837590762'}","{'amount': '61.71', 'currency_code': 'USD', 'currency_id': '1072fc76-1862-41ab-82c2-485837590762'}",,False,,,,,,False,True,False,True,0,,,,,False,,order_finalized,,
79a03460-77a4-4da0-a2a3-c60e665640be,5f1511a5-4253-428e-ab4c-68ffd3174fb9,https://api.robinhood.com/orders/79a03460-77a4-4da0-a2a3-c60e665640be/,https://api.robinhood.com/accounts/5SE25445/,fa785cc9-e75d-40e1-ad49-9dad4a009457,https://api.robinhood.com/positions/5SE25445/47b3ea92-713b-4f7b-bb63-8e441491950a/,,https://api.robinhood.com/instruments/47b3ea92-713b-4f7b-bb63-8e441491950a/,47b3ea92-713b-4f7b-bb63-8e441491950a,7.00000000,1.81000000,0.02,filled,filled,,limit,sell,gfd,immediate,1.81000000,,7.00000000,,2017-06-23T14:15:50.678991Z,2017-06-23T14:15:50.900084Z,2017-06-23T14:15:50.864000Z,"[{'price': '1.81000000', 'quantity': '7.00000000', 'rounded_notional': None, 'settlement_date': '2017-06-28', 'timestamp': '2017-06-23T14:15:50.864000Z', 'id': 'a287cd4f-984b-40b8-84eb-5fcf6025a05e', 'ipo_access_execution_rank': None, 'trade_execution_date': None}]",False,regular_hours,False,False,,,,,,,,"{'amount': '12.67', 'currency_code': 'USD', 'currency_id': '1072fc76-1862-41ab-82c2-485837590762'}","{'amount': '12.67', 'currency_code': 'USD', 'currency_id': '1072fc76-1862-41ab-82c2-485837590762'}",,False,,,,,,False,True,False,True,0,,,,,False,,order_finalized,,
5abb059f-e01c-4591-b851-18e3eab39189,1a9c3d28-b1ec-42bf-bf7a-de8337ee871f,https://api.robinhood.com/orders/5abb059f-e01c-4591-b851-18e3eab39189/,https://api.robinhood.com/accounts/5SE25445/,fa785cc9-e75d-40e1-ad49-9dad4a009457,https://api.robinhood.com/positions/5SE25445/b4bec397-894b-4c7a-8f6d-ea07ccc5c844/,,https://api.robinhood.com/instruments/b4bec397-894b-4c7a-8f6d-ea07ccc5c844/,b4bec397-894b-4c7a-8f6d-ea07ccc5c844,25.00000000,2.21000000,0.02,filled,filled,,limit,sell,gfd,immediate,2.21000000,,25.00000000,,2017-06-23T14:15:15.539402Z,2017-06-23T14:23:39.235704Z,2017-06-23T14:23:39.198000Z,"[{'price': '2.21000000', 'quantity': '25.00000000', 'rounded_notional': None, 'settlement_date': '2017-06-28', 'timestamp': '2017-06-23T14:23:39.198000Z', 'id': 'e153dd0b-4f9b-4e9a-a0f4-743fdb3f603e', 'ipo_access_execution_rank': None, 'trade_execution_date': None}]",False,regular_hours,False,False,,,,,,,,"{'amount': '55.25', 'currency_code': 'USD', 'currency_id': '1072fc76-1862-41ab-82c2-485837590762'}","{'amount': '55.25', 'currency_code': 'USD', 'currency_id': '1072fc76-1862-41ab-82c2-485837590762'}",,False,,,,,,False,True,False,True,0,,,,,False,,order_finalized,,
8bd79f16-5344-4272-9d1c-1606e1f8b131,a000ad52-12dd-4339-a4ab-33f54b2e6ed2,https://api.robinhood.com/orders/8bd79f16-5344-4272-9d1c-1606e1f8b131/,https://api.robinhood.com/accounts/5SE25445/,fa785cc9-e75d-40e1-ad49-9dad4a009457,https://api.robinhood.com/positions/5SE25445/d15643d2-545c-4b83-a290-f85fe4575b0e/,,https://api.robinhood.com/instruments/d15643d2-545c-4b83-a290-f85fe4575b0e/,d15643d2-545c-4b83-a290-f85fe4575b0e,1.00000000,8.11000000,0.02,filled,filled,,limit,sell,gfd,immediate,8.11000000,,1.00000000,,2017-06-23T13:59:43.583330Z,2017-06-23T13:59:43.833090Z,2017-06-23T13:59:43.785000Z,"[{'price': '8.11000000', 'quantity': '1.00000000', 'rounded_notional': None, 'settlement_date': '2017-06-28', 'timestamp': '2017-06-23T13:59:43.785000Z', 'id': '99bb2e9b-c9be-4318-b10c-1fc830f01bb7', 'ipo_access_execution_rank': None, 'trade_execution_date': None}]",False,regular_hours,False,False,,,,,,,,"{'amount': '8.11', 'currency_code': 'USD', 'currency_id': '1072fc76-1862-41ab-82c2-485837590762'}","{'amount': '8.11', 'currency_code': 'USD', 'currency_id': '1072fc76-1862-41ab-82c2-485837590762'}",,False,,,,,,False,True,False,True,0,,,,,False,,order_finalized,,
5e194c6d-a404-4cf6-b249-a055a5be6496,ebc60921-252b-4b93-8f30-5e1faf683880,https://api.robinhood.com/orders/5e194c6d-a404-4cf6-b249-a055a5be6496/,https://api.robinhood.com/accounts/5SE25445/,fa785cc9-e75d-40e1-ad49-9dad4a009457,https://api.robinhood.com/positions/5SE25445/47b3ea92-713b-4f7b-bb63-8e441491950a/,,https://api.robinhood.com/instruments/47b3ea92-713b-4f7b-bb63-8e441491950a/,47b3ea92-713b-4f7b-bb63-8e441491950a,3.00000000,1.77000000,0.00,filled,filled,,limit,buy,gfd,immediate,1.77000000,,3.00000000,,2017-06-21T17:42:00.811690Z,2017-06-21T19:23:00.862197Z,2017-06-21T19:23:00.814000Z,"[{'price': '1.77000000', 'quantity': '3.00000000', 'rounded_notional': None, 'settlement_date': '2017-06-26', 'timestamp': '2017-06-21T19:23:00.814000Z', 'id': '857a1918-27c0-4865-9c9d-51f7c5eee350', 'ipo_access_execution_rank': None, 'trade_execution_date': None}]",False,regular_hours,False,False,,,,,,,,"{'amount': '5.31', 'currency_code': 'USD', 'currency_id': '1072fc76-1862-41ab-82c2-485837590762'}","{'amount': '5.31', 'currency_code': 'USD', 'currency_id': '1072fc76-1862-41ab-82c2-485837590762'}",,False,,,,,,False,True,False,True,0,,,,,False,,order_finalized,,
2ce89cef-2ddc-4a47-a3ef-22fff53bf3e1,92b8dfb7-6276-47c3-adf7-398c6f462c40,https://api.robinhood.com/orders/2ce89cef-2ddc-4a47-a3ef-22fff53bf3e1/,https://api.robinhood.com/accounts/5SE25445/,fa785cc9-e75d-40e1-ad49-9dad4a009457,https://api.robinhood.com/positions/5SE25445/2bbdb493-dbb1-4e9c-ac98-6e7c93b117c0/,,https://api.robinhood.com/instruments/2bbdb493-dbb1-4e9c-ac98-6e7c93b117c0/,2bbdb493-dbb1-4e9c-ac98-6e7c93b117c0,1.00000000,20.40000000,0.00,filled,filled,,limit,buy,gfd,immediate,20.40000000,,1.00000000,,2017-06-21T17:41:12.011726Z,2017-06-21T17:41:17.010154Z,2017-06-21T17:41:16.957000Z,"[{'price': '20.40000000', 'quantity': '1.00000000', 'rounded_notional': None, 'settlement_date': '2017-06-26', 'timestamp': '2017-06-21T17:41:16.957000Z', 'id': '92b57c51-1f2f-4497-ac78-a83699c1a135', 'ipo_access_execution_rank': None, 'trade_execution_date': None}]",False,regular_hours,False,False,,,,,,,,"{'amount': '20.40', 'currency_code': 'USD', 'currency_id': '1072fc76-1862-41ab-82c2-485837590762'}","{'amount': '20.40', 'currency_code': 'USD', 'currency_id': '1072fc76-1862-41ab-82c2-485837590762'}",,False,,,,,,False,True,False,True,0,,,,,False,,order_finalized,,
1ea54bd9-913c-44f0-9c0c-78b016585ef4,56cac695-2823-422b-833d-14ab982d01d1,https://api.robinhood.com/orders/1ea54bd9-913c-44f0-9c0c-78b016585ef4/,https://api.robinhood.com/accounts/5SE25445/,fa785cc9-e75d-40e1-ad49-9dad4a009457,https://api.robinhood.com/positions/5SE25445/47b3ea92-713b-4f7b-bb63-8e441491950a/,,https://api.robinhood.com/instruments/47b3ea92-713b-4f7b-bb63-8e441491950a/,47b3ea92-713b-4f7b-bb63-8e441491950a,0.00000000,,0.00,cancelled,cancelled,,limit,buy,gfd,immediate,1.75000000,,15.00000000,,2017-06-21T17:39:29.468423Z,2017-06-21T17:40:29.506876Z,2017-06-21T17:40:29.456000Z,[],False,regular_hours,False,False,,,,,,,,"{'amount': '26.25', 'currency_code': 'USD', 'currency_id': '1072fc76-1862-41ab-82c2-485837590762'}",,,False,,,,,,False,True,False,True,0,,,,,False,,order_finalized,,
74431cfc-affd-4340-85a6-ba7586c10f5f,cd8e5c04-3b74-4374-b7be-cd092b375d4f,https://api.robinhood.com/orders/74431cfc-affd-4340-85a6-ba7586c10f5f/,https://api.robinhood.com/accounts/5SE25445/,fa785cc9-e75d-40e1-ad49-9dad4a009457,https://api.robinhood.com/positions/5SE25445/0dd811b3-7047-448d-96e0-7bf6ee4cfe45/,,https://api.robinhood.com/instruments/0dd811b3-7047-448d-96e0-7bf6ee4cfe45/,0dd811b3-7047-448d-96e0-7bf6ee4cfe45,1.00000000,23.14000000,0.00,filled,filled,,limit,buy,gfd,immediate,23.14000000,,1.00000000,,2017-06-21T17:38:02.303693Z,2017-06-21T17:38:02.585034Z,2017-06-21T17:38:02.515000Z,"[{'price': '23.13900000', 'quantity': '1.00000000', 'rounded_notional': None, 'settlement_date': '2017-06-26', 'timestamp': '2017-06-21T17:38:02.515000Z', 'id': 'd72c3e19-0028-485f-a1fa-67b20a91b709', 'ipo_access_execution_rank': None, 'trade_execution_date': None}]",False,regular_hours,False,False,,,,,,,,"{'amount': '23.14', 'currency_code': 'USD', 'currency_id': '1072fc76-1862-41ab-82c2-485837590762'}","{'amount': '23.14', 'currency_code': 'USD', 'currency_id': '1072fc76-1862-41ab-82c2-485837590762'}",,False,,,,,,False,True,False,True,0,,,,,False,,order_finalized,,
bd0cf87b-7fc4-46f7-8fe0-c260a6445a43,daf99c34-206a-4161-878b-22195f7806cb,https://api.robinhood.com/orders/bd0cf87b-7fc4-46f7-8fe0-c260a6445a43/,https://api.robinhood.com/accounts/5SE25445/,fa785cc9-e75d-40e1-ad49-9dad4a009457,https://api.robinhood.com/positions/5SE25445/47b3ea92-713b-4f7b-bb63-8e441491950a/,,https://api.robinhood.com/instruments/47b3ea92-713b-4f7b-bb63-8e441491950a/,47b3ea92-713b-4f7b-bb63-8e441491950a,1.00000000,1.78000000,0.00,filled,filled,,market,buy,gfd,immediate,1.85000000,,1.00000000,,2017-06-20T16:17:38.845875Z,2017-06-20T16:17:39.086909Z,2017-06-20T16:17:39.058000Z,"[{'price': '1.77500000', 'quantity': '1.00000000', 'rounded_notional': None, 'settlement_date': '2017-06-23', 'timestamp': '2017-06-20T16:17:39.058000Z', 'id': '69f558b8-fe4a-44f7-8ec1-d4a3c83c67ae', 'ipo_access_execution_rank': None, 'trade_execution_date': None}]",False,regular_hours,False,False,,,,,,,,"{'amount': '1.85', 'currency_code': 'USD', 'currency_id': '1072fc76-1862-41ab-82c2-485837590762'}","{'amount': '1.78', 'currency_code': 'USD', 'currency_id': '1072fc76-1862-41ab-82c2-485837590762'}",,False,,,,,,False,True,False,True,0,,,,,False,,order_finalized,,
b0913d45-4d43-4905-83fb-0e9930c02a7e,80b70420-541b-41c6-bbbf-151ed0fd7442,https://api.robinhood.com/orders/b0913d45-4d43-4905-83fb-0e9930c02a7e/,https://api.robinhood.com/accounts/5SE25445/,fa785cc9-e75d-40e1-ad49-9dad4a009457,https://api.robinhood.com/positions/5SE25445/b4bec397-894b-4c7a-8f6d-ea07ccc5c844/,,https://api.robinhood.com/instruments/b4bec397-894b-4c7a-8f6d-ea07ccc5c844/,b4bec397-894b-4c7a-8f6d-ea07ccc5c844,7.00000000,2.09000000,0.00,filled,filled,,limit,buy,gtc,immediate,2.09000000,,7.00000000,,2017-06-20T16:16:12.730334Z,2017-06-20T16:16:16.104332Z,2017-06-20T16:16:16.089000Z,"[{'price': '2.09000000', 'quantity': '7.00000000', 'rounded_notional': None, 'settlement_date': '2017-06-23', 'timestamp': '2017-06-20T16:16:16.089000Z', 'id': 'd33a4be4-e9fe-474b-9d7a-6ff44a8901bf', 'ipo_access_execution_rank': None, 'trade_execution_date': None}]",False,regular_hours,False,False,,,,,,,,"{'amount': '14.63', 'currency_code': 'USD', 'currency_id': '1072fc76-1862-41ab-82c2-485837590762'}","{'amount': '14.63', 'currency_code': 'USD', 'currency_id': '1072fc76-1862-41ab-82c2-485837590762'}",,False,,,,,,False,True,False,True,0,,,,,False,,order_finalized,,
1dfb8805-41ad-4e60-9185-75b4676596b0,5631f531-5955-4716-bef6-de1fb7709cbc,https://api.robinhood.com/orders/1dfb8805-41ad-4e60-9185-75b4676596b0/,https://api.robinhood.com/accounts/5SE25445/,fa785cc9-e75d-40e1-ad49-9dad4a009457,https://api.robinhood.com/positions/5SE25445/940fc3f5-1db5-4fed-b452-f3a2e4562b5f/,,https://api.robinhood.com/instruments/940fc3f5-1db5-4fed-b452-f3a2e4562b5f/,940fc3f5-1db5-4fed-b452-f3a2e4562b5f,1.00000000,12.51000000,0.00,filled,filled,,market,buy,gfd,immediate,13.12000000,,1.00000000,,2017-06-20T16:14:55.119542Z,2017-06-20T16:14:55.295706Z,2017-06-20T16:14:55.272000Z,"[{'price': '12.51000000', 'quantity': '1.00000000', 'rounded_notional': None, 'settlement_date': '2017-06-23', 'timestamp': '2017-06-20T16:14:55.272000Z', 'id': 'a9d43889-9b05-4268-aada-10d0ca166dc0', 'ipo_access_execution_rank': None, 'trade_execution_date': None}]",False,regular_hours,False,False,,,,,,,,"{'amount': '13.12', 'currency_code': 'USD', 'currency_id': '1072fc76-1862-41ab-82c2-485837590762'}","{'amount': '12.51', 'currency_code': 'USD', 'currency_id': '1072fc76-1862-41ab-82c2-485837590762'}",,False,,,,,,False,True,False,True,0,,,,,False,,order_finalized,,
bbd6b666-b3d2-4ff1-88f7-573b165a5302,ebd0ba35-2bf4-4bc0-a57b-a2c173bb37cf,https://api.robinhood.com/orders/bbd6b666-b3d2-4ff1-88f7-573b165a5302/,https://api.robinhood.com/accounts/5SE25445/,fa785cc9-e75d-40e1-ad49-9dad4a009457,https://api.robinhood.com/positions/5SE25445/2bbdb493-dbb1-4e9c-ac98-6e7c93b117c0/,,https://api.robinhood.com/instruments/2bbdb493-dbb1-4e9c-ac98-6e7c93b117c0/,2bbdb493-dbb1-4e9c-ac98-6e7c93b117c0,1.00000000,20.61000000,0.00,filled,filled,,market,buy,gfd,immediate,21.64000000,,1.00000000,,2017-06-20T16:12:39.699497Z,2017-06-20T16:12:39.884534Z,2017-06-20T16:12:39.858000Z,"[{'price': '20.60900000', 'quantity': '1.00000000', 'rounded_notional': None, 'settlement_date': '2017-06-23', 'timestamp': '2017-06-20T16:12:39.858000Z', 'id': '1ee17d1d-1b32-4932-8f20-4e750c5e14ce', 'ipo_access_execution_rank': None, 'trade_execution_date': None}]",False,regular_hours,False,False,,,,,,,,"{'amount': '21.64', 'currency_code': 'USD', 'currency_id': '1072fc76-1862-41ab-82c2-485837590762'}","{'amount': '20.61', 'currency_code': 'USD', 'currency_id': '1072fc76-1862-41ab-82c2-485837590762'}",,False,,,,,,False,True,False,True,0,,,,,False,,order_finalized,,
73bff6e2-893f-432b-98b3-076b10ec846d,c46e7029-28d1-4658-9446-84957c4991f0,https://api.robinhood.com/orders/73bff6e2-893f-432b-98b3-076b10ec846d/,https://api.robinhood.com/accounts/5SE25445/,fa785cc9-e75d-40e1-ad49-9dad4a009457,https://api.robinhood.com/positions/5SE25445/b4bec397-894b-4c7a-8f6d-ea07ccc5c844/,,https://api.robinhood.com/instruments/b4bec397-894b-4c7a-8f6d-ea07ccc5c844/,b4bec397-894b-4c7a-8f6d-ea07ccc5c844,10.00000000,2.11900000,0.00,filled,filled,,market,buy,gfd,immediate,2.21000000,,10.00000000,,2017-06-20T16:11:07.372521Z,2017-06-20T16:11:07.581891Z,2017-06-20T16:11:07.568000Z,"[{'price': '2.11900000', 'quantity': '10.00000000', 'rounded_notional': None, 'settlement_date': '2017-06-23', 'timestamp': '2017-06-20T16:11:07.568000Z', 'id': 'be3c2ab7-04f0-46a3-9a41-597099a94f73', 'ipo_access_execution_rank': None, 'trade_execution_date': None}]",False,regular_hours,False,False,,,,,,,,"{'amount': '22.10', 'currency_code': 'USD', 'currency_id': '1072fc76-1862-41ab-82c2-485837590762'}","{'amount': '21.19', 'currency_code': 'USD', 'currency_id': '1072fc76-1862-41ab-82c2-485837590762'}",,False,,,,,,False,True,False,True,0,,,,,False,,order_finalized,,
3b797846-dc52-45b9-8c9d-b35d4d2245f7,43d695d3-64e5-40bd-8296-5de0e4e4a791,https://api.robinhood.com/orders/3b797846-dc52-45b9-8c9d-b35d4d2245f7/,https://api.robinhood.com/accounts/5SE25445/,fa785cc9-e75d-40e1-ad49-9dad4a009457,https://api.robinhood.com/positions/5SE25445/47b3ea92-713b-4f7b-bb63-8e441491950a/,,https://api.robinhood.com/instruments/47b3ea92-713b-4f7b-bb63-8e441491950a/,47b3ea92-713b-4f7b-bb63-8e441491950a,1.00000000,1.79000000,0.00,filled,filled,,market,buy,gfd,immediate,1.86000000,,1.00000000,,2017-06-19T16:41:53.073110Z,2017-06-19T16:41:53.356177Z,2017-06-19T16:41:53.334000Z,"[{'price': '1.78900000', 'quantity': '1.00000000', 'rounded_notional': None, 'settlement_date': '2017-06-22', 'timestamp': '2017-06-19T16:41:53.334000Z', 'id': '4db6ac41-8fce-44a5-a845-0d10e3d1c6d8', 'ipo_access_execution_rank': None, 'trade_execution_date': None}]",False,regular_hours,False,False,,,,,,,,"{'amount': '1.86', 'currency_code': 'USD', 'currency_id': '1072fc76-1862-41ab-82c2-485837590762'}","{'amount': '1.79', 'currency_code': 'USD', 'currency_id': '1072fc76-1862-41ab-82c2-485837590762'}",,False,,,,,,False,True,False,True,0,,,,,False,,order_finalized,,
2a115650-0861-498e-819c-83ae5a44d962,2015712c-3334-4429-9712-b7f0ae89f3aa,https://api.robinhood.com/orders/2a115650-0861-498e-819c-83ae5a44d962/,https://api.robinhood.com/accounts/5SE25445/,fa785cc9-e75d-40e1-ad49-9dad4a009457,https://api.robinhood.com/positions/5SE25445/8f85511e-1b07-4e15-8376-1c717b95b288/,,https://api.robinhood.com/instruments/8f85511e-1b07-4e15-8376-1c717b95b288/,8f85511e-1b07-4e15-8376-1c717b95b288,1.00000000,38.84000000,0.00,filled,filled,,market,buy,gfd,immediate,40.76000000,,1.00000000,,2017-06-19T16:41:16.979296Z,2017-06-19T16:41:17.254581Z,2017-06-19T16:41:17.206000Z,"[{'price': '38.83990000', 'quantity': '1.00000000', 'rounded_notional': None, 'settlement_date': '2017-06-22', 'timestamp': '2017-06-19T16:41:17.206000Z', 'id': 'a34cb18a-a8ba-4775-8084-8e18ed3d69f3', 'ipo_access_execution_rank': None, 'trade_execution_date': None}]",False,regular_hours,False,False,,,,,,,,"{'amount': '40.76', 'currency_code': 'USD', 'currency_id': '1072fc76-1862-41ab-82c2-485837590762'}","{'amount': '38.84', 'currency_code': 'USD', 'currency_id': '1072fc76-1862-41ab-82c2-485837590762'}",,False,,,,,,False,True,False,True,0,,,,,False,,order_finalized,,
42d61d89-60aa-4b08-8126-074abfc46d73,0425cdba-5bec-4d11-ab1f-f2cd27d86ae9,https://api.robinhood.com/orders/42d61d89-60aa-4b08-8126-074abfc46d73/,https://api.robinhood.com/accounts/5SE25445/,fa785cc9-e75d-40e1-ad49-9dad4a009457,https://api.robinhood.com/positions/5SE25445/47b3ea92-713b-4f7b-bb63-8e441491950a/,,https://api.robinhood.com/instruments/47b3ea92-713b-4f7b-bb63-8e441491950a/,47b3ea92-713b-4f7b-bb63-8e441491950a,1.00000000,1.80000000,0.00,filled,filled,,limit,buy,gfd,immediate,1.80000000,,1.00000000,,2017-06-19T13:59:23.391871Z,2017-06-19T14:53:15.254841Z,2017-06-19T14:53:15.222000Z,"[{'price': '1.80000000', 'quantity': '1.00000000', 'rounded_notional': None, 'settlement_date': '2017-06-22', 'timestamp': '2017-06-19T14:53:15.222000Z', 'id': '036d549d-d72f-451d-ab91-9af4cbd66b7d', 'ipo_access_execution_rank': None, 'trade_execution_date': None}]",False,regular_hours,False,False,,,,,,,,"{'amount': '1.80', 'currency_code': 'USD', 'currency_id': '1072fc76-1862-41ab-82c2-485837590762'}","{'amount': '1.80', 'currency_code': 'USD', 'currency_id': '1072fc76-1862-41ab-82c2-485837590762'}",,False,,,,,,False,True,False,True,0,,,,,False,,order_finalized,,
1830d7c9-4eaf-49e6-9c1d-0e459e06c6d4,2bb53518-df5e-4271-ab6b-de419e0bf346,https://api.robinhood.com/orders/1830d7c9-4eaf-49e6-9c1d-0e459e06c6d4/,https://api.robinhood.com/accounts/5SE25445/,fa785cc9-e75d-40e1-ad49-9dad4a009457,https://api.robinhood.com/positions/5SE25445/b4bec397-894b-4c7a-8f6d-ea07ccc5c844/,,https://api.robinhood.com/instruments/b4bec397-894b-4c7a-8f6d-ea07ccc5c844/,b4bec397-894b-4c7a-8f6d-ea07ccc5c844,8.00000000,2.16000000,0.00,filled,filled,,limit,buy,gfd,immediate,2.16000000,,8.00000000,,2017-06-19T13:49:17.909134Z,2017-06-19T13:56:41.326370Z,2017-06-19T13:56:41.297000Z,"[{'price': '2.16000000', 'quantity': '1.00000000', 'rounded_notional': None, 'settlement_date': '2017-06-22', 'timestamp': '2017-06-19T13:55:26.702000Z', 'id': '9641bed1-ef68-4a84-a82b-b93e3ce09f97', 'ipo_access_execution_rank': None, 'trade_execution_date': None}, {'price': '2.16000000', 'quantity': '7.00000000', 'rounded_notional': None, 'settlement_date': '2017-06-22', 'timestamp': '2017-06-19T13:56:41.297000Z', 'id': '441c6834-a155-4dbf-905f-8618443f80b0', 'ipo_access_execution_rank': None, 'trade_execution_date': None}]",False,regular_hours,False,False,,,,,,,,"{'amount': '17.28', 'currency_code': 'USD', 'currency_id': '1072fc76-1862-41ab-82c2-485837590762'}","{'amount': '17.28', 'currency_code': 'USD', 'currency_id': '1072fc76-1862-41ab-82c2-485837590762'}",,False,,,,,,False,True,False,True,0,,,,,False,,order_finalized,,
9517b570-eb98-4c9a-929a-d29064a89b7f,13cacab4-0fd0-4750-91b4-725730e54fff,https://api.robinhood.com/orders/9517b570-eb98-4c9a-929a-d29064a89b7f/,https://api.robinhood.com/accounts/5SE25445/,fa785cc9-e75d-40e1-ad49-9dad4a009457,https://api.robinhood.com/positions/5SE25445/9532594b-d489-4edc-9a2a-715ac09843fe/,,https://api.robinhood.com/instruments/9532594b-d489-4edc-9a2a-715ac09843fe/,9532594b-d489-4edc-9a2a-715ac09843fe,1.00000000,1.33000000,0.02,filled,filled,,limit,sell,gtc,immediate,1.33000000,,1.00000000,,2017-06-19T13:40:48.100356Z,2017-06-19T15:44:30.278539Z,2017-06-19T15:44:30.244000Z,"[{'price': '1.33000000', 'quantity': '1.00000000', 'rounded_notional': None, 'settlement_date': '2017-06-22', 'timestamp': '2017-06-19T15:44:30.244000Z', 'id': '116c9b1c-bd4e-4527-8034-bee83b6466dc', 'ipo_access_execution_rank': None, 'trade_execution_date': None}]",False,regular_hours,False,False,,,,,,,,"{'amount': '1.33', 'currency_code': 'USD', 'currency_id': '1072fc76-1862-41ab-82c2-485837590762'}","{'amount': '1.33', 'currency_code': 'USD', 'currency_id': '1072fc76-1862-41ab-82c2-485837590762'}",,False,,,,,,False,True,False,True,0,,,,,False,,order_finalized,,
29d58496-50ea-4882-90da-e4aeba2a3fb5,f64b39c9-ac99-42c0-90ec-3aba8d40752e,https://api.robinhood.com/orders/29d58496-50ea-4882-90da-e4aeba2a3fb5/,https://api.robinhood.com/accounts/5SE25445/,fa785cc9-e75d-40e1-ad49-9dad4a009457,https://api.robinhood.com/positions/5SE25445/d15643d2-545c-4b83-a290-f85fe4575b0e/,,https://api.robinhood.com/instruments/d15643d2-545c-4b83-a290-f85fe4575b0e/,d15643d2-545c-4b83-a290-f85fe4575b0e,1.00000000,7.01000000,0.00,filled,filled,,market,buy,gfd,immediate,7.35000000,,1.00000000,,2017-06-16T19:55:26.634870Z,2017-06-16T19:55:26.935638Z,2017-06-16T19:55:26.893000Z,"[{'price': '7.00990000', 'quantity': '1.00000000', 'rounded_notional': None, 'settlement_date': '2017-06-21', 'timestamp': '2017-06-16T19:55:26.893000Z', 'id': '10b5a59e-d0f9-49fe-b359-f78923e8fa3f', 'ipo_access_execution_rank': None, 'trade_execution_date': None}]",False,regular_hours,False,False,,,,,,,,"{'amount': '7.35', 'currency_code': 'USD', 'currency_id': '1072fc76-1862-41ab-82c2-485837590762'}","{'amount': '7.01', 'currency_code': 'USD', 'currency_id': '1072fc76-1862-41ab-82c2-485837590762'}",,False,,,,,,False,True,False,True,0,,,,,False,,order_finalized,,
1832cec8-6231-4674-95ee-7d7aeeb82f35,fbdfb126-7ad0-467f-aa16-94e305a982af,https://api.robinhood.com/orders/1832cec8-6231-4674-95ee-7d7aeeb82f35/,https://api.robinhood.com/accounts/5SE25445/,fa785cc9-e75d-40e1-ad49-9dad4a009457,https://api.robinhood.com/positions/5SE25445/6d97a28c-1e6a-41f8-adc8-6b12ba7af516/,,https://api.robinhood.com/instruments/6d97a28c-1e6a-41f8-adc8-6b12ba7af516/,6d97a28c-1e6a-41f8-adc8-6b12ba7af516,1.00000000,55.67000000,0.00,filled,filled,,market,buy,gfd,immediate,58.45000000,,1.00000000,,2017-06-16T18:56:31.565594Z,2017-06-16T18:56:31.828722Z,2017-06-16T18:56:31.773000Z,"[{'price': '55.66990000', 'quantity': '1.00000000', 'rounded_notional': None, 'settlement_date': '2017-06-21', 'timestamp': '2017-06-16T18:56:31Z', 'id': 'c59305ab-b7be-4220-8dd1-e67ef4648157', 'ipo_access_execution_rank': None, 'trade_execution_date': None}]",False,regular_hours,False,False,,,,,,,,"{'amount': '58.45', 'currency_code': 'USD', 'currency_id': '1072fc76-1862-41ab-82c2-485837590762'}","{'amount': '55.67', 'currency_code': 'USD', 'currency_id': '1072fc76-1862-41ab-82c2-485837590762'}",,False,,,,,,False,True,False,True,0,,,,,False,,order_finalized,,
54ce57c5-958c-4e7d-9928-451d9d5b9c05,f0b38e8c-7854-4c97-bfc9-1ee78bd4cb2d,https://api.robinhood.com/orders/54ce57c5-958c-4e7d-9928-451d9d5b9c05/,https://api.robinhood.com/accounts/5SE25445/,fa785cc9-e75d-40e1-ad49-9dad4a009457,https://api.robinhood.com/positions/5SE25445/940fc3f5-1db5-4fed-b452-f3a2e4562b5f/,,https://api.robinhood.com/instruments/940fc3f5-1db5-4fed-b452-f3a2e4562b5f/,940fc3f5-1db5-4fed-b452-f3a2e4562b5f,1.00000000,11.45000000,0.00,filled,filled,,market,buy,gfd,immediate,12.01000000,,1.00000000,,2017-06-16T18:54:04.938875Z,2017-06-16T18:54:05.167469Z,2017-06-16T18:54:05.128000Z,"[{'price': '11.44900000', 'quantity': '1.00000000', 'rounded_notional': None, 'settlement_date': '2017-06-21', 'timestamp': '2017-06-16T18:54:05.128000Z', 'id': 'd9298cb5-8936-4ae1-8c07-729a6e3190eb', 'ipo_access_execution_rank': None, 'trade_execution_date': None}]",False,regular_hours,False,False,,,,,,,,"{'amount': '12.01', 'currency_code': 'USD', 'currency_id': '1072fc76-1862-41ab-82c2-485837590762'}","{'amount': '11.45', 'currency_code': 'USD', 'currency_id': '1072fc76-1862-41ab-82c2-485837590762'}",,False,,,,,,False,True,False,True,0,,,,,False,,order_finalized,,
45c66d7b-b733-4f60-b8d6-68b52cf1b01e,d1c2a227-e8af-4bff-817c-f68e42119bd2,https://api.robinhood.com/orders/45c66d7b-b733-4f60-b8d6-68b52cf1b01e/,https://api.robinhood.com/accounts/5SE25445/,fa785cc9-e75d-40e1-ad49-9dad4a009457,https://api.robinhood.com/positions/5SE25445/2bbdb493-dbb1-4e9c-ac98-6e7c93b117c0/,,https://api.robinhood.com/instruments/2bbdb493-dbb1-4e9c-ac98-6e7c93b117c0/,2bbdb493-dbb1-4e9c-ac98-6e7c93b117c0,1.00000000,20.61000000,0.00,filled,filled,,market,buy,gfd,immediate,21.63000000,,1.00000000,,2017-06-16T18:52:39.619793Z,2017-06-16T18:52:39.850474Z,2017-06-16T18:52:39.805000Z,"[{'price': '20.60990000', 'quantity': '1.00000000', 'rounded_notional': None, 'settlement_date': '2017-06-21', 'timestamp': '2017-06-16T18:52:39.805000Z', 'id': 'b203ff00-4337-43d4-b4df-74321021e773', 'ipo_access_execution_rank': None, 'trade_execution_date': None}]",False,regular_hours,False,False,,,,,,,,"{'amount': '21.63', 'currency_code': 'USD', 'currency_id': '1072fc76-1862-41ab-82c2-485837590762'}","{'amount': '20.61', 'currency_code': 'USD', 'currency_id': '1072fc76-1862-41ab-82c2-485837590762'}",,False,,,,,,False,True,False,True,0,,,,,False,,order_finalized,,
0ec7b241-e9b8-49c6-b439-682e41ae1354,dc65065e-2b40-42d5-870c-487a10514d75,https://api.robinhood.com/orders/0ec7b241-e9b8-49c6-b439-682e41ae1354/,https://api.robinhood.com/accounts/5SE25445/,fa785cc9-e75d-40e1-ad49-9dad4a009457,https://api.robinhood.com/positions/5SE25445/b4dc4541-4915-4fa5-9d63-ba15c48da412/,,https://api.robinhood.com/instruments/b4dc4541-4915-4fa5-9d63-ba15c48da412/,b4dc4541-4915-4fa5-9d63-ba15c48da412,1.00000000,6.07000000,0.02,filled,filled,,market,sell,gfd,immediate,,,1.00000000,,2017-06-16T18:48:41.641155Z,2017-06-16T18:48:41.975120Z,2017-06-16T18:48:41.935000Z,"[{'price': '6.07000000', 'quantity': '1.00000000', 'rounded_notional': None, 'settlement_date': '2017-06-21', 'timestamp': '2017-06-16T18:48:41.935000Z', 'id': 'c6d86b9f-262f-43a7-945d-d1612a7bc55f', 'ipo_access_execution_rank': None, 'trade_execution_date': None}]",False,regular_hours,False,False,,,,,,,,,"{'amount': '6.07', 'currency_code': 'USD', 'currency_id': '1072fc76-1862-41ab-82c2-485837590762'}",,False,,,,,,False,True,False,True,0,,,,,False,,order_finalized,,
d0e37dba-d427-43df-a816-00941774efb9,01335e05-988d-4f5b-9644-b154888e5b65,https://api.robinhood.com/orders/d0e37dba-d427-43df-a816-00941774efb9/,https://api.robinhood.com/accounts/5SE25445/,fa785cc9-e75d-40e1-ad49-9dad4a009457,https://api.robinhood.com/positions/5SE25445/47b3ea92-713b-4f7b-bb63-8e441491950a/,,https://api.robinhood.com/instruments/47b3ea92-713b-4f7b-bb63-8e441491950a/,47b3ea92-713b-4f7b-bb63-8e441491950a,35.00000000,1.80110000,0.02,filled,filled,,market,sell,gfd,immediate,,,35.00000000,,2017-06-16T18:48:19.806541Z,2017-06-16T18:48:20.073222Z,2017-06-16T18:48:20.043000Z,"[{'price': '1.80100000', 'quantity': '35.00000000', 'rounded_notional': None, 'settlement_date': '2017-06-21', 'timestamp': '2017-06-16T18:48:20.043000Z', 'id': 'b70d66df-4fa0-40eb-8a14-00d72359bcc2', 'ipo_access_execution_rank': None, 'trade_execution_date': None}]",False,regular_hours,False,False,,,,,,,,,"{'amount': '63.04', 'currency_code': 'USD', 'currency_id': '1072fc76-1862-41ab-82c2-485837590762'}",,False,,,,,,False,True,False,True,0,,,,,False,,order_finalized,,
45e6fd86-19db-495f-ae69-ff8fdd83257c,b15d1bcc-a33e-431c-b0e5-47b39324cc81,https://api.robinhood.com/orders/45e6fd86-19db-495f-ae69-ff8fdd83257c/,https://api.robinhood.com/accounts/5SE25445/,fa785cc9-e75d-40e1-ad49-9dad4a009457,https://api.robinhood.com/positions/5SE25445/5c7b953c-a794-4349-84a1-3a7609b13420/,,https://api.robinhood.com/instruments/5c7b953c-a794-4349-84a1-3a7609b13420/,5c7b953c-a794-4349-84a1-3a7609b13420,1.00000000,5.18000000,0.02,filled,filled,,market,sell,gfd,immediate,,,1.00000000,,2017-06-16T18:48:02.466106Z,2017-06-16T18:48:02.668792Z,2017-06-16T18:48:02.638000Z,"[{'price': '5.18100000', 'quantity': '1.00000000', 'rounded_notional': None, 'settlement_date': '2017-06-21', 'timestamp': '2017-06-16T18:48:02.638000Z', 'id': '62109fb2-c069-4390-862b-f9ffd62ae166', 'ipo_access_execution_rank': None, 'trade_execution_date': None}]",False,regular_hours,False,False,,,,,,,,,"{'amount': '5.18', 'currency_code': 'USD', 'currency_id': '1072fc76-1862-41ab-82c2-485837590762'}",,False,,,,,,False,True,False,True,0,,,,,False,,order_finalized,,
b2d4456a-c119-4eef-a16c-46c62d32157e,624385b4-eabe-4a17-851d-5484dea5cb63,https://api.robinhood.com/orders/b2d4456a-c119-4eef-a16c-46c62d32157e/,https://api.robinhood.com/accounts/5SE25445/,fa785cc9-e75d-40e1-ad49-9dad4a009457,https://api.robinhood.com/positions/5SE25445/af631bf4-c00e-4dcd-847a-70f18ac48a8c/,,https://api.robinhood.com/instruments/af631bf4-c00e-4dcd-847a-70f18ac48a8c/,af631bf4-c00e-4dcd-847a-70f18ac48a8c,1.00000000,5.50000000,0.02,filled,filled,,market,sell,gfd,immediate,,,1.00000000,,2017-06-16T18:45:02.528070Z,2017-06-16T18:45:02.778553Z,2017-06-16T18:45:02.728000Z,"[{'price': '5.50000000', 'quantity': '1.00000000', 'rounded_notional': None, 'settlement_date': '2017-06-21', 'timestamp': '2017-06-16T18:45:02.728000Z', 'id': '79a1e2fe-20a1-481d-8d4e-e498c6cec4fc', 'ipo_access_execution_rank': None, 'trade_execution_date': None}]",False,regular_hours,False,False,,,,,,,,,"{'amount': '5.50', 'currency_code': 'USD', 'currency_id': '1072fc76-1862-41ab-82c2-485837590762'}",,False,,,,,,False,True,False,True,0,,,,,False,,order_finalized,,
d704dc9c-2765-4915-8bd0-6060bc3ee892,0e31dfa9-ff31-4c8d-96c8-67b2bc65fa9e,https://api.robinhood.com/orders/d704dc9c-2765-4915-8bd0-6060bc3ee892/,https://api.robinhood.com/accounts/5SE25445/,fa785cc9-e75d-40e1-ad49-9dad4a009457,https://api.robinhood.com/positions/5SE25445/b4bec397-894b-4c7a-8f6d-ea07ccc5c844/,,https://api.robinhood.com/instruments/b4bec397-894b-4c7a-8f6d-ea07ccc5c844/,b4bec397-894b-4c7a-8f6d-ea07ccc5c844,11.00000000,2.18090000,0.02,filled,filled,,market,sell,gfd,immediate,,,11.00000000,,2017-06-16T18:39:40.889924Z,2017-06-16T18:39:41.099523Z,2017-06-16T18:39:41.029000Z,"[{'price': '2.18100000', 'quantity': '11.00000000', 'rounded_notional': None, 'settlement_date': '2017-06-21', 'timestamp': '2017-06-16T18:39:41.029000Z', 'id': 'f66bbcff-fcb6-4dc3-9319-19f098f5153a', 'ipo_access_execution_rank': None, 'trade_execution_date': None}]",False,regular_hours,False,False,,,,,,,,,"{'amount': '23.99', 'currency_code': 'USD', 'currency_id': '1072fc76-1862-41ab-82c2-485837590762'}",,False,,,,,,False,True,False,True,0,,,,,False,,order_finalized,,
dfc38a28-a8bb-4902-9dc9-44b902388f6b,75f30ba4-c923-4edf-801f-74215fa4f836,https://api.robinhood.com/orders/dfc38a28-a8bb-4902-9dc9-44b902388f6b/,https://api.robinhood.com/accounts/5SE25445/,fa785cc9-e75d-40e1-ad49-9dad4a009457,https://api.robinhood.com/positions/5SE25445/b4bec397-894b-4c7a-8f6d-ea07ccc5c844/,,https://api.robinhood.com/instruments/b4bec397-894b-4c7a-8f6d-ea07ccc5c844/,b4bec397-894b-4c7a-8f6d-ea07ccc5c844,0.00000000,,0.00,cancelled,cancelled,,limit,buy,gtc,immediate,2.08000000,,5.00000000,,2017-06-16T13:40:59.125712Z,2017-06-19T13:44:50.589239Z,2017-06-19T13:44:50.584000Z,[],False,regular_hours,False,False,,,,,,,,"{'amount': '10.40', 'currency_code': 'USD', 'currency_id': '1072fc76-1862-41ab-82c2-485837590762'}",,,False,,,,,,False,True,False,True,0,,,,,False,,order_finalized,,
a02d6cf1-aa0e-492e-b7bd-eed364c9a3a9,b8700631-d1e6-4c2d-adc9-7c473bd09469,https://api.robinhood.com/orders/a02d6cf1-aa0e-492e-b7bd-eed364c9a3a9/,https://api.robinhood.com/accounts/5SE25445/,fa785cc9-e75d-40e1-ad49-9dad4a009457,https://api.robinhood.com/positions/5SE25445/b4bec397-894b-4c7a-8f6d-ea07ccc5c844/,,https://api.robinhood.com/instruments/b4bec397-894b-4c7a-8f6d-ea07ccc5c844/,b4bec397-894b-4c7a-8f6d-ea07ccc5c844,10.00000000,2.10000000,0.00,filled,filled,,limit,buy,gtc,immediate,2.10000000,,10.00000000,,2017-06-14T18:40:12.428013Z,2017-06-14T18:40:17.225574Z,2017-06-14T18:40:17.199000Z,"[{'price': '2.10000000', 'quantity': '10.00000000', 'rounded_notional': None, 'settlement_date': '2017-06-19', 'timestamp': '2017-06-14T18:40:17.199000Z', 'id': '544c7240-6ba2-4e77-b226-4d9d7a8d4415', 'ipo_access_execution_rank': None, 'trade_execution_date': None}]",False,regular_hours,False,False,,,,,,,,"{'amount': '21.00', 'currency_code': 'USD', 'currency_id': '1072fc76-1862-41ab-82c2-485837590762'}","{'amount': '21.00', 'currency_code': 'USD', 'currency_id': '1072fc76-1862-41ab-82c2-485837590762'}",,False,,,,,,False,True,False,True,0,,,,,False,,order_finalized,,
271df792-8232-46ba-8a48-731dd9269db6,9dd1c42d-8130-4c0c-b59b-185a280495ce,https://api.robinhood.com/orders/271df792-8232-46ba-8a48-731dd9269db6/,https://api.robinhood.com/accounts/5SE25445/,fa785cc9-e75d-40e1-ad49-9dad4a009457,https://api.robinhood.com/positions/5SE25445/47b3ea92-713b-4f7b-bb63-8e441491950a/,,https://api.robinhood.com/instruments/47b3ea92-713b-4f7b-bb63-8e441491950a/,47b3ea92-713b-4f7b-bb63-8e441491950a,8.00000000,1.73000000,0.00,filled,filled,,market,buy,gfd,immediate,1.80000000,,8.00000000,,2017-06-14T17:15:34.030030Z,2017-06-14T17:15:34.245102Z,2017-06-14T17:15:34.204000Z,"[{'price': '1.73000000', 'quantity': '8.00000000', 'rounded_notional': None, 'settlement_date': '2017-06-19', 'timestamp': '2017-06-14T17:15:34.204000Z', 'id': '10fb08bc-517f-4f88-a976-c4a65f0a3309', 'ipo_access_execution_rank': None, 'trade_execution_date': None}]",False,regular_hours,False,False,,,,,,,,"{'amount': '14.40', 'currency_code': 'USD', 'currency_id': '1072fc76-1862-41ab-82c2-485837590762'}","{'amount': '13.84', 'currency_code': 'USD', 'currency_id': '1072fc76-1862-41ab-82c2-485837590762'}",,False,,,,,,False,True,False,True,0,,,,,False,,order_finalized,,
6a8ba791-87fb-4e56-86e8-e246dd98aad3,9d86c839-7ac8-492c-a779-68a27df69dbd,https://api.robinhood.com/orders/6a8ba791-87fb-4e56-86e8-e246dd98aad3/,https://api.robinhood.com/accounts/5SE25445/,fa785cc9-e75d-40e1-ad49-9dad4a009457,https://api.robinhood.com/positions/5SE25445/66de98cc-c7c1-439e-a6ee-7f7e59a4b71d/,,https://api.robinhood.com/instruments/66de98cc-c7c1-439e-a6ee-7f7e59a4b71d/,66de98cc-c7c1-439e-a6ee-7f7e59a4b71d,9.00000000,1.62000000,0.02,filled,filled,,market,sell,gfd,immediate,,,9.00000000,,2017-06-13T14:04:07.188615Z,2017-06-13T14:04:07.463935Z,2017-06-13T14:04:07.420000Z,"[{'price': '1.62000000', 'quantity': '9.00000000', 'rounded_notional': None, 'settlement_date': '2017-06-16', 'timestamp': '2017-06-13T14:04:07.420000Z', 'id': '066fcdcd-373f-437b-b691-dd973f7b777e', 'ipo_access_execution_rank': None, 'trade_execution_date': None}]",False,regular_hours,False,False,,,,,,,,,"{'amount': '14.58', 'currency_code': 'USD', 'currency_id': '1072fc76-1862-41ab-82c2-485837590762'}",,False,,,,,,False,True,False,True,0,,,,,False,,order_finalized,,
9894f42a-f9a9-4d63-bc26-33237c675bea,f4296ea7-505f-4a36-b6c3-e56e31e708ac,https://api.robinhood.com/orders/9894f42a-f9a9-4d63-bc26-33237c675bea/,https://api.robinhood.com/accounts/5SE25445/,fa785cc9-e75d-40e1-ad49-9dad4a009457,https://api.robinhood.com/positions/5SE25445/47b3ea92-713b-4f7b-bb63-8e441491950a/,,https://api.robinhood.com/instruments/47b3ea92-713b-4f7b-bb63-8e441491950a/,47b3ea92-713b-4f7b-bb63-8e441491950a,0.00000000,,0.00,cancelled,cancelled,,limit,sell,gtc,immediate,2.00000000,,28.00000000,,2017-06-13T13:32:47.012736Z,2017-06-16T13:31:46.525056Z,2017-06-16T13:31:46.498000Z,[],False,regular_hours,False,False,,,,,,,,"{'amount': '56.00', 'currency_code': 'USD', 'currency_id': '1072fc76-1862-41ab-82c2-485837590762'}",,,False,,,,,,False,True,False,True,0,,,,,False,,order_finalized,,
959061cf-2b84-4192-9afe-1ca5abaefa4a,71328a9c-7423-4680-b226-84f1163b566e,https://api.robinhood.com/orders/959061cf-2b84-4192-9afe-1ca5abaefa4a/,https://api.robinhood.com/accounts/5SE25445/,fa785cc9-e75d-40e1-ad49-9dad4a009457,https://api.robinhood.com/positions/5SE25445/47b3ea92-713b-4f7b-bb63-8e441491950a/,,https://api.robinhood.com/instruments/47b3ea92-713b-4f7b-bb63-8e441491950a/,47b3ea92-713b-4f7b-bb63-8e441491950a,7.00000000,1.80000000,0.00,filled,filled,,limit,buy,gtc,immediate,1.80000000,,7.00000000,,2017-06-12T15:57:43.993298Z,2017-06-12T16:06:51.297289Z,2017-06-12T16:06:51.257000Z,"[{'price': '1.80000000', 'quantity': '7.00000000', 'rounded_notional': None, 'settlement_date': '2017-06-15', 'timestamp': '2017-06-12T16:06:51.257000Z', 'id': '048db6a0-8a8c-4f69-92f8-ae2870c26605', 'ipo_access_execution_rank': None, 'trade_execution_date': None}]",False,regular_hours,False,False,,,,,,,,"{'amount': '12.60', 'currency_code': 'USD', 'currency_id': '1072fc76-1862-41ab-82c2-485837590762'}","{'amount': '12.60', 'currency_code': 'USD', 'currency_id': '1072fc76-1862-41ab-82c2-485837590762'}",,False,,,,,,False,True,False,True,0,,,,,False,,order_finalized,,
cd96d3d4-c012-49aa-a7f6-0a22b99ed050,6c351efa-1872-43fa-9ff4-ffa98edaa810,https://api.robinhood.com/orders/cd96d3d4-c012-49aa-a7f6-0a22b99ed050/,https://api.robinhood.com/accounts/5SE25445/,fa785cc9-e75d-40e1-ad49-9dad4a009457,https://api.robinhood.com/positions/5SE25445/47b3ea92-713b-4f7b-bb63-8e441491950a/,,https://api.robinhood.com/instruments/47b3ea92-713b-4f7b-bb63-8e441491950a/,47b3ea92-713b-4f7b-bb63-8e441491950a,10.00000000,1.80000000,0.00,filled,filled,,limit,buy,gtc,immediate,1.80000000,,10.00000000,,2017-06-12T15:56:44.373925Z,2017-06-12T16:06:51.341471Z,2017-06-12T16:06:51.256000Z,"[{'price': '1.80000000', 'quantity': '10.00000000', 'rounded_notional': None, 'settlement_date': '2017-06-15', 'timestamp': '2017-06-12T16:06:51.256000Z', 'id': '5a824892-5e77-4e80-830b-3e7509270a08', 'ipo_access_execution_rank': None, 'trade_execution_date': None}]",False,regular_hours,False,False,,,,,,,,"{'amount': '18.00', 'currency_code': 'USD', 'currency_id': '1072fc76-1862-41ab-82c2-485837590762'}","{'amount': '18.00', 'currency_code': 'USD', 'currency_id': '1072fc76-1862-41ab-82c2-485837590762'}",,False,,,,,,False,True,False,True,0,,,,,False,,order_finalized,,
76e12174-f777-4ec2-9481-8400938680fe,cbe9210e-5701-4bf2-b5de-0dbb4f9015a8,https://api.robinhood.com/orders/76e12174-f777-4ec2-9481-8400938680fe/,https://api.robinhood.com/accounts/5SE25445/,fa785cc9-e75d-40e1-ad49-9dad4a009457,https://api.robinhood.com/positions/5SE25445/940fc3f5-1db5-4fed-b452-f3a2e4562b5f/,,https://api.robinhood.com/instruments/940fc3f5-1db5-4fed-b452-f3a2e4562b5f/,940fc3f5-1db5-4fed-b452-f3a2e4562b5f,2.00000000,11.75000000,0.02,filled,filled,,limit,sell,gtc,immediate,11.75000000,,2.00000000,,2017-06-12T13:58:57.612620Z,2017-06-12T13:59:02.245265Z,2017-06-12T13:59:02.008000Z,"[{'price': '11.75000000', 'quantity': '2.00000000', 'rounded_notional': None, 'settlement_date': '2017-06-15', 'timestamp': '2017-06-12T13:59:02.008000Z', 'id': 'c008f004-b01b-4c06-b23e-89cb646ddfed', 'ipo_access_execution_rank': None, 'trade_execution_date': None}]",False,regular_hours,False,False,,,,,,,,"{'amount': '23.50', 'currency_code': 'USD', 'currency_id': '1072fc76-1862-41ab-82c2-485837590762'}","{'amount': '23.50', 'currency_code': 'USD', 'currency_id': '1072fc76-1862-41ab-82c2-485837590762'}",,False,,,,,,False,True,False,True,0,,,,,False,,order_finalized,,
4946c7e4-666b-4c46-a8ed-c27b365cf960,9e16c7c0-ec48-47bb-9985-ad6863f413b4,https://api.robinhood.com/orders/4946c7e4-666b-4c46-a8ed-c27b365cf960/,https://api.robinhood.com/accounts/5SE25445/,fa785cc9-e75d-40e1-ad49-9dad4a009457,https://api.robinhood.com/positions/5SE25445/940fc3f5-1db5-4fed-b452-f3a2e4562b5f/,,https://api.robinhood.com/instruments/940fc3f5-1db5-4fed-b452-f3a2e4562b5f/,940fc3f5-1db5-4fed-b452-f3a2e4562b5f,0.00000000,,0.00,cancelled,cancelled,,limit,sell,gfd,immediate,11.90000000,,2.00000000,,2017-06-12T13:45:34.273792Z,2017-06-12T13:58:05.140175Z,2017-06-12T13:58:05.115000Z,[],False,regular_hours,False,False,,,,,,,,"{'amount': '23.80', 'currency_code': 'USD', 'currency_id': '1072fc76-1862-41ab-82c2-485837590762'}",,,False,,,,,,False,True,False,True,0,,,,,False,,order_finalized,,
fc7b6b68-e52f-43c2-bebb-eaa7d04195aa,d1806aef-40cd-4c46-b184-202015bc18f1,https://api.robinhood.com/orders/fc7b6b68-e52f-43c2-bebb-eaa7d04195aa/,https://api.robinhood.com/accounts/5SE25445/,fa785cc9-e75d-40e1-ad49-9dad4a009457,https://api.robinhood.com/positions/5SE25445/940fc3f5-1db5-4fed-b452-f3a2e4562b5f/,,https://api.robinhood.com/instruments/940fc3f5-1db5-4fed-b452-f3a2e4562b5f/,940fc3f5-1db5-4fed-b452-f3a2e4562b5f,1.00000000,11.83000000,0.00,filled,filled,,market,buy,gfd,immediate,12.41000000,,1.00000000,,2017-06-09T18:53:57.066161Z,2017-06-09T18:53:57.308916Z,2017-06-09T18:53:57.262000Z,"[{'price': '11.82990000', 'quantity': '1.00000000', 'rounded_notional': None, 'settlement_date': '2017-06-14', 'timestamp': '2017-06-09T18:53:57.262000Z', 'id': 'a4240e6d-e6eb-42b8-9e86-8bafab187291', 'ipo_access_execution_rank': None, 'trade_execution_date': None}]",False,regular_hours,False,False,,,,,,,,"{'amount': '12.41', 'currency_code': 'USD', 'currency_id': '1072fc76-1862-41ab-82c2-485837590762'}","{'amount': '11.83', 'currency_code': 'USD', 'currency_id': '1072fc76-1862-41ab-82c2-485837590762'}",,False,,,,,,False,True,False,True,0,,,,,False,,order_finalized,,
f45791e5-2f3b-44ba-9d11-1223a9eba7e8,1cd59ac8-abf4-4e38-84d2-a7bfe3679ff6,https://api.robinhood.com/orders/f45791e5-2f3b-44ba-9d11-1223a9eba7e8/,https://api.robinhood.com/accounts/5SE25445/,fa785cc9-e75d-40e1-ad49-9dad4a009457,https://api.robinhood.com/positions/5SE25445/7edab638-a576-4157-bdc7-40277ab26fe1/,,https://api.robinhood.com/instruments/7edab638-a576-4157-bdc7-40277ab26fe1/,7edab638-a576-4157-bdc7-40277ab26fe1,1.00000000,17.92000000,0.02,filled,filled,,market,sell,gfd,immediate,,,1.00000000,,2017-06-09T18:49:41.959962Z,2017-06-09T18:49:42.792203Z,2017-06-09T18:49:42.466000Z,"[{'price': '17.92000000', 'quantity': '1.00000000', 'rounded_notional': None, 'settlement_date': '2017-06-14', 'timestamp': '2017-06-09T18:49:42.466000Z', 'id': '789f5310-f2e7-4a06-a5f1-deded10eb13b', 'ipo_access_execution_rank': None, 'trade_execution_date': None}]",False,regular_hours,False,False,,,,,,,,,"{'amount': '17.92', 'currency_code': 'USD', 'currency_id': '1072fc76-1862-41ab-82c2-485837590762'}",,False,,,,,,False,True,False,True,0,,,,,False,,order_finalized,,
a27ccd60-e8cb-4fc1-acaa-516b468b1601,f6038f6c-1f28-438c-8f4c-9b483d5a4a00,https://api.robinhood.com/orders/a27ccd60-e8cb-4fc1-acaa-516b468b1601/,https://api.robinhood.com/accounts/5SE25445/,fa785cc9-e75d-40e1-ad49-9dad4a009457,https://api.robinhood.com/positions/5SE25445/940fc3f5-1db5-4fed-b452-f3a2e4562b5f/,,https://api.robinhood.com/instruments/940fc3f5-1db5-4fed-b452-f3a2e4562b5f/,940fc3f5-1db5-4fed-b452-f3a2e4562b5f,1.00000000,12.24000000,0.00,filled,filled,,market,buy,gfd,immediate,12.84000000,,1.00000000,,2017-06-09T17:18:07.735499Z,2017-06-09T17:18:08.007541Z,2017-06-09T17:18:07.955000Z,"[{'price': '12.24000000', 'quantity': '1.00000000', 'rounded_notional': None, 'settlement_date': '2017-06-14', 'timestamp': '2017-06-09T17:18:07.955000Z', 'id': '45752bb0-a8e5-4cd1-ba53-4dac7e171a7e', 'ipo_access_execution_rank': None, 'trade_execution_date': None}]",False,regular_hours,False,False,,,,,,,,"{'amount': '12.84', 'currency_code': 'USD', 'currency_id': '1072fc76-1862-41ab-82c2-485837590762'}","{'amount': '12.24', 'currency_code': 'USD', 'currency_id': '1072fc76-1862-41ab-82c2-485837590762'}",,False,,,,,,False,True,False,True,0,,,,,False,,order_finalized,,
660d5db7-a74d-4803-9f6b-1902356f50bb,a0a1dfab-e561-415b-9484-97674d58c388,https://api.robinhood.com/orders/660d5db7-a74d-4803-9f6b-1902356f50bb/,https://api.robinhood.com/accounts/5SE25445/,fa785cc9-e75d-40e1-ad49-9dad4a009457,https://api.robinhood.com/positions/5SE25445/44b396cf-498c-46d2-af32-2b8c22c0f0a9/,,https://api.robinhood.com/instruments/44b396cf-498c-46d2-af32-2b8c22c0f0a9/,44b396cf-498c-46d2-af32-2b8c22c0f0a9,1.00000000,1.89000000,0.02,filled,filled,,market,sell,gfd,immediate,,,1.00000000,,2017-06-09T17:17:51.601214Z,2017-06-09T17:17:51.818752Z,2017-06-09T17:17:51.765000Z,"[{'price': '1.89010000', 'quantity': '1.00000000', 'rounded_notional': None, 'settlement_date': '2017-06-14', 'timestamp': '2017-06-09T17:17:51.765000Z', 'id': 'e2fe3ef0-388c-4ad3-b7ed-cec3ecb958fd', 'ipo_access_execution_rank': None, 'trade_execution_date': None}]",False,regular_hours,False,False,,,,,,,,,"{'amount': '1.89', 'currency_code': 'USD', 'currency_id': '1072fc76-1862-41ab-82c2-485837590762'}",,False,,,,,,False,True,False,True,0,,,,,False,,order_finalized,,
98d4d59c-a1cf-423e-9e94-be050a2ecc80,7d0bb849-2d57-44a2-a3a8-99175bcf1bec,https://api.robinhood.com/orders/98d4d59c-a1cf-423e-9e94-be050a2ecc80/,https://api.robinhood.com/accounts/5SE25445/,fa785cc9-e75d-40e1-ad49-9dad4a009457,https://api.robinhood.com/positions/5SE25445/127fd679-d8eb-4a6a-ad21-5c006d545185/,,https://api.robinhood.com/instruments/127fd679-d8eb-4a6a-ad21-5c006d545185/,127fd679-d8eb-4a6a-ad21-5c006d545185,4.00000000,0.24500000,0.02,filled,filled,,market,sell,gfd,immediate,,,4.00000000,,2017-06-09T17:14:22.089643Z,2017-06-09T17:14:22.488459Z,2017-06-09T17:14:22.445000Z,"[{'price': '0.24540100', 'quantity': '4.00000000', 'rounded_notional': None, 'settlement_date': '2017-06-14', 'timestamp': '2017-06-09T17:14:22.445000Z', 'id': '3a6f85e7-bc93-491f-a349-00cc49b7514d', 'ipo_access_execution_rank': None, 'trade_execution_date': None}]",False,regular_hours,False,False,,,,,,,,,"{'amount': '0.98', 'currency_code': 'USD', 'currency_id': '1072fc76-1862-41ab-82c2-485837590762'}",,False,,,,,,False,True,False,True,0,,,,,False,,order_finalized,,
fc6e2e60-f0e8-4b39-980d-f1cff6bbe4dd,ed7eb922-a3b5-41d8-b2d0-6c0aec386143,https://api.robinhood.com/orders/fc6e2e60-f0e8-4b39-980d-f1cff6bbe4dd/,https://api.robinhood.com/accounts/5SE25445/,fa785cc9-e75d-40e1-ad49-9dad4a009457,https://api.robinhood.com/positions/5SE25445/61279e38-1b9c-4a27-b8e5-9b8991660bb3/,,https://api.robinhood.com/instruments/61279e38-1b9c-4a27-b8e5-9b8991660bb3/,61279e38-1b9c-4a27-b8e5-9b8991660bb3,4.00000000,0.63500000,0.02,filled,filled,,market,sell,gfd,immediate,,,4.00000000,,2017-06-09T17:14:04.490987Z,2017-06-09T17:14:05.114748Z,2017-06-09T17:14:05.055000Z,"[{'price': '0.63610000', 'quantity': '4.00000000', 'rounded_notional': None, 'settlement_date': '2017-06-14', 'timestamp': '2017-06-09T17:14:05.055000Z', 'id': 'fbf32d50-7cda-4dfd-9939-a864c613aeea', 'ipo_access_execution_rank': None, 'trade_execution_date': None}]",False,regular_hours,False,False,,,,,,,,,"{'amount': '2.54', 'currency_code': 'USD', 'currency_id': '1072fc76-1862-41ab-82c2-485837590762'}",,False,,,,,,False,True,False,True,0,,,,,False,,order_finalized,,
7326c30a-48b6-4059-bc8e-af58123b33fe,51712ae7-fba9-4d94-bf0b-398d63be86f1,https://api.robinhood.com/orders/7326c30a-48b6-4059-bc8e-af58123b33fe/,https://api.robinhood.com/accounts/5SE25445/,fa785cc9-e75d-40e1-ad49-9dad4a009457,https://api.robinhood.com/positions/5SE25445/b4dc4541-4915-4fa5-9d63-ba15c48da412/,,https://api.robinhood.com/instruments/b4dc4541-4915-4fa5-9d63-ba15c48da412/,b4dc4541-4915-4fa5-9d63-ba15c48da412,1.00000000,6.67000000,0.00,filled,filled,,market,buy,gfd,immediate,6.99000000,,1.00000000,,2017-06-09T15:54:46.987964Z,2017-06-09T15:54:47.188658Z,2017-06-09T15:54:47.155000Z,"[{'price': '6.66990000', 'quantity': '1.00000000', 'rounded_notional': None, 'settlement_date': '2017-06-14', 'timestamp': '2017-06-09T15:54:47.155000Z', 'id': 'e0a2e8c1-7eba-4843-8804-b53e403f3d00', 'ipo_access_execution_rank': None, 'trade_execution_date': None}]",False,regular_hours,False,False,,,,,,,,"{'amount': '6.99', 'currency_code': 'USD', 'currency_id': '1072fc76-1862-41ab-82c2-485837590762'}","{'amount': '6.67', 'currency_code': 'USD', 'currency_id': '1072fc76-1862-41ab-82c2-485837590762'}",,False,,,,,,False,True,False,True,0,,,,,False,,order_finalized,,
c685f764-f52c-4fbe-b762-d523ba6e9692,606876d1-980c-416c-b972-fa8e6300f520,https://api.robinhood.com/orders/c685f764-f52c-4fbe-b762-d523ba6e9692/,https://api.robinhood.com/accounts/5SE25445/,fa785cc9-e75d-40e1-ad49-9dad4a009457,https://api.robinhood.com/positions/5SE25445/0dd811b3-7047-448d-96e0-7bf6ee4cfe45/,,https://api.robinhood.com/instruments/0dd811b3-7047-448d-96e0-7bf6ee4cfe45/,0dd811b3-7047-448d-96e0-7bf6ee4cfe45,1.00000000,23.61000000,0.00,filled,filled,,market,buy,gfd,immediate,24.78000000,,1.00000000,,2017-06-09T14:47:57.107173Z,2017-06-09T14:47:57.399461Z,2017-06-09T14:47:57.336000Z,"[{'price': '23.60990000', 'quantity': '1.00000000', 'rounded_notional': None, 'settlement_date': '2017-06-14', 'timestamp': '2017-06-09T14:47:57.336000Z', 'id': '31450f8e-825b-4577-82c7-ad3667409d86', 'ipo_access_execution_rank': None, 'trade_execution_date': None}]",False,regular_hours,False,False,,,,,,,,"{'amount': '24.78', 'currency_code': 'USD', 'currency_id': '1072fc76-1862-41ab-82c2-485837590762'}","{'amount': '23.61', 'currency_code': 'USD', 'currency_id': '1072fc76-1862-41ab-82c2-485837590762'}",,False,,,,,,False,True,False,True,0,,,,,False,,order_finalized,,
9c2f117a-92e0-40f8-9df0-dc906ef70c46,fdb79f4a-d10b-4a22-aeff-6663f1ac0c44,https://api.robinhood.com/orders/9c2f117a-92e0-40f8-9df0-dc906ef70c46/,https://api.robinhood.com/accounts/5SE25445/,fa785cc9-e75d-40e1-ad49-9dad4a009457,https://api.robinhood.com/positions/5SE25445/940fc3f5-1db5-4fed-b452-f3a2e4562b5f/,,https://api.robinhood.com/instruments/940fc3f5-1db5-4fed-b452-f3a2e4562b5f/,940fc3f5-1db5-4fed-b452-f3a2e4562b5f,1.00000000,13.22000000,0.02,filled,filled,,market,sell,gfd,immediate,,,1.00000000,,2017-06-09T14:43:02.878313Z,2017-06-09T14:43:03.102606Z,2017-06-09T14:43:03.055000Z,"[{'price': '13.22010000', 'quantity': '1.00000000', 'rounded_notional': None, 'settlement_date': '2017-06-14', 'timestamp': '2017-06-09T14:43:03.055000Z', 'id': '7fc6d553-8503-4226-abfa-90d2cfd3a5b2', 'ipo_access_execution_rank': None, 'trade_execution_date': None}]",False,regular_hours,False,False,,,,,,,,,"{'amount': '13.22', 'currency_code': 'USD', 'currency_id': '1072fc76-1862-41ab-82c2-485837590762'}",,False,,,,,,False,True,False,True,0,,,,,False,,order_finalized,,
0fc99c75-5a96-4912-bd0c-fc4e1cc5300a,01b8e77c-15cd-4c53-8552-998fc4a0836d,https://api.robinhood.com/orders/0fc99c75-5a96-4912-bd0c-fc4e1cc5300a/,https://api.robinhood.com/accounts/5SE25445/,fa785cc9-e75d-40e1-ad49-9dad4a009457,https://api.robinhood.com/positions/5SE25445/5c7b953c-a794-4349-84a1-3a7609b13420/,,https://api.robinhood.com/instruments/5c7b953c-a794-4349-84a1-3a7609b13420/,5c7b953c-a794-4349-84a1-3a7609b13420,1.00000000,5.34000000,0.00,filled,filled,,market,buy,gfd,immediate,5.60000000,,1.00000000,,2017-06-09T14:34:28.718612Z,2017-06-09T14:34:29.105210Z,2017-06-09T14:34:29.065000Z,"[{'price': '5.34000000', 'quantity': '1.00000000', 'rounded_notional': None, 'settlement_date': '2017-06-14', 'timestamp': '2017-06-09T14:34:29.065000Z', 'id': '5fa5deee-99c4-4286-8694-a075c0496ffe', 'ipo_access_execution_rank': None, 'trade_execution_date': None}]",False,regular_hours,False,False,,,,,,,,"{'amount': '5.60', 'currency_code': 'USD', 'currency_id': '1072fc76-1862-41ab-82c2-485837590762'}","{'amount': '5.34', 'currency_code': 'USD', 'currency_id': '1072fc76-1862-41ab-82c2-485837590762'}",,False,,,,,,False,True,False,True,0,,,,,False,,order_finalized,,
416526c5-09a1-443a-9c6e-fa2fe116b448,5add7282-8c9c-4bb8-8fce-cda132fdfe15,https://api.robinhood.com/orders/416526c5-09a1-443a-9c6e-fa2fe116b448/,https://api.robinhood.com/accounts/5SE25445/,fa785cc9-e75d-40e1-ad49-9dad4a009457,https://api.robinhood.com/positions/5SE25445/af631bf4-c00e-4dcd-847a-70f18ac48a8c/,,https://api.robinhood.com/instruments/af631bf4-c00e-4dcd-847a-70f18ac48a8c/,af631bf4-c00e-4dcd-847a-70f18ac48a8c,1.00000000,5.45000000,0.02,filled,filled,,market,sell,gfd,immediate,,,1.00000000,,2017-06-09T14:25:56.713409Z,2017-06-09T14:25:56.906914Z,2017-06-09T14:25:56.856000Z,"[{'price': '5.45000000', 'quantity': '1.00000000', 'rounded_notional': None, 'settlement_date': '2017-06-14', 'timestamp': '2017-06-09T14:25:56.856000Z', 'id': 'a2fb9f14-34ac-4e12-82be-44ca355fb15a', 'ipo_access_execution_rank': None, 'trade_execution_date': None}]",False,regular_hours,False,False,,,,,,,,,"{'amount': '5.45', 'currency_code': 'USD', 'currency_id': '1072fc76-1862-41ab-82c2-485837590762'}",,False,,,,,,False,True,False,True,0,,,,,False,,order_finalized,,
a310d9c6-b2d6-432f-9308-b9cdbf699f37,aa464ff6-6594-4cf0-919f-c288446be7d6,https://api.robinhood.com/orders/a310d9c6-b2d6-432f-9308-b9cdbf699f37/,https://api.robinhood.com/accounts/5SE25445/,fa785cc9-e75d-40e1-ad49-9dad4a009457,https://api.robinhood.com/positions/5SE25445/47b3ea92-713b-4f7b-bb63-8e441491950a/,,https://api.robinhood.com/instruments/47b3ea92-713b-4f7b-bb63-8e441491950a/,47b3ea92-713b-4f7b-bb63-8e441491950a,0.00000000,,0.00,cancelled,cancelled,,limit,sell,gfd,immediate,2.00000000,,10.00000000,,2017-06-09T14:00:15.725740Z,2017-06-09T17:13:49.047881Z,2017-06-09T17:13:49.025000Z,[],False,regular_hours,False,False,,,,,,,,"{'amount': '20.00', 'currency_code': 'USD', 'currency_id': '1072fc76-1862-41ab-82c2-485837590762'}",,,False,,,,,,False,True,False,True,0,,,,,False,,order_finalized,,
68850c08-1886-44fd-9e0e-e1f91ce8fb73,692f8b35-58d1-4b74-b549-f34d9591f76c,https://api.robinhood.com/orders/68850c08-1886-44fd-9e0e-e1f91ce8fb73/,https://api.robinhood.com/accounts/5SE25445/,fa785cc9-e75d-40e1-ad49-9dad4a009457,https://api.robinhood.com/positions/5SE25445/66de98cc-c7c1-439e-a6ee-7f7e59a4b71d/,,https://api.robinhood.com/instruments/66de98cc-c7c1-439e-a6ee-7f7e59a4b71d/,66de98cc-c7c1-439e-a6ee-7f7e59a4b71d,8.00000000,1.62000000,0.00,filled,filled,,market,buy,gfd,immediate,1.69000000,,8.00000000,,2017-06-09T13:38:51.123039Z,2017-06-09T13:38:51.366032Z,2017-06-09T13:38:51.336000Z,"[{'price': '1.61990000', 'quantity': '8.00000000', 'rounded_notional': None, 'settlement_date': '2017-06-14', 'timestamp': '2017-06-09T13:38:51.336000Z', 'id': 'e0d98d20-ec38-49c5-b3dd-bff4a39fc443', 'ipo_access_execution_rank': None, 'trade_execution_date': None}]",False,regular_hours,False,False,,,,,,,,"{'amount': '13.52', 'currency_code': 'USD', 'currency_id': '1072fc76-1862-41ab-82c2-485837590762'}","{'amount': '12.96', 'currency_code': 'USD', 'currency_id': '1072fc76-1862-41ab-82c2-485837590762'}",,False,,,,,,False,True,False,True,0,,,,,False,,order_finalized,,
c37bd6df-f521-4cac-a978-6d9ca385082b,d2b3c8c1-7da9-4325-a85d-21dd4639b297,https://api.robinhood.com/orders/c37bd6df-f521-4cac-a978-6d9ca385082b/,https://api.robinhood.com/accounts/5SE25445/,fa785cc9-e75d-40e1-ad49-9dad4a009457,https://api.robinhood.com/positions/5SE25445/47b3ea92-713b-4f7b-bb63-8e441491950a/,,https://api.robinhood.com/instruments/47b3ea92-713b-4f7b-bb63-8e441491950a/,47b3ea92-713b-4f7b-bb63-8e441491950a,10.00000000,1.81000000,0.00,filled,filled,,market,buy,gfd,immediate,1.89000000,,10.00000000,,2017-06-09T13:38:13.324320Z,2017-06-09T13:38:13.711200Z,2017-06-09T13:38:13.658000Z,"[{'price': '1.81000000', 'quantity': '10.00000000', 'rounded_notional': None, 'settlement_date': '2017-06-14', 'timestamp': '2017-06-09T13:38:13.658000Z', 'id': '858ef363-2868-482e-b0d6-9972ff7cf50e', 'ipo_access_execution_rank': None, 'trade_execution_date': None}]",False,regular_hours,False,False,,,,,,,,"{'amount': '18.90', 'currency_code': 'USD', 'currency_id': '1072fc76-1862-41ab-82c2-485837590762'}","{'amount': '18.10', 'currency_code': 'USD', 'currency_id': '1072fc76-1862-41ab-82c2-485837590762'}",,False,,,,,,False,True,False,True,0,,,,,False,,order_finalized,,
2dd65eee-18cc-4333-b938-e98f2a6dd7ed,63a5ce44-52b3-427e-8ce3-714ab2493d14,https://api.robinhood.com/orders/2dd65eee-18cc-4333-b938-e98f2a6dd7ed/,https://api.robinhood.com/accounts/5SE25445/,fa785cc9-e75d-40e1-ad49-9dad4a009457,https://api.robinhood.com/positions/5SE25445/b4bec397-894b-4c7a-8f6d-ea07ccc5c844/,,https://api.robinhood.com/instruments/b4bec397-894b-4c7a-8f6d-ea07ccc5c844/,b4bec397-894b-4c7a-8f6d-ea07ccc5c844,18.00000000,2.14000000,0.02,filled,filled,,market,sell,gfd,immediate,,,18.00000000,,2017-06-09T13:34:07.822361Z,2017-06-09T13:34:08.095212Z,2017-06-09T13:34:08.037000Z,"[{'price': '2.14010000', 'quantity': '18.00000000', 'rounded_notional': None, 'settlement_date': '2017-06-14', 'timestamp': '2017-06-09T13:34:08.037000Z', 'id': '2e104a09-d350-4d39-9973-426134370259', 'ipo_access_execution_rank': None, 'trade_execution_date': None}]",False,regular_hours,False,False,,,,,,,,,"{'amount': '38.52', 'currency_code': 'USD', 'currency_id': '1072fc76-1862-41ab-82c2-485837590762'}",,False,,,,,,False,True,False,True,0,,,,,False,,order_finalized,,
6d7d14bd-b847-4091-b76a-1daee5db582e,8eb5907a-5314-43ac-a79a-062416e42042,https://api.robinhood.com/orders/6d7d14bd-b847-4091-b76a-1daee5db582e/,https://api.robinhood.com/accounts/5SE25445/,fa785cc9-e75d-40e1-ad49-9dad4a009457,https://api.robinhood.com/positions/5SE25445/1e513292-5926-4dc4-8c3d-4af6b5836704/,,https://api.robinhood.com/instruments/1e513292-5926-4dc4-8c3d-4af6b5836704/,1e513292-5926-4dc4-8c3d-4af6b5836704,1.00000000,18.21000000,0.02,filled,filled,,market,sell,gtc,stop,,18.25000000,1.00000000,,2017-06-09T12:59:41.162014Z,2017-06-09T13:30:43.880662Z,2017-06-09T13:30:42.460000Z,"[{'price': '18.21000000', 'quantity': '1.00000000', 'rounded_notional': None, 'settlement_date': '2017-06-14', 'timestamp': '2017-06-09T13:30:42.460000Z', 'id': '2f157575-fb90-41eb-b5db-a2e1c6f7e54b', 'ipo_access_execution_rank': None, 'trade_execution_date': None}]",False,regular_hours,False,False,,,,,,,,,"{'amount': '18.21', 'currency_code': 'USD', 'currency_id': '1072fc76-1862-41ab-82c2-485837590762'}",,False,,,,,,False,True,False,True,0,,,,,False,,order_finalized,,
f606d6e6-59da-4eb2-bef0-b2ad61152532,4f46cfba-c559-48a0-bad4-726f0f58744c,https://api.robinhood.com/orders/f606d6e6-59da-4eb2-bef0-b2ad61152532/,https://api.robinhood.com/accounts/5SE25445/,fa785cc9-e75d-40e1-ad49-9dad4a009457,https://api.robinhood.com/positions/5SE25445/940fc3f5-1db5-4fed-b452-f3a2e4562b5f/,,https://api.robinhood.com/instruments/940fc3f5-1db5-4fed-b452-f3a2e4562b5f/,940fc3f5-1db5-4fed-b452-f3a2e4562b5f,0.00000000,,0.00,cancelled,cancelled,,market,sell,gtc,stop,,13.16000000,1.00000000,,2017-06-09T12:58:08.878776Z,2017-06-09T13:10:26.906187Z,2017-06-09T13:10:26.871000Z,[],False,regular_hours,False,False,,,,,,,,,,,False,,,,,,False,True,False,True,0,,,,,False,,order_finalized,,
5f9f1231-4f6f-45f2-98ba-f162779ee767,73a43fb1-5063-4708-a1e6-8370975810ef,https://api.robinhood.com/orders/5f9f1231-4f6f-45f2-98ba-f162779ee767/,https://api.robinhood.com/accounts/5SE25445/,fa785cc9-e75d-40e1-ad49-9dad4a009457,https://api.robinhood.com/positions/5SE25445/b4bec397-894b-4c7a-8f6d-ea07ccc5c844/,,https://api.robinhood.com/instruments/b4bec397-894b-4c7a-8f6d-ea07ccc5c844/,b4bec397-894b-4c7a-8f6d-ea07ccc5c844,0.00000000,,0.00,cancelled,cancelled,,limit,sell,gfd,immediate,2.20000000,,18.00000000,,2017-06-09T12:33:08.822728Z,2017-06-09T13:33:33.358970Z,2017-06-09T13:33:33.325000Z,[],False,regular_hours,False,False,,,,,,,,"{'amount': '39.60', 'currency_code': 'USD', 'currency_id': '1072fc76-1862-41ab-82c2-485837590762'}",,,False,,,,,,False,True,False,True,0,,,,,False,,order_finalized,,
022d7360-7075-40b1-a956-9faa08588b82,7ba7265f-8d22-451d-a3d3-5d89c792ffc9,https://api.robinhood.com/orders/022d7360-7075-40b1-a956-9faa08588b82/,https://api.robinhood.com/accounts/5SE25445/,fa785cc9-e75d-40e1-ad49-9dad4a009457,https://api.robinhood.com/positions/5SE25445/61279e38-1b9c-4a27-b8e5-9b8991660bb3/,,https://api.robinhood.com/instruments/61279e38-1b9c-4a27-b8e5-9b8991660bb3/,61279e38-1b9c-4a27-b8e5-9b8991660bb3,0.00000000,,0.00,cancelled,cancelled,,limit,sell,gtc,immediate,0.70000000,,4.00000000,,2017-06-08T19:18:23.920601Z,2017-06-09T17:13:42.809889Z,2017-06-09T17:13:42.623000Z,[],False,regular_hours,False,False,,,,,,,,"{'amount': '2.80', 'currency_code': 'USD', 'currency_id': '1072fc76-1862-41ab-82c2-485837590762'}",,,False,,,,,,False,True,False,True,0,,,,,False,,order_finalized,,
e1c841b6-592b-4551-b59c-f8a069f25237,eb8d25a6-ae8c-4b3e-9da2-5db5597401d4,https://api.robinhood.com/orders/e1c841b6-592b-4551-b59c-f8a069f25237/,https://api.robinhood.com/accounts/5SE25445/,fa785cc9-e75d-40e1-ad49-9dad4a009457,https://api.robinhood.com/positions/5SE25445/127fd679-d8eb-4a6a-ad21-5c006d545185/,,https://api.robinhood.com/instruments/127fd679-d8eb-4a6a-ad21-5c006d545185/,127fd679-d8eb-4a6a-ad21-5c006d545185,1.00000000,0.25000000,0.00,filled,filled,,market,buy,gfd,immediate,0.26670000,,1.00000000,,2017-06-08T19:13:01.152959Z,2017-06-08T19:13:01.491311Z,2017-06-08T19:13:01.444000Z,"[{'price': '0.25400000', 'quantity': '1.00000000', 'rounded_notional': None, 'settlement_date': '2017-06-13', 'timestamp': '2017-06-08T19:13:01.444000Z', 'id': 'c57e5ce2-f9de-4aa4-b2e5-4d9043ded1b8', 'ipo_access_execution_rank': None, 'trade_execution_date': None}]",False,regular_hours,False,False,,,,,,,,"{'amount': '0.27', 'currency_code': 'USD', 'currency_id': '1072fc76-1862-41ab-82c2-485837590762'}","{'amount': '0.25', 'currency_code': 'USD', 'currency_id': '1072fc76-1862-41ab-82c2-485837590762'}",,False,,,,,,False,True,False,True,0,,,,,False,,order_finalized,,
f7794fd7-6b36-4138-bcae-6029f81badf4,24fdef28-26e9-4b76-a8ba-83e2b0cf7d52,https://api.robinhood.com/orders/f7794fd7-6b36-4138-bcae-6029f81badf4/,https://api.robinhood.com/accounts/5SE25445/,fa785cc9-e75d-40e1-ad49-9dad4a009457,https://api.robinhood.com/positions/5SE25445/66de98cc-c7c1-439e-a6ee-7f7e59a4b71d/,,https://api.robinhood.com/instruments/66de98cc-c7c1-439e-a6ee-7f7e59a4b71d/,66de98cc-c7c1-439e-a6ee-7f7e59a4b71d,1.00000000,1.58000000,0.00,filled,filled,,market,buy,gfd,immediate,1.65000000,,1.00000000,,2017-06-07T19:55:51.851971Z,2017-06-07T19:55:52.148941Z,2017-06-07T19:55:52.104000Z,"[{'price': '1.58000000', 'quantity': '1.00000000', 'rounded_notional': None, 'settlement_date': '2017-06-12', 'timestamp': '2017-06-07T19:55:52.104000Z', 'id': '3c3f0dcc-dfcb-4720-8d47-d1b3269a46cd', 'ipo_access_execution_rank': None, 'trade_execution_date': None}]",False,regular_hours,False,False,,,,,,,,"{'amount': '1.65', 'currency_code': 'USD', 'currency_id': '1072fc76-1862-41ab-82c2-485837590762'}","{'amount': '1.58', 'currency_code': 'USD', 'currency_id': '1072fc76-1862-41ab-82c2-485837590762'}",,False,,,,,,False,True,False,True,0,,,,,False,,order_finalized,,
ba69d216-d28b-4b9a-9b36-a8a4954a9f27,aeae7cd1-f3f2-456e-b9b1-b6f4bd3432b5,https://api.robinhood.com/orders/ba69d216-d28b-4b9a-9b36-a8a4954a9f27/,https://api.robinhood.com/accounts/5SE25445/,fa785cc9-e75d-40e1-ad49-9dad4a009457,https://api.robinhood.com/positions/5SE25445/44b396cf-498c-46d2-af32-2b8c22c0f0a9/,,https://api.robinhood.com/instruments/44b396cf-498c-46d2-af32-2b8c22c0f0a9/,44b396cf-498c-46d2-af32-2b8c22c0f0a9,1.00000000,1.90000000,0.00,filled,filled,,market,buy,gfd,immediate,1.98000000,,1.00000000,,2017-06-07T19:55:29.793092Z,2017-06-07T19:55:30.160453Z,2017-06-07T19:55:30.104000Z,"[{'price': '1.89900000', 'quantity': '1.00000000', 'rounded_notional': None, 'settlement_date': '2017-06-12', 'timestamp': '2017-06-07T19:55:30.104000Z', 'id': '2d1b9d4b-c1cf-4fdd-b816-edf8b6c278b0', 'ipo_access_execution_rank': None, 'trade_execution_date': None}]",False,regular_hours,False,False,,,,,,,,"{'amount': '1.98', 'currency_code': 'USD', 'currency_id': '1072fc76-1862-41ab-82c2-485837590762'}","{'amount': '1.90', 'currency_code': 'USD', 'currency_id': '1072fc76-1862-41ab-82c2-485837590762'}",,False,,,,,,False,True,False,True,0,,,,,False,,order_finalized,,
33252ca6-700a-41d5-ad15-abb34ce360d3,208d9e93-2cf5-49ea-a97e-af45471af365,https://api.robinhood.com/orders/33252ca6-700a-41d5-ad15-abb34ce360d3/,https://api.robinhood.com/accounts/5SE25445/,fa785cc9-e75d-40e1-ad49-9dad4a009457,https://api.robinhood.com/positions/5SE25445/af631bf4-c00e-4dcd-847a-70f18ac48a8c/,,https://api.robinhood.com/instruments/af631bf4-c00e-4dcd-847a-70f18ac48a8c/,af631bf4-c00e-4dcd-847a-70f18ac48a8c,2.00000000,5.45000000,0.00,filled,filled,,market,buy,gfd,immediate,5.65000000,,2.00000000,,2017-06-07T19:54:48.628416Z,2017-06-07T19:54:48.946283Z,2017-06-07T19:54:48.906000Z,"[{'price': '5.45000000', 'quantity': '2.00000000', 'rounded_notional': None, 'settlement_date': '2017-06-12', 'timestamp': '2017-06-07T19:54:48.906000Z', 'id': 'f8c51bfd-2630-4b06-b1df-306bf4a4bd5e', 'ipo_access_execution_rank': None, 'trade_execution_date': None}]",False,regular_hours,False,False,,,,,,,,"{'amount': '11.30', 'currency_code': 'USD', 'currency_id': '1072fc76-1862-41ab-82c2-485837590762'}","{'amount': '10.90', 'currency_code': 'USD', 'currency_id': '1072fc76-1862-41ab-82c2-485837590762'}",,False,,,,,,False,True,False,True,0,,,,,False,,order_finalized,,
ab25be18-4156-4991-a770-cf01c7aa39b9,a35b51df-04b6-4bbd-af65-34695b4c2a5c,https://api.robinhood.com/orders/ab25be18-4156-4991-a770-cf01c7aa39b9/,https://api.robinhood.com/accounts/5SE25445/,fa785cc9-e75d-40e1-ad49-9dad4a009457,https://api.robinhood.com/positions/5SE25445/47b3ea92-713b-4f7b-bb63-8e441491950a/,,https://api.robinhood.com/instruments/47b3ea92-713b-4f7b-bb63-8e441491950a/,47b3ea92-713b-4f7b-bb63-8e441491950a,1.00000000,1.85000000,0.00,filled,filled,,market,buy,gfd,immediate,1.94000000,,1.00000000,,2017-06-07T19:53:04.731947Z,2017-06-07T19:53:05.040935Z,2017-06-07T19:53:05.004000Z,"[{'price': '1.84990000', 'quantity': '1.00000000', 'rounded_notional': None, 'settlement_date': '2017-06-12', 'timestamp': '2017-06-07T19:53:05.004000Z', 'id': 'd050d5c3-a778-487f-89c0-529204d8d78c', 'ipo_access_execution_rank': None, 'trade_execution_date': None}]",False,regular_hours,False,False,,,,,,,,"{'amount': '1.94', 'currency_code': 'USD', 'currency_id': '1072fc76-1862-41ab-82c2-485837590762'}","{'amount': '1.85', 'currency_code': 'USD', 'currency_id': '1072fc76-1862-41ab-82c2-485837590762'}",,False,,,,,,False,True,False,True,0,,,,,False,,order_finalized,,
c3757fb9-de92-4d2d-a9d8-d71a47b8678c,e88949d3-1ca3-412f-9ae6-458321eb9946,https://api.robinhood.com/orders/c3757fb9-de92-4d2d-a9d8-d71a47b8678c/,https://api.robinhood.com/accounts/5SE25445/,fa785cc9-e75d-40e1-ad49-9dad4a009457,https://api.robinhood.com/positions/5SE25445/7edab638-a576-4157-bdc7-40277ab26fe1/,,https://api.robinhood.com/instruments/7edab638-a576-4157-bdc7-40277ab26fe1/,7edab638-a576-4157-bdc7-40277ab26fe1,1.00000000,16.43000000,0.02,filled,filled,,market,sell,gfd,immediate,,,1.00000000,,2017-06-07T19:52:29.971760Z,2017-06-07T19:52:30.141828Z,2017-06-07T19:52:30.101000Z,"[{'price': '16.43000000', 'quantity': '1.00000000', 'rounded_notional': None, 'settlement_date': '2017-06-12', 'timestamp': '2017-06-07T19:52:30.101000Z', 'id': 'b8c0521f-0c2c-4424-a764-8508a542796f', 'ipo_access_execution_rank': None, 'trade_execution_date': None}]",False,regular_hours,False,False,,,,,,,,,"{'amount': '16.43', 'currency_code': 'USD', 'currency_id': '1072fc76-1862-41ab-82c2-485837590762'}",,False,,,,,,False,True,False,True,0,,,,,False,,order_finalized,,
af402c87-7da7-4d56-9d43-deb85bd5d4b5,522683a1-409b-4c08-aa45-fb0eeb3ad797,https://api.robinhood.com/orders/af402c87-7da7-4d56-9d43-deb85bd5d4b5/,https://api.robinhood.com/accounts/5SE25445/,fa785cc9-e75d-40e1-ad49-9dad4a009457,https://api.robinhood.com/positions/5SE25445/127fd679-d8eb-4a6a-ad21-5c006d545185/,,https://api.robinhood.com/instruments/127fd679-d8eb-4a6a-ad21-5c006d545185/,127fd679-d8eb-4a6a-ad21-5c006d545185,1.00000000,0.27000000,0.00,filled,filled,,market,buy,gfd,immediate,0.28230000,,1.00000000,,2017-06-07T19:39:11.669834Z,2017-06-07T19:39:11.960383Z,2017-06-07T19:39:11.904000Z,"[{'price': '0.26890000', 'quantity': '1.00000000', 'rounded_notional': None, 'settlement_date': '2017-06-12', 'timestamp': '2017-06-07T19:39:11.904000Z', 'id': '1f81192b-17b4-462d-bed5-3d87efb1e663', 'ipo_access_execution_rank': None, 'trade_execution_date': None}]",False,regular_hours,False,False,,,,,,,,"{'amount': '0.29', 'currency_code': 'USD', 'currency_id': '1072fc76-1862-41ab-82c2-485837590762'}","{'amount': '0.27', 'currency_code': 'USD', 'currency_id': '1072fc76-1862-41ab-82c2-485837590762'}",,False,,,,,,False,True,False,True,0,,,,,False,,order_finalized,,
edbd2b27-96cd-463c-97eb-8e1dd1200453,a80d9425-665d-4cb7-841d-6ec382ce388f,https://api.robinhood.com/orders/edbd2b27-96cd-463c-97eb-8e1dd1200453/,https://api.robinhood.com/accounts/5SE25445/,fa785cc9-e75d-40e1-ad49-9dad4a009457,https://api.robinhood.com/positions/5SE25445/1e513292-5926-4dc4-8c3d-4af6b5836704/,,https://api.robinhood.com/instruments/1e513292-5926-4dc4-8c3d-4af6b5836704/,1e513292-5926-4dc4-8c3d-4af6b5836704,1.00000000,19.65000000,0.00,filled,filled,,limit,buy,gfd,immediate,19.65000000,,1.00000000,,2017-06-07T19:37:16.103388Z,2017-06-07T19:37:16.336685Z,2017-06-07T19:37:16.296000Z,"[{'price': '19.64990000', 'quantity': '1.00000000', 'rounded_notional': None, 'settlement_date': '2017-06-12', 'timestamp': '2017-06-07T19:37:16.296000Z', 'id': 'f966bd06-c1f3-4ce6-9aab-a9b4ff7d5dbc', 'ipo_access_execution_rank': None, 'trade_execution_date': None}]",False,regular_hours,False,False,,,,,,,,"{'amount': '19.65', 'currency_code': 'USD', 'currency_id': '1072fc76-1862-41ab-82c2-485837590762'}","{'amount': '19.65', 'currency_code': 'USD', 'currency_id': '1072fc76-1862-41ab-82c2-485837590762'}",,False,,,,,,False,True,False,True,0,,,,,False,,order_finalized,,
edb48b04-332e-4666-af87-f7103f838dcb,4ea10205-a67f-4801-8cd3-c810161ccc5c,https://api.robinhood.com/orders/edb48b04-332e-4666-af87-f7103f838dcb/,https://api.robinhood.com/accounts/5SE25445/,fa785cc9-e75d-40e1-ad49-9dad4a009457,https://api.robinhood.com/positions/5SE25445/940fc3f5-1db5-4fed-b452-f3a2e4562b5f/,,https://api.robinhood.com/instruments/940fc3f5-1db5-4fed-b452-f3a2e4562b5f/,940fc3f5-1db5-4fed-b452-f3a2e4562b5f,0.00000000,,0.00,cancelled,cancelled,,limit,sell,gtc,immediate,13.00000000,,1.00000000,,2017-06-07T19:33:49.247590Z,2017-06-09T12:57:21.270494Z,2017-06-09T12:57:21.234000Z,[],False,regular_hours,False,False,,,,,,,,"{'amount': '13.00', 'currency_code': 'USD', 'currency_id': '1072fc76-1862-41ab-82c2-485837590762'}",,,False,,,,,,False,True,False,True,0,,,,,False,,order_finalized,,
345e78f8-e3b3-4cea-9a61-7ef090f4ef00,681cc910-297d-40e4-8c47-ba9aa29a32de,https://api.robinhood.com/orders/345e78f8-e3b3-4cea-9a61-7ef090f4ef00/,https://api.robinhood.com/accounts/5SE25445/,fa785cc9-e75d-40e1-ad49-9dad4a009457,https://api.robinhood.com/positions/5SE25445/7edab638-a576-4157-bdc7-40277ab26fe1/,,https://api.robinhood.com/instruments/7edab638-a576-4157-bdc7-40277ab26fe1/,7edab638-a576-4157-bdc7-40277ab26fe1,0.00000000,,0.00,cancelled,cancelled,,limit,sell,gtc,immediate,18.00000000,,2.00000000,,2017-06-07T19:31:40.520062Z,2017-06-07T19:47:58.559211Z,2017-06-07T19:47:58.514000Z,[],False,regular_hours,False,False,,,,,,,,"{'amount': '36.00', 'currency_code': 'USD', 'currency_id': '1072fc76-1862-41ab-82c2-485837590762'}",,,False,,,,,,False,True,False,True,0,,,,,False,,order_finalized,,
0f785d9c-d14f-4711-8070-e76beec6a253,da719bd2-1424-4f16-97df-190a7c698e29,https://api.robinhood.com/orders/0f785d9c-d14f-4711-8070-e76beec6a253/,https://api.robinhood.com/accounts/5SE25445/,fa785cc9-e75d-40e1-ad49-9dad4a009457,https://api.robinhood.com/positions/5SE25445/61279e38-1b9c-4a27-b8e5-9b8991660bb3/,,https://api.robinhood.com/instruments/61279e38-1b9c-4a27-b8e5-9b8991660bb3/,61279e38-1b9c-4a27-b8e5-9b8991660bb3,0.00000000,,0.00,cancelled,cancelled,,limit,sell,gtc,immediate,0.70000000,,4.00000000,,2017-06-07T19:30:56.164069Z,2017-06-08T19:16:36.413492Z,2017-06-08T19:16:36.362000Z,[],False,regular_hours,False,False,,,,,,,,"{'amount': '2.80', 'currency_code': 'USD', 'currency_id': '1072fc76-1862-41ab-82c2-485837590762'}",,,False,,,,,,False,True,False,True,0,,,,,False,,order_finalized,,
d1f2d56c-e559-4671-9094-b11358fa99d4,747f9d05-2ddc-4590-8077-0cbe43e60606,https://api.robinhood.com/orders/d1f2d56c-e559-4671-9094-b11358fa99d4/,https://api.robinhood.com/accounts/5SE25445/,fa785cc9-e75d-40e1-ad49-9dad4a009457,https://api.robinhood.com/positions/5SE25445/b4bec397-894b-4c7a-8f6d-ea07ccc5c844/,,https://api.robinhood.com/instruments/b4bec397-894b-4c7a-8f6d-ea07ccc5c844/,b4bec397-894b-4c7a-8f6d-ea07ccc5c844,0.00000000,,0.00,cancelled,cancelled,,limit,sell,gtc,immediate,2.20000000,,19.00000000,,2017-06-07T19:29:44.066185Z,2017-06-08T19:16:30.699998Z,2017-06-08T19:16:30.645000Z,[],False,regular_hours,False,False,,,,,,,,"{'amount': '41.80', 'currency_code': 'USD', 'currency_id': '1072fc76-1862-41ab-82c2-485837590762'}",,,False,,,,,,False,True,False,True,0,,,,,False,,order_finalized,,
88dde56f-f4a6-4858-b33c-33ba2a36c6a5,40adde43-1ea4-41bf-99eb-26f3495dc461,https://api.robinhood.com/orders/88dde56f-f4a6-4858-b33c-33ba2a36c6a5/,https://api.robinhood.com/accounts/5SE25445/,fa785cc9-e75d-40e1-ad49-9dad4a009457,https://api.robinhood.com/positions/5SE25445/127fd679-d8eb-4a6a-ad21-5c006d545185/,,https://api.robinhood.com/instruments/127fd679-d8eb-4a6a-ad21-5c006d545185/,127fd679-d8eb-4a6a-ad21-5c006d545185,2.00000000,0.26500000,0.00,filled,filled,,limit,buy,gtc,immediate,0.27000000,,2.00000000,,2017-06-07T18:51:29.433784Z,2017-06-07T18:51:29.667560Z,2017-06-07T18:51:29.604000Z,"[{'price': '0.26580000', 'quantity': '2.00000000', 'rounded_notional': None, 'settlement_date': '2017-06-12', 'timestamp': '2017-06-07T18:51:29.604000Z', 'id': '23126b10-cd88-426b-91ab-0c0fdadebef2', 'ipo_access_execution_rank': None, 'trade_execution_date': None}]",False,regular_hours,False,False,,,,,,,,"{'amount': '0.54', 'currency_code': 'USD', 'currency_id': '1072fc76-1862-41ab-82c2-485837590762'}","{'amount': '0.53', 'currency_code': 'USD', 'currency_id': '1072fc76-1862-41ab-82c2-485837590762'}",,False,,,,,,False,True,False,True,0,,,,,False,,order_finalized,,
3b885fbe-a0eb-4290-a9be-309a21b8450c,fac9d4d0-6eed-4c1c-ac39-b429262857bd,https://api.robinhood.com/orders/3b885fbe-a0eb-4290-a9be-309a21b8450c/,https://api.robinhood.com/accounts/5SE25445/,fa785cc9-e75d-40e1-ad49-9dad4a009457,https://api.robinhood.com/positions/5SE25445/9532594b-d489-4edc-9a2a-715ac09843fe/,,https://api.robinhood.com/instruments/9532594b-d489-4edc-9a2a-715ac09843fe/,9532594b-d489-4edc-9a2a-715ac09843fe,1.00000000,1.27000000,0.00,filled,filled,,market,buy,gfd,immediate,1.33000000,,1.00000000,,2017-06-07T17:16:23.776252Z,2017-06-07T17:16:24.064923Z,2017-06-07T17:16:23.997000Z,"[{'price': '1.27000000', 'quantity': '1.00000000', 'rounded_notional': None, 'settlement_date': '2017-06-12', 'timestamp': '2017-06-07T17:16:23.997000Z', 'id': '81cfa201-95d3-477b-97e0-0ceb5454cae2', 'ipo_access_execution_rank': None, 'trade_execution_date': None}]",False,regular_hours,False,False,,,,,,,,"{'amount': '1.33', 'currency_code': 'USD', 'currency_id': '1072fc76-1862-41ab-82c2-485837590762'}","{'amount': '1.27', 'currency_code': 'USD', 'currency_id': '1072fc76-1862-41ab-82c2-485837590762'}",,False,,,,,,False,True,False,True,0,,,,,False,,order_finalized,,
6a876f20-304f-4af8-92a8-46ec89ef074a,4eb0998c-f4e6-4bfb-820f-68be6a5ee20b,https://api.robinhood.com/orders/6a876f20-304f-4af8-92a8-46ec89ef074a/,https://api.robinhood.com/accounts/5SE25445/,fa785cc9-e75d-40e1-ad49-9dad4a009457,https://api.robinhood.com/positions/5SE25445/940fc3f5-1db5-4fed-b452-f3a2e4562b5f/,,https://api.robinhood.com/instruments/940fc3f5-1db5-4fed-b452-f3a2e4562b5f/,940fc3f5-1db5-4fed-b452-f3a2e4562b5f,1.00000000,12.50000000,0.00,filled,filled,,market,buy,gfd,immediate,13.11000000,,1.00000000,,2017-06-07T17:10:36.802762Z,2017-06-07T17:10:37.068447Z,2017-06-07T17:10:37.012000Z,"[{'price': '12.50000000', 'quantity': '1.00000000', 'rounded_notional': None, 'settlement_date': '2017-06-12', 'timestamp': '2017-06-07T17:10:37.012000Z', 'id': '491a37c8-902c-4a55-9ebe-a7269044fbee', 'ipo_access_execution_rank': None, 'trade_execution_date': None}]",False,regular_hours,False,False,,,,,,,,"{'amount': '13.11', 'currency_code': 'USD', 'currency_id': '1072fc76-1862-41ab-82c2-485837590762'}","{'amount': '12.50', 'currency_code': 'USD', 'currency_id': '1072fc76-1862-41ab-82c2-485837590762'}",,False,,,,,,False,True,False,True,0,,,,,False,,order_finalized,,
56842a4f-9cac-45a8-8e5c-cecc33996947,a321aafe-52c1-428a-8774-a1e67574bf6b,https://api.robinhood.com/orders/56842a4f-9cac-45a8-8e5c-cecc33996947/,https://api.robinhood.com/accounts/5SE25445/,fa785cc9-e75d-40e1-ad49-9dad4a009457,https://api.robinhood.com/positions/5SE25445/3894ee42-19d3-4909-9f67-443b63c6671a/,,https://api.robinhood.com/instruments/3894ee42-19d3-4909-9f67-443b63c6671a/,3894ee42-19d3-4909-9f67-443b63c6671a,2.00000000,6.77000000,0.02,filled,filled,,market,sell,gfd,immediate,,,2.00000000,,2017-06-07T17:09:47.314748Z,2017-06-07T17:09:47.534184Z,2017-06-07T17:09:47.495000Z,"[{'price': '6.77010000', 'quantity': '2.00000000', 'rounded_notional': None, 'settlement_date': '2017-06-12', 'timestamp': '2017-06-07T17:09:47.495000Z', 'id': 'f66fbbc8-c850-4280-950d-90d956fb1d27', 'ipo_access_execution_rank': None, 'trade_execution_date': None}]",False,regular_hours,False,False,,,,,,,,,"{'amount': '13.54', 'currency_code': 'USD', 'currency_id': '1072fc76-1862-41ab-82c2-485837590762'}",,False,,,,,,False,True,False,True,0,,,,,False,,order_finalized,,
c78bcc7a-9da1-470d-a3b7-386eabd3a5f0,1abb4a92-db9e-4dba-b697-d31535d3be78,https://api.robinhood.com/orders/c78bcc7a-9da1-470d-a3b7-386eabd3a5f0/,https://api.robinhood.com/accounts/5SE25445/,fa785cc9-e75d-40e1-ad49-9dad4a009457,https://api.robinhood.com/positions/5SE25445/3894ee42-19d3-4909-9f67-443b63c6671a/,,https://api.robinhood.com/instruments/3894ee42-19d3-4909-9f67-443b63c6671a/,3894ee42-19d3-4909-9f67-443b63c6671a,2.00000000,6.78000000,0.00,filled,filled,,market,buy,gfd,immediate,7.09000000,,2.00000000,,2017-06-07T15:40:50.328814Z,2017-06-07T15:40:50.534534Z,2017-06-07T15:40:50.504000Z,"[{'price': '6.77990000', 'quantity': '2.00000000', 'rounded_notional': None, 'settlement_date': '2017-06-12', 'timestamp': '2017-06-07T15:40:50.504000Z', 'id': 'babbfd0f-cc2b-4cb0-9a7d-b46d30c85bbc', 'ipo_access_execution_rank': None, 'trade_execution_date': None}]",False,regular_hours,False,False,,,,,,,,"{'amount': '14.18', 'currency_code': 'USD', 'currency_id': '1072fc76-1862-41ab-82c2-485837590762'}","{'amount': '13.56', 'currency_code': 'USD', 'currency_id': '1072fc76-1862-41ab-82c2-485837590762'}",,False,,,,,,False,True,False,True,0,,,,,False,,order_finalized,,
756944d5-45c9-46fb-abbb-18c2186cfc7f,61243081-1e02-45bd-9ea1-b9a94f26e3c4,https://api.robinhood.com/orders/756944d5-45c9-46fb-abbb-18c2186cfc7f/,https://api.robinhood.com/accounts/5SE25445/,fa785cc9-e75d-40e1-ad49-9dad4a009457,https://api.robinhood.com/positions/5SE25445/7edab638-a576-4157-bdc7-40277ab26fe1/,,https://api.robinhood.com/instruments/7edab638-a576-4157-bdc7-40277ab26fe1/,7edab638-a576-4157-bdc7-40277ab26fe1,2.00000000,17.03000000,0.00,filled,filled,,market,buy,gfd,immediate,17.82000000,,2.00000000,,2017-06-07T15:34:46.143129Z,2017-06-07T15:34:46.351232Z,2017-06-07T15:34:46.306000Z,"[{'price': '17.03000000', 'quantity': '2.00000000', 'rounded_notional': None, 'settlement_date': '2017-06-12', 'timestamp': '2017-06-07T15:34:46.306000Z', 'id': 'e0268d78-662b-4968-acf7-5c4e91e1f841', 'ipo_access_execution_rank': None, 'trade_execution_date': None}]",False,regular_hours,False,False,,,,,,,,"{'amount': '35.64', 'currency_code': 'USD', 'currency_id': '1072fc76-1862-41ab-82c2-485837590762'}","{'amount': '34.06', 'currency_code': 'USD', 'currency_id': '1072fc76-1862-41ab-82c2-485837590762'}",,False,,,,,,False,True,False,True,0,,,,,False,,order_finalized,,
1aff4ba4-1c2a-4740-9d28-809ec043de73,a3f7c396-a48c-4223-b462-95c22c1074e8,https://api.robinhood.com/orders/1aff4ba4-1c2a-4740-9d28-809ec043de73/,https://api.robinhood.com/accounts/5SE25445/,fa785cc9-e75d-40e1-ad49-9dad4a009457,https://api.robinhood.com/positions/5SE25445/24df2612-d7be-4c79-a0db-147934c0d042/,,https://api.robinhood.com/instruments/24df2612-d7be-4c79-a0db-147934c0d042/,24df2612-d7be-4c79-a0db-147934c0d042,5.00000000,9.59800000,0.08,filled,filled,,market,sell,gfd,immediate,,,5.00000000,,2017-06-07T15:04:07.663468Z,2017-06-07T15:04:07.888581Z,2017-06-07T15:04:07.809000Z,"[{'price': '9.59500000', 'quantity': '2.00000000', 'rounded_notional': None, 'settlement_date': '2017-06-12', 'timestamp': '2017-06-07T15:04:07.809000Z', 'id': '595ba80a-68c5-4c5d-8f83-a0fcaee5ca0b', 'ipo_access_execution_rank': None, 'trade_execution_date': None}, {'price': '9.59500000', 'quantity': '1.00000000', 'rounded_notional': None, 'settlement_date': '2017-06-12', 'timestamp': '2017-06-07T15:04:07.809000Z', 'id': '90a1562e-e2e8-4508-ba76-336294203a53', 'ipo_access_execution_rank': None, 'trade_execution_date': None}, {'price': '9.59500000', 'quantity': '1.00000000', 'rounded_notional': None, 'settlement_date': '2017-06-12', 'timestamp': '2017-06-07T15:04:07.809000Z', 'id': '1078c745-5eaf-47f5-881a-22504f3a838d', 'ipo_access_execution_rank': None, 'trade_execution_date': None}, {'price': '9.59500000', 'quantity': '1.00000000', 'rounded_notional': None, 'settlement_date': '2017-06-12', 'timestamp': '2017-06-07T15:04:07.809000Z', 'id': 'e491fbe6-026f-4d5a-bdc7-aa4e6322457c', 'ipo_access_execution_rank': None, 'trade_execution_date': None}]",False,regular_hours,False,False,,,,,,,,,"{'amount': '47.99', 'currency_code': 'USD', 'currency_id': '1072fc76-1862-41ab-82c2-485837590762'}",,False,,,,,,False,True,False,True,0,,,,,False,,order_finalized,,
df9077b8-ebc5-4cce-9800-af0aa4a77a9a,5e5d0b8f-9126-476d-a91d-df8cb15deee6,https://api.robinhood.com/orders/df9077b8-ebc5-4cce-9800-af0aa4a77a9a/,https://api.robinhood.com/accounts/5SE25445/,fa785cc9-e75d-40e1-ad49-9dad4a009457,https://api.robinhood.com/positions/5SE25445/61279e38-1b9c-4a27-b8e5-9b8991660bb3/,,https://api.robinhood.com/instruments/61279e38-1b9c-4a27-b8e5-9b8991660bb3/,61279e38-1b9c-4a27-b8e5-9b8991660bb3,4.00000000,0.68000000,0.00,filled,filled,,market,buy,gfd,immediate,0.71400000,,4.00000000,,2017-06-05T15:34:22.105130Z,2017-06-05T15:34:22.328737Z,2017-06-05T15:34:22.285000Z,"[{'price': '0.68000000', 'quantity': '4.00000000', 'rounded_notional': None, 'settlement_date': '2017-06-08', 'timestamp': '2017-06-05T15:34:22.285000Z', 'id': '9394e9a6-6fbd-43e0-989a-64860699ecfd', 'ipo_access_execution_rank': None, 'trade_execution_date': None}]",False,regular_hours,False,False,,,,,,,,"{'amount': '2.86', 'currency_code': 'USD', 'currency_id': '1072fc76-1862-41ab-82c2-485837590762'}","{'amount': '2.72', 'currency_code': 'USD', 'currency_id': '1072fc76-1862-41ab-82c2-485837590762'}",,False,,,,,,False,True,False,True,0,,,,,False,,order_finalized,,
46b810db-c961-4688-8d5d-ad95e41f1655,f0e2037a-5f23-4e9a-a499-936b43d16090,https://api.robinhood.com/orders/46b810db-c961-4688-8d5d-ad95e41f1655/,https://api.robinhood.com/accounts/5SE25445/,fa785cc9-e75d-40e1-ad49-9dad4a009457,https://api.robinhood.com/positions/5SE25445/b4bec397-894b-4c7a-8f6d-ea07ccc5c844/,,https://api.robinhood.com/instruments/b4bec397-894b-4c7a-8f6d-ea07ccc5c844/,b4bec397-894b-4c7a-8f6d-ea07ccc5c844,19.00000000,2.02000000,0.00,filled,filled,,market,buy,gfd,immediate,2.11000000,,19.00000000,,2017-06-05T15:14:14.806014Z,2017-06-05T15:14:15.036527Z,2017-06-05T15:14:14.985000Z,"[{'price': '2.02000000', 'quantity': '19.00000000', 'rounded_notional': None, 'settlement_date': '2017-06-08', 'timestamp': '2017-06-05T15:14:14.985000Z', 'id': 'a54e3d8e-f061-4280-9846-840fe7961644', 'ipo_access_execution_rank': None, 'trade_execution_date': None}]",False,regular_hours,False,False,,,,,,,,"{'amount': '40.09', 'currency_code': 'USD', 'currency_id': '1072fc76-1862-41ab-82c2-485837590762'}","{'amount': '38.38', 'currency_code': 'USD', 'currency_id': '1072fc76-1862-41ab-82c2-485837590762'}",,False,,,,,,False,True,False,True,0,,,,,False,,order_finalized,,
2f68e4dd-2f9a-4456-b053-a5315b12d68b,3fa69eae-c9f9-4e26-9a37-567f5b2e59f5,https://api.robinhood.com/orders/2f68e4dd-2f9a-4456-b053-a5315b12d68b/,https://api.robinhood.com/accounts/5SE25445/,fa785cc9-e75d-40e1-ad49-9dad4a009457,https://api.robinhood.com/positions/5SE25445/24df2612-d7be-4c79-a0db-147934c0d042/,,https://api.robinhood.com/instruments/24df2612-d7be-4c79-a0db-147934c0d042/,24df2612-d7be-4c79-a0db-147934c0d042,5.00000000,9.68000000,0.00,filled,filled,,market,buy,gfd,immediate,10.15000000,,5.00000000,,2017-06-05T15:11:54.534866Z,2017-06-05T15:11:54.800966Z,2017-06-05T15:11:54.769000Z,"[{'price': '9.68000000', 'quantity': '5.00000000', 'rounded_notional': None, 'settlement_date': '2017-06-08', 'timestamp': '2017-06-05T15:11:54.769000Z', 'id': '84d431dd-ffc5-4dd5-b101-17c333b50f59', 'ipo_access_execution_rank': None, 'trade_execution_date': None}]",False,regular_hours,False,False,,,,,,,,"{'amount': '50.75', 'currency_code': 'USD', 'currency_id': '1072fc76-1862-41ab-82c2-485837590762'}","{'amount': '48.40', 'currency_code': 'USD', 'currency_id': '1072fc76-1862-41ab-82c2-485837590762'}",,False,,,,,,False,True,False,True,0,,,,,False,,order_finalized,,
